50
9 7 8 6 438 469 7
8 7 9 8 208 285 9
13 11 9 15 339 425 4
9 5 9 6 47 120 5
9 6 5 15 71 154 1
11 11 6 9 42 133 5
15 10 12 5 15 89 7
6 6 12 14 441 495 2
15 14 10 12 114 195 3
13 14 15 12 135 264 9
11 8 6 10 389 472 9
6 12 14 6 191 234 7
11 10 12 14 213 310 10
9 6 15 8 260 328 3
7 15 13 5 213 309 10
12 6 11 12 93 188 4
9 8 11 11 455 506 6
13 7 15 7 301 394 7
11 12 15 8 383 495 8
14 6 7 10 83 132 3
6 13 6 10 384 420 1
10 15 13 15 310 427 5
8 6 9 13 361 440 9
11 14 6 11 24 114 7
11 10 15 11 59 154 2
9 7 8 8 260 343 9
6 15 15 15 109 187 10
7 6 12 5 44 87 5
10 8 14 12 171 236 4
9 13 9 11 158 254 5
11 10 15 9 275 331 1
10 5 12 13 455 555 7
14 12 14 6 421 503 8
10 10 15 14 349 414 9
15 10 5 14 422 500 9
6 5 10 6 311 344 2
11 7 13 6 172 247 5
12 13 5 13 138 221 3
15 11 10 10 274 347 6
14 14 8 8 24 77 5
5 14 5 14 115 168 2
14 14 14 9 430 484 10
13 9 15 12 263 345 5
5 14 8 12 341 419 2
7 8 14 7 161 201 4
14 8 14 13 423 490 6
8 12 7 8 383 459 1
11 10 8 13 47 121 4
9 11 13 7 141 187 2
13 5 9 9 155 201 6
