50
28 44 47 37 338 566 402
49 27 33 48 122 398 250
43 32 33 19 450 648 379
19 49 22 38 34 207 67
43 36 38 45 477 760 310
46 46 31 33 169 459 356
40 15 27 14 72 234 347
19 46 20 24 211 452 127
43 20 38 31 297 520 121
15 19 43 47 216 464 431
13 48 22 44 474 680 119
12 23 28 18 159 350 399
49 37 40 18 392 512 499
32 18 16 22 481 763 91
32 13 46 25 20 171 352
43 30 12 34 22 143 492
25 33 22 26 183 429 122
39 10 32 24 67 308 412
33 19 39 23 115 371 377
38 18 47 44 294 548 139
33 30 19 32 458 758 221
35 17 14 34 309 511 146
35 20 20 18 452 555 230
26 25 12 16 490 612 71
41 27 46 20 150 388 142
19 42 26 24 418 524 350
49 46 37 11 391 563 475
21 22 29 50 467 632 383
26 50 35 26 187 323 373
27 15 28 46 441 601 217
40 25 48 14 106 258 442
29 22 29 12 34 325 165
24 12 41 39 11 298 416
42 29 47 46 350 555 201
38 36 13 49 151 372 407
36 16 41 41 254 455 379
34 25 42 25 62 268 340
26 18 38 36 220 464 290
42 48 39 36 359 650 390
15 40 18 21 227 495 268
29 45 12 15 165 362 284
48 30 17 41 67 350 459
28 24 25 12 426 608 351
38 43 10 33 399 543 98
32 32 11 16 404 699 295
47 13 29 16 85 326 497
16 18 13 46 107 390 388
21 43 21 47 1 205 213
38 25 15 19 444 691 183
22 10 26 25 357 625 446
