250
33 17 71 39 9902 10224 384
15 75 25 84 5873 6241 209
86 91 29 29 659 900 321
69 70 15 75 87 372 238
30 26 46 98 1685 1915 375
17 43 10 35 5798 5942 358
68 40 52 16 7066 7700 346
58 64 48 13 9075 9567 185
83 33 49 86 5942 6342 214
43 48 76 62 3275 3635 291
89 81 16 51 1228 1475 398
48 87 52 93 4236 4977 245
85 17 80 16 4757 4959 261
71 50 74 18 594 1151 183
12 63 26 65 8352 8667 368
36 92 28 22 791 1354 333
36 46 10 94 1026 1294 176
49 20 60 44 9657 9929 204
64 53 14 36 3270 3477 371
63 85 95 48 1624 2592 356
100 62 60 83 581 919 164
10 48 51 51 4707 4867 340
98 66 46 57 2282 2974 296
10 82 52 96 5850 6590 355
82 31 99 79 6107 6538 156
89 63 51 63 4084 5031 272
47 41 47 76 632 885 220
93 99 20 91 6878 7749 280
24 72 15 71 440 817 386
94 41 40 56 1543 2118 359
50 57 28 75 2817 3169 364
58 58 21 68 1331 1547 154
71 79 42 67 6117 6583 334
46 87 24 37 869 1081 157
51 58 92 41 6759 7484 294
74 54 41 72 1446 1892 260
72 74 68 36 1721 2078 374
58 33 67 55 2678 3172 250
61 52 75 34 1546 2019 344
74 34 76 20 658 1031 211
21 16 40 26 4861 5225 308
67 29 85 21 280 867 314
20 73 61 46 5040 5593 308
81 47 48 39 1340 1596 247
75 55 17 31 1926 2474 380
96 69 89 63 605 1442 156
11 55 21 57 1508 1723 301
45 81 45 27 8324 8619 209
61 67 65 50 1142 1582 335
42 16 69 37 291 881 202
41 93 68 36 15 378 225
94 63 52 42 572 929 353
78 60 11 73 1935 2183 163
51 80 99 53 1797 2211 241
49 68 68 32 5499 6180 176
24 90 20 84 10288 10572 378
57 16 17 17 954 1309 334
56 16 100 59 1934 2461 305
32 34 86 58 128 353 359
16 77 34 18 2525 2726 375
81 14 54 20 2445 2989 185
95 94 100 48 804 1481 265
18 63 83 39 8290 8511 261
70 21 46 93 1096 1530 237
67 86 37 82 76 418 217
94 93 94 43 4400 4863 332
91 58 18 62 223 502 374
38 50 23 82 8380 8693 304
47 41 66 37 139 407 332
78 41 95 19 3903 4560 265
62 27 47 55 5724 6307 359
53 11 98 64 9456 9721 203
54 15 39 69 4725 5001 258
52 69 70 100 10794 11094 203
37 84 30 15 1100 1406 373
92 51 77 86 1228 1864 399
18 17 13 70 8276 8428 228
78 26 17 64 3351 3714 275
71 10 92 79 3197 3541 166
95 37 12 68 933 1167 193
50 95 24 35 1876 2432 356
40 27 60 38 3683 3876 262
61 50 19 70 6040 6661 370
34 77 59 48 8397 9099 270
94 88 59 65 6103 6902 219
35 64 95 25 287 866 344
36 27 73 71 4368 4584 373
37 70 70 44 5197 5479 232
77 61 22 17 1735 1956 238
86 97 62 99 2603 3077 251
89 47 82 75 197 875 304
64 15 12 10 2846 3046 369
87 46 80 35 1817 2569 327
33 76 68 74 591 1004 303
67 77 10 40 3350 3743 230
54 23 26 31 7761 7988 346
36 19 83 94 1341 2083 293
12 80 25 30 743 1225 183
53 91 68 79 84 464 249
45 77 47 25 159 629 257
54 73 97 94 4327 4739 304
38 36 70 97 6515 6992 346
97 69 54 39 5247 5852 191
34 32 79 87 2942 3582 270
21 58 18 79 5010 5357 271
29 21 31 84 3816 4329 169
57 59 68 37 263 595 246
77 47 45 36 6268 6588 346
66 46 20 97 149 575 388
32 85 38 71 3093 3333 373
42 64 87 75 6010 6416 297
23 47 11 33 254 587 396
11 64 50 75 5606 6039 195
60 10 50 47 2775 3252 335
71 63 30 16 550 747 341
20 46 90 84 4154 4692 272
100 83 27 67 3921 4431 194
62 59 44 92 21 560 228
89 53 61 37 4916 5187 233
33 43 20 17 431 623 163
79 48 82 97 3336 3869 179
19 13 37 39 3919 4297 267
53 38 17 92 1947 2218 343
29 10 63 62 1515 1680 238
10 60 66 86 3235 3830 170
17 98 10 68 9412 10070 163
29 46 56 24 3084 3523 385
59 55 37 84 2230 2509 155
96 59 50 27 3872 4131 296
82 50 21 88 318 1075 153
83 90 28 10 4091 4316 251
26 20 75 36 148 641 162
24 71 56 32 3518 3722 236
13 21 43 34 72 184 150
82 30 39 77 500 1097 396
92 31 52 98 975 1583 366
96 93 71 76 7129 7939 258
80 92 38 21 26 524 393
15 64 76 97 122 377 151
62 77 83 80 1261 1694 306
35 72 50 26 465 842 322
47 80 91 54 6723 7252 340
49 91 44 71 7605 8130 219
17 44 64 63 4450 4806 320
54 80 88 47 4916 5197 321
25 30 33 26 8271 8474 196
63 13 79 18 2929 3375 325
34 39 91 99 2861 3373 174
51 76 21 48 11291 11652 364
23 72 19 33 1829 2067 180
38 21 91 13 5144 5532 205
64 20 99 14 4652 5474 298
86 59 66 80 1087 1529 156
38 62 52 69 1065 1303 270
56 58 85 35 457 720 297
53 90 82 37 1957 2327 233
69 18 82 16 992 1607 216
23 21 51 46 10869 11091 159
14 90 35 30 2030 2227 322
41 56 50 44 5330 5602 361
11 55 65 81 3080 3366 320
76 99 58 97 3240 3947 301
73 31 27 78 18 619 212
15 98 11 36 3193 3474 242
73 72 26 46 5 326 371
79 86 53 85 4852 5642 268
13 42 32 79 3281 3482 230
30 61 81 76 3817 4378 214
43 72 53 15 6025 6389 257
94 84 93 13 6597 7112 316
56 79 82 47 9980 10332 210
50 76 63 56 1103 1503 395
77 93 52 28 390 647 287
61 52 14 70 10862 11085 314
68 80 43 41 642 1002 151
78 67 19 36 1163 1378 252
40 44 13 70 2093 2299 340
82 96 11 69 5688 6099 169
78 18 39 37 4907 5334 217
56 61 38 79 5617 6026 289
85 93 51 70 6474 6828 165
44 48 38 68 2550 3233 297
44 95 41 23 6410 6924 247
68 79 60 25 11417 11750 238
19 85 65 94 2486 2795 281
15 10 81 65 1697 2441 328
21 76 29 12 4319 4985 262
24 13 48 69 105 335 320
91 44 19 17 3855 4147 351
28 88 76 82 11315 11917 392
60 91 11 60 6160 6383 260
26 55 71 17 576 1236 260
74 41 12 21 4642 4817 400
16 43 79 36 1898 2226 339
73 97 40 25 3760 4213 204
78 14 48 43 2760 3361 203
40 90 90 57 6130 6408 152
52 55 79 80 459 934 341
17 79 64 20 6423 6738 379
36 88 32 17 572 1238 205
94 77 83 73 359 723 281
43 81 62 42 1542 1818 354
55 21 82 38 9167 9593 219
62 31 58 87 7779 8203 312
12 92 80 58 2113 2745 196
97 72 75 58 2087 2745 223
56 36 18 30 2219 2395 329
100 67 54 43 1086 1358 246
23 39 64 60 1414 1891 344
26 70 35 58 570 782 254
79 46 43 33 8450 8910 248
11 23 72 51 2164 2893 199
92 100 60 42 1228 2145 332
97 29 40 59 100 433 316
25 51 97 55 3806 4352 251
30 57 71 30 4346 4595 252
49 37 78 23 1721 2169 168
15 88 52 30 1906 2180 378
24 55 12 46 9455 9767 291
70 89 60 65 255 1051 259
45 73 95 63 580 1454 261
94 38 84 45 1991 2356 211
83 52 61 95 3158 3517 347
53 75 49 22 1542 2021 156
49 98 43 30 4849 5071 300
65 60 98 62 1619 2073 302
65 56 80 69 5785 6621 289
17 34 61 66 481 672 222
29 38 82 79 3555 3797 280
12 41 62 40 1015 1265 177
98 77 65 30 5085 5662 170
52 92 73 28 813 1124 334
96 35 63 14 4018 4550 288
78 15 10 89 3660 4187 400
76 63 79 47 2855 3426 244
66 15 98 10 3086 3299 161
26 54 69 11 6809 7194 312
95 67 45 35 785 1229 399
38 96 30 32 4722 5192 255
46 34 100 20 1720 1987 359
89 11 72 21 4033 4617 244
26 14 31 41 979 1349 265
73 29 23 28 1230 1417 161
92 66 37 33 3004 3560 353
60 38 90 26 2362 2601 167
17 49 98 40 2127 2525 380
71 13 56 26 362 596 302
29 41 47 39 3480 3674 166
49 30 78 58 7383 7711 219
64 89 33 38 149 696 275
