250
11 11 2 4 24 49 615
7 4 4 15 6 32 641
6 11 13 9 10 17 664
3 11 11 15 11 83 102
6 7 15 7 7 57 410
2 10 2 7 55 85 761
5 6 11 3 55 96 553
5 1 10 1 1 13 181
6 12 5 3 54 83 964
15 10 9 14 23 42 367
10 2 2 5 14 29 422
14 15 1 7 1 29 457
1 1 13 12 8 41 870
12 10 2 8 45 57 283
15 11 1 7 42 70 841
8 13 13 11 17 23 902
13 12 11 10 28 43 731
11 1 9 10 42 82 740
15 5 11 6 21 36 715
1 14 11 9 22 32 856
7 7 15 7 70 91 457
11 5 4 8 19 50 677
7 15 7 9 48 59 273
14 5 3 2 12 32 341
3 8 2 1 1 97 752
12 11 8 8 49 95 615
10 12 1 7 32 57 468
4 1 5 13 75 88 80
6 4 9 6 7 21 604
9 12 4 1 48 71 827
1 12 13 2 57 60 893
14 1 1 14 2 90 231
14 2 15 13 84 89 961
7 7 12 10 33 35 574
13 9 10 14 37 74 62
8 7 8 4 27 84 562
8 6 11 12 28 85 140
10 5 13 7 68 87 705
2 2 1 7 10 58 34
10 1 6 14 9 57 519
14 11 15 7 63 100 507
8 1 6 15 18 27 659
11 5 9 7 8 13 429
6 5 10 15 7 71 883
7 1 13 1 58 66 923
6 14 9 4 8 23 342
14 7 6 13 14 33 280
8 15 9 6 75 95 533
10 9 3 1 13 15 316
10 4 1 1 11 51 991
1 2 10 4 12 14 490
3 15 14 10 12 16 997
7 13 8 2 26 54 323
8 2 1 5 23 44 61
8 1 7 13 22 65 165
15 15 12 1 15 43 982
14 5 15 3 39 63 307
13 9 10 15 14 19 433
14 12 10 11 31 41 172
10 8 13 14 67 88 496
6 6 13 12 37 56 497
10 3 1 2 7 41 617
11 8 1 12 30 47 180
9 3 12 13 8 48 586
12 12 2 15 0 68 102
3 6 8 10 13 93 356
12 10 10 4 70 97 254
14 13 10 10 78 89 231
12 3 14 1 8 50 232
2 5 6 8 77 82 68
10 15 7 4 71 98 323
15 5 2 10 25 93 566
12 6 14 8 25 50 678
12 10 9 7 31 74 895
5 6 5 14 16 79 195
10 6 4 8 33 36 434
4 4 1 4 37 84 424
13 5 11 8 21 34 134
13 10 2 13 11 17 99
3 11 6 4 30 45 773
3 15 15 3 0 22 29
9 3 11 14 48 61 787
1 2 3 5 13 51 260
2 4 15 7 46 48 293
1 9 9 8 29 70 84
10 12 3 1 15 18 402
2 8 13 5 15 68 222
11 3 10 12 7 49 763
5 5 5 4 8 53 99
3 10 13 12 65 84 510
10 12 9 7 28 92 759
12 13 4 6 50 68 862
8 10 3 15 1 27 884
15 15 5 4 45 49 991
10 14 11 1 14 45 281
1 12 10 2 2 78 776
1 8 14 15 50 79 725
6 4 12 11 12 87 133
8 3 11 14 45 57 365
15 7 12 12 41 76 680
5 13 2 7 7 66 414
4 2 3 2 32 59 75
2 1 13 13 47 47 886
6 8 5 13 93 100 878
14 13 15 2 12 20 455
2 15 15 7 2 22 118
5 4 1 3 18 68 377
7 6 1 1 85 99 548
15 1 8 9 14 25 201
4 3 5 11 66 100 478
7 7 5 3 10 15 392
5 5 2 7 58 79 830
12 7 8 13 32 57 383
9 12 14 2 17 48 995
7 6 8 6 44 55 367
4 8 15 11 14 40 184
1 4 9 8 25 81 257
3 10 3 4 48 81 808
12 12 9 2 21 24 283
12 2 10 7 21 76 189
4 9 6 15 60 66 644
10 7 1 1 6 69 525
14 12 1 8 9 85 519
5 10 6 6 8 14 91
3 9 13 3 6 98 859
14 7 12 4 6 96 923
9 3 14 5 57 77 962
12 14 6 8 8 60 598
3 1 5 15 1 62 395
8 8 12 7 5 20 831
9 8 10 3 15 60 226
6 5 10 1 20 83 956
15 11 6 15 3 32 773
15 2 6 11 15 51 187
10 9 13 2 34 37 343
1 3 7 4 27 43 715
13 12 7 11 45 68 667
12 9 9 2 40 61 999
4 6 12 2 10 19 40
12 11 7 6 47 55 337
14 11 15 9 31 55 612
10 13 6 5 29 91 168
13 3 2 13 7 46 636
10 14 8 7 43 60 316
12 4 14 2 10 12 251
7 4 5 9 2 20 856
3 15 3 7 60 61 545
14 4 6 8 21 36 869
15 15 11 5 33 90 946
6 1 11 12 48 89 948
1 8 10 14 9 14 357
1 2 7 5 15 34 482
8 10 3 6 11 40 318
11 14 6 11 25 85 711
10 4 9 4 60 85 626
3 7 3 12 6 21 710
4 1 3 8 42 79 150
14 13 3 13 48 60 251
7 3 13 12 46 76 696
5 2 15 14 19 19 136
13 5 13 4 60 80 869
3 11 13 9 62 88 819
5 5 10 4 0 48 431
10 8 2 15 31 68 378
8 12 5 1 65 95 575
14 15 2 6 34 71 950
7 9 9 7 10 12 715
8 5 10 1 10 18 850
11 2 12 15 25 57 866
13 6 14 10 34 36 619
4 5 8 3 12 66 351
12 5 5 4 92 95 316
1 12 5 9 4 32 361
2 1 12 2 21 42 733
15 4 15 10 12 79 893
8 5 5 9 38 75 837
3 5 10 6 21 59 205
4 6 8 2 5 17 252
10 9 11 6 3 41 321
10 3 1 1 24 33 400
10 12 14 11 12 73 207
8 3 8 10 27 55 235
1 2 3 11 2 37 582
3 12 2 12 20 37 588
2 10 15 2 33 46 890
9 7 1 3 38 94 916
12 6 15 15 43 89 935
11 14 15 7 35 65 281
14 14 11 7 2 15 558
12 8 7 1 12 28 638
10 11 10 10 24 45 612
5 2 5 3 10 38 523
1 2 12 15 75 83 826
9 14 14 10 94 100 261
12 15 11 9 52 62 912
10 15 7 6 3 10 948
2 7 5 5 29 68 655
12 7 5 11 18 56 69
15 14 7 2 5 24 906
4 11 5 8 20 25 508
9 8 4 13 40 40 126
9 4 11 7 31 68 52
11 13 12 4 0 58 756
6 2 1 11 66 68 189
14 14 2 9 62 70 643
8 14 1 6 76 92 653
11 10 3 5 9 32 349
15 15 14 13 23 99 253
4 6 10 6 85 96 195
4 1 5 2 19 34 31
8 15 10 7 19 23 325
13 13 2 5 11 48 193
8 2 15 8 15 22 893
5 11 10 14 1 18 567
11 2 6 5 3 14 63
14 2 15 12 9 41 941
2 4 4 3 27 92 217
6 4 10 13 15 26 998
6 12 4 2 45 76 266
4 5 14 15 2 16 519
13 12 12 12 7 50 772
9 11 1 8 1 100 589
13 9 10 6 10 15 109
11 13 10 12 43 54 424
1 3 15 2 6 12 900
13 5 6 11 11 52 258
11 15 3 8 33 37 409
11 4 11 7 18 57 233
5 13 4 3 62 77 550
11 5 10 9 8 39 846
10 13 1 8 25 25 575
10 2 7 1 39 63 520
10 15 7 7 16 53 862
14 1 1 8 46 62 568
4 13 9 1 7 11 680
6 2 7 12 63 98 205
1 2 10 13 42 77 451
4 15 7 5 18 42 641
15 9 1 8 59 74 70
10 2 11 1 22 42 766
11 5 6 13 14 87 994
15 13 13 10 57 74 531
4 12 14 5 96 100 442
13 3 1 13 59 86 313
4 9 12 12 9 12 253
2 8 4 10 31 71 724
12 15 5 8 9 20 10
2 2 12 9 1 25 362
2 11 11 2 22 89 56
3 14 14 5 26 30 830