350
9 9 12 15 40 52 690
5 7 11 13 7 91 88
7 14 5 9 13 77 830
2 3 5 13 2 96 825
5 7 8 3 53 71 921
8 5 6 2 25 35 821
14 10 12 6 1 62 656
4 14 6 2 4 36 610
14 9 10 7 1 78 604
15 6 8 12 21 43 112
12 4 10 5 3 26 299
7 4 13 14 82 87 762
14 7 6 10 86 90 97
14 5 2 6 20 99 707
15 2 7 7 42 79 57
10 2 13 5 97 98 608
7 7 12 12 1 18 491
3 11 5 2 25 52 813
1 4 2 1 23 47 328
5 11 8 7 9 38 950
1 13 13 14 33 100 333
10 5 5 14 20 81 845
12 7 15 7 2 97 53
12 10 3 5 44 67 564
7 11 6 5 52 78 933
7 3 6 13 12 15 795
2 14 9 14 0 17 289
12 12 1 12 56 58 674
14 14 3 15 15 23 911
13 10 6 5 82 96 393
12 6 9 3 4 13 989
1 3 4 1 9 12 315
3 4 13 1 11 15 691
13 15 12 4 6 41 705
3 4 5 2 25 53 592
11 4 9 2 25 85 700
9 6 8 4 17 50 906
9 11 9 12 26 63 88
5 9 9 9 30 82 476
3 14 13 1 45 47 971
13 2 9 4 32 49 151
13 6 10 12 30 61 444
11 3 13 15 38 54 251
8 1 6 2 4 31 972
6 4 1 14 25 36 822
14 15 6 9 7 10 885
11 2 5 10 49 53 703
8 6 8 10 2 63 962
15 10 9 11 7 79 919
14 2 6 7 14 33 937
1 10 5 11 65 85 100
9 10 7 11 3 56 245
15 1 3 13 5 11 330
11 15 15 13 35 39 852
8 10 13 1 95 100 912
15 7 12 9 37 41 684
5 3 12 9 9 22 367
13 11 13 12 12 29 687
10 2 10 13 15 36 760
12 15 15 14 52 88 175
6 10 7 12 21 43 120
3 12 3 15 2 27 640
15 6 6 4 66 97 361
7 10 10 9 63 96 550
6 5 9 13 75 76 77
11 11 7 10 8 13 384
4 11 8 10 13 18 952
15 5 10 1 7 69 794
10 15 14 12 60 95 644
12 15 9 3 12 87 552
8 9 8 6 29 92 885
7 6 10 2 43 68 739
4 4 5 1 13 48 508
9 8 12 9 39 47 87
8 4 3 5 21 23 141
10 14 8 8 14 30 189
2 14 13 14 21 97 709
12 14 10 4 90 92 455
10 4 5 5 34 64 955
7 5 3 7 46 83 91
2 7 5 11 17 22 294
10 8 13 5 1 52 110
12 14 9 10 50 61 182
7 1 8 9 9 55 378
11 1 6 8 45 57 770
7 10 12 2 10 52 698
9 14 5 3 14 40 516
8 4 15 3 14 25 682
6 3 1 7 20 76 871
11 4 7 1 92 97 608
14 7 1 15 2 58 914
9 4 11 5 53 72 30
5 12 13 12 24 97 443
9 8 5 12 37 37 952
15 4 4 12 47 71 643
13 6 2 11 8 43 698
3 6 8 5 9 21 415
6 3 13 9 5 23 12
8 12 4 8 29 70 451
7 15 10 12 32 50 493
8 1 12 12 4 19 975
14 14 11 4 80 85 104
3 8 11 4 0 58 735
8 15 1 14 53 90 398
8 14 6 12 0 24 823
3 6 11 6 3 38 695
5 15 5 1 19 45 551
3 1 10 12 0 25 996
13 5 5 5 21 38 683
12 12 2 11 0 37 923
11 7 7 5 29 71 106
3 8 8 14 14 85 571
13 9 6 9 9 31 688
4 1 13 13 20 70 368
3 13 7 13 12 62 811
12 11 5 8 3 40 967
11 10 4 14 98 99 248
14 11 8 1 23 86 889
6 11 2 5 20 23 103
8 8 4 10 20 64 400
2 14 14 4 9 12 277
2 11 13 4 10 34 986
15 13 15 15 56 58 391
8 9 13 9 69 96 322
9 6 9 1 12 70 909
15 12 8 7 13 93 566
6 7 12 13 13 50 948
14 14 6 5 39 94 95
11 2 14 7 6 10 887
5 7 7 14 37 82 252
1 1 11 1 11 14 258
4 5 2 15 3 15 757
10 1 13 14 97 99 677
3 14 9 2 6 18 86
13 8 4 14 16 42 14
3 13 12 7 3 20 709
14 9 10 11 64 78 912
15 9 12 12 45 75 93
2 8 7 6 76 76 694
5 14 5 6 56 77 26
8 1 14 9 13 60 896
7 5 10 1 12 17 49
4 14 14 7 52 100 521
2 6 15 11 55 88 668
12 9 6 10 14 64 991
2 8 1 15 27 48 745
1 7 5 5 62 66 124
7 5 2 14 63 84 516
8 2 9 11 9 35 997
12 12 7 5 36 94 970
4 13 11 13 3 73 623
2 5 11 15 15 19 382
14 5 4 14 18 22 444
10 12 6 10 63 79 688
1 14 13 2 29 65 203
5 1 10 3 68 98 864
10 6 4 13 28 75 969
5 2 10 13 34 38 688
14 7 5 8 27 77 750
5 1 9 12 35 67 152
15 4 5 10 61 68 408
8 6 8 3 6 21 207
15 15 7 6 23 54 75
12 8 2 4 5 43 789
4 1 2 9 14 41 792
1 12 15 6 66 75 717
10 11 15 4 63 76 55
13 1 3 2 45 84 667
11 12 13 1 76 78 349
12 8 1 12 6 19 353
15 7 1 4 44 91 693
11 3 15 8 56 59 728
2 3 6 5 31 49 505
6 7 5 12 9 41 208
12 7 15 12 39 77 865
7 12 10 9 94 100 265
9 5 15 12 44 88 444
6 6 1 2 11 38 594
2 10 11 3 57 75 665
6 1 3 15 38 42 843
14 10 10 9 27 32 684
14 4 12 1 15 78 809
3 4 6 9 16 21 559
7 14 10 11 34 73 148
1 13 15 1 10 26 730
7 8 3 4 11 18 677
6 14 15 7 17 30 958
3 8 12 13 29 31 314
6 9 10 4 3 59 586
2 11 12 12 5 12 429
13 4 15 7 20 23 650
5 12 7 14 8 11 739
13 2 8 5 53 94 83
5 13 5 8 0 59 310
11 3 2 2 6 24 515
1 14 7 12 40 87 482
8 9 9 12 10 58 314
14 7 7 4 23 72 73
10 5 8 1 9 16 588
4 3 8 14 14 93 83
7 14 7 3 24 46 845
14 6 5 8 7 19 987
15 13 3 2 71 78 831
13 12 9 11 5 10 717
2 9 2 2 22 28 478
9 8 5 15 52 98 364
11 11 15 10 20 84 97
1 15 4 7 73 84 449
11 11 6 15 40 60 591
13 5 11 11 96 97 437
13 8 8 7 6 68 21
4 12 14 9 0 52 952
8 10 13 11 31 67 816
1 7 12 13 16 27 445
4 2 14 14 41 54 409
5 11 2 7 8 40 238
8 1 13 1 81 81 435
13 12 11 5 24 68 258
4 1 4 14 89 97 954
10 12 3 10 54 81 253
5 7 3 9 24 70 673
4 4 5 7 30 79 380
2 10 13 7 9 23 964
7 3 6 13 8 23 751
15 1 8 4 23 76 682
10 15 12 3 2 90 969
12 14 13 3 38 80 990
13 5 8 9 51 87 482
4 7 11 12 32 96 135
11 12 1 14 58 66 406
3 7 1 13 25 88 418
14 10 12 6 7 66 883
14 12 1 1 36 85 407
3 5 15 15 19 75 639
3 10 10 10 33 74 604
8 1 1 3 6 43 630
1 1 1 2 27 38 463
3 14 15 7 0 27 595
11 3 8 1 64 66 243
8 8 14 15 27 81 753
13 7 7 8 2 17 581
14 11 7 4 78 82 718
6 10 1 12 8 83 275
2 4 14 3 0 18 396
1 15 7 10 50 81 704
12 3 6 3 33 42 282
2 7 2 13 21 27 525
11 2 8 6 2 11 754
2 9 1 3 2 66 491
11 8 1 9 23 82 830
13 1 15 8 43 75 812
4 4 5 5 76 98 65
2 1 15 4 70 71 692
13 4 15 2 39 58 784
4 3 3 4 9 43 217
2 11 15 8 35 80 769
2 13 8 1 33 64 527
11 4 10 9 35 65 978
1 5 9 12 23 23 929
3 15 2 6 54 71 115
9 8 13 11 17 34 734
13 1 6 8 50 63 806
3 11 3 15 61 77 950
9 12 15 3 79 92 850
11 11 14 11 50 88 322
11 15 1 5 28 44 43
1 8 11 8 6 78 915
2 9 9 14 21 22 299
4 14 2 2 39 51 419
13 4 8 3 21 66 103
11 7 4 5 39 54 402
11 14 1 9 87 94 654
2 4 4 6 39 44 698
6 9 11 10 18 37 487
7 12 3 4 35 90 188
2 1 13 8 92 93 920
2 2 2 2 8 17 368
11 15 11 3 9 26 488
10 13 3 4 82 95 357
11 1 8 15 83 99 225
2 12 2 6 4 18 946
10 12 8 11 48 52 570
4 3 14 11 60 83 907
2 3 15 7 1 20 834
8 12 2 8 70 71 555
7 10 10 11 34 41 579
4 12 14 9 56 74 227
4 1 15 15 35 85 938
5 13 7 4 44 53 530
15 4 9 10 21 47 252
4 4 4 3 15 44 260
10 10 6 12 2 11 133
14 12 15 2 22 36 161
7 15 15 14 32 87 139
5 4 1 7 37 67 396
2 9 11 14 16 82 772
1 8 8 4 35 46 938
2 2 12 7 11 20 327
6 3 2 6 57 70 534
13 14 14 5 5 73 609
3 2 12 10 16 27 140
2 6 10 15 44 85 569
13 3 12 10 2 26 485
12 11 2 14 36 50 912
15 6 6 5 25 63 435
7 6 2 2 43 59 55
2 8 9 12 3 92 37
13 12 15 11 9 52 351
2 10 9 4 73 84 326
9 10 7 5 67 77 619
12 6 4 14 29 39 770
5 4 8 4 40 42 571
3 11 10 8 0 20 54
11 15 5 2 16 34 555
14 11 4 13 11 80 565
7 6 7 13 6 76 505
15 7 13 3 9 42 958
6 2 10 8 35 35 300
9 5 5 11 34 38 416
3 2 6 14 26 79 938
6 12 13 6 23 81 440
1 2 2 2 9 10 804
4 3 1 1 36 63 981
1 2 8 13 10 30 327
10 12 2 2 6 22 635
12 14 1 10 58 94 375
4 6 3 11 24 31 157
2 1 14 15 9 26 458
8 11 3 11 6 19 561
2 6 11 1 47 48 654
12 3 10 3 16 66 590
1 13 14 3 2 52 817
2 5 8 15 22 82 985
11 9 4 4 32 43 447
6 14 11 14 20 28 147
7 12 13 6 3 36 224
5 11 4 6 1 92 281
12 2 1 14 5 77 829
13 13 10 4 16 30 192
2 2 15 1 7 24 984
2 14 5 11 7 97 174
11 10 7 9 82 85 437
3 9 14 4 14 15 576
11 12 5 8 71 96 859
12 8 3 10 61 65 760
14 6 4 2 7 21 362
14 7 1 10 80 98 814
5 12 5 11 60 61 962
7 3 2 6 47 63 520
6 8 11 10 9 14 226