150
8 5 13 12 5 98 10
7 12 11 9 1068 1196 1
14 10 11 15 184 273 1
7 9 7 14 1385 1431 9
12 7 5 14 372 450 10
5 5 13 13 948 1031 1
10 7 14 13 1005 1088 10
12 6 15 14 1103 1250 5
5 13 10 9 97 162 1
12 9 10 14 1160 1312 10
8 10 5 13 647 762 10
13 6 5 13 1312 1377 1
14 11 8 7 164 288 5
15 12 12 10 70 226 8
9 8 11 5 629 683 5
5 10 7 12 1361 1430 5
12 12 9 15 337 497 10
11 9 13 10 523 653 10
10 6 13 13 710 817 2
10 14 13 14 155 332 9
9 15 8 14 707 813 8
6 8 14 13 876 927 5
15 6 6 8 454 515 8
12 7 14 11 1118 1255 7
5 12 9 6 373 408 3
10 5 13 13 1228 1276 5
13 10 15 13 1252 1398 10
13 11 13 14 134 203 5
11 15 12 9 1251 1349 2
9 12 14 9 788 869 7
9 9 15 15 1157 1294 3
14 11 7 5 637 683 2
11 15 10 13 822 947 9
15 12 15 14 371 529 4
7 12 5 10 229 287 8
10 8 14 13 425 486 5
10 13 9 10 1065 1121 7
15 9 6 11 914 980 6
9 8 14 12 745 890 6
8 14 5 13 459 558 7
8 5 14 9 600 649 10
9 12 12 13 939 1099 3
7 5 8 7 1256 1348 7
7 14 11 11 1194 1340 5
11 15 12 11 909 1059 5
11 13 12 11 130 254 3
11 8 5 8 1321 1377 3
10 6 14 12 211 260 2
8 14 13 9 651 751 7
14 6 15 9 15 105 4
12 8 5 9 622 680 3
9 5 6 12 1092 1158 1
14 14 5 8 164 206 8
9 10 11 15 1209 1271 6
8 5 15 8 773 820 6
8 6 5 5 786 842 9
8 9 8 14 80 141 5
14 6 8 12 1300 1367 5
12 12 12 6 1238 1352 6
13 8 13 7 468 539 5
15 14 13 11 183 254 4
13 12 12 6 760 903 5
8 9 10 8 470 514 8
5 11 6 6 173 209 3
15 15 9 6 1080 1190 9
15 8 8 15 1352 1482 3
10 6 14 14 1174 1306 2
9 8 11 9 563 657 2
11 10 12 13 1178 1305 2
5 9 14 8 347 404 10
14 6 10 10 41 104 8
10 15 8 10 193 264 4
11 7 8 15 2 121 9
9 10 8 11 1073 1178 2
11 12 9 14 1169 1293 10
6 10 13 7 762 824 5
7 10 10 9 926 1041 5
9 7 8 6 587 668 1
9 9 14 9 729 772 4
5 6 12 5 414 488 3
10 15 12 5 631 712 1
12 11 6 14 1004 1139 5
11 15 15 13 784 930 8
14 8 5 7 1028 1131 10
14 7 5 12 1141 1220 4
11 8 13 11 837 903 2
7 13 9 14 1245 1336 4
11 5 5 8 536 590 6
5 9 9 15 376 455 4
12 5 13 12 14 136 4
9 12 8 10 1343 1465 1
10 7 14 11 600 682 10
11 11 13 11 442 541 5
8 15 10 15 727 847 4
8 11 15 5 273 324 1
13 7 7 9 706 764 5
10 7 6 8 1246 1315 6
5 5 15 14 1336 1439 4
14 12 15 10 872 958 8
12 14 15 10 902 1080 10
11 10 8 6 258 342 8
10 11 6 13 199 261 1
15 15 10 8 176 321 3
14 7 11 15 923 1075 10
15 13 13 12 1360 1468 1
13 10 8 12 1062 1145 9
15 14 7 9 690 819 10
13 5 9 11 1117 1193 8
11 10 13 7 714 757 5
12 15 9 15 572 747 6
10 6 11 6 501 610 1
14 7 8 14 1219 1369 1
7 14 12 11 254 355 2
14 11 10 8 575 632 10
15 12 14 5 738 865 10
14 7 5 6 1193 1265 5
15 15 10 13 1021 1145 7
11 11 9 8 829 942 7
9 13 5 6 191 238 6
6 9 5 5 612 679 2
9 7 11 9 1085 1185 7
15 11 6 12 830 965 10
7 8 7 10 167 276 3
15 10 7 11 171 227 5
11 14 5 6 317 372 2
8 13 15 8 510 642 1
15 8 11 6 88 160 10
11 13 12 6 14 107 4
5 12 9 10 121 167 9
5 12 6 14 1086 1162 5
11 13 14 13 188 312 3
8 13 6 6 821 892 2
13 10 13 8 1379 1438 10
15 7 6 6 365 452 1
5 8 5 7 894 969 5
14 11 11 15 1059 1143 7
9 8 7 11 1007 1121 6
6 7 7 13 185 288 4
5 5 6 10 968 1028 4
5 11 10 12 1329 1423 3
14 6 5 8 125 212 6
10 7 14 9 121 230 5
13 6 13 8 1363 1418 6
7 11 7 7 815 889 6
11 12 12 7 1346 1453 3
6 11 5 6 1258 1331 5
15 10 13 15 1023 1159 3
10 15 15 7 611 692 7
12 5 8 15 35 141 8
12 7 7 15 650 791 3
