300
34 33 50 14 638 811 70
36 16 44 39 2035 2161 80
22 21 46 28 1289 1460 40
13 47 40 28 526 721 50
24 23 34 30 2228 2461 70
39 19 21 7 1223 1443 50
12 11 16 9 1850 2077 40
40 19 25 32 611 823 80
25 28 18 29 680 821 90
36 18 38 9 631 795 60
45 44 22 34 1938 2162 100
42 24 31 30 23 112 90
37 41 17 32 1402 1497 80
46 11 29 32 735 943 60
34 23 28 50 187 263 60
38 20 27 18 149 339 90
45 9 43 6 1643 1837 60
23 40 17 9 433 629 60
38 24 37 34 1152 1293 50
36 47 10 6 917 1021 90
9 46 5 24 108 344 100
31 11 42 10 0 80 50
30 12 21 18 923 1119 90
48 29 43 36 1388 1465 40
29 7 23 31 361 431 80
28 22 7 28 1183 1364 90
37 5 25 35 2008 2231 50
50 28 16 15 2314 2395 50
45 27 43 47 267 495 90
40 32 11 15 93 212 60
44 14 19 13 889 992 60
49 41 42 39 182 407 50
40 29 44 28 1447 1566 90
43 10 7 49 1756 1917 40
29 7 22 31 590 676 70
41 45 10 36 1319 1548 90
42 15 42 34 471 636 90
49 39 36 30 546 724 70
7 39 21 41 1778 1865 80
7 49 30 41 1378 1492 100
16 17 47 24 135 292 70
34 19 16 21 758 883 90
27 12 42 26 1435 1558 70
47 37 5 26 2082 2208 60
28 13 35 5 2139 2362 50
45 28 33 5 807 866 50
26 12 9 41 1796 2015 90
23 26 50 41 105 216 100
33 36 12 29 1667 1847 90
26 40 43 25 435 625 100
7 34 28 33 2155 2392 80
41 29 16 27 798 856 80
30 39 12 13 934 987 90
36 43 30 13 1271 1380 40
39 6 35 21 1495 1545 90
40 30 28 48 1699 1895 50
36 21 22 42 583 638 80
32 41 40 23 1635 1764 50
50 45 50 8 157 351 90
16 28 37 6 2328 2509 50
21 41 12 5 2327 2524 100
36 13 22 10 2052 2224 40
42 47 49 48 1551 1727 100
49 47 10 25 2006 2253 90
15 29 42 26 453 594 70
50 25 47 29 2312 2467 100
12 9 9 25 128 215 70
11 11 27 20 113 235 50
9 49 29 26 2028 2218 70
45 9 33 30 2180 2400 40
41 13 6 44 1106 1218 40
36 44 17 44 1333 1509 80
17 31 5 35 621 774 60
10 40 27 20 2162 2253 80
49 47 7 30 1257 1457 60
18 41 5 7 2028 2173 40
22 36 12 21 417 492 100
6 27 21 25 626 704 60
24 22 44 12 760 880 70
45 26 30 24 2331 2541 90
50 45 43 13 106 355 90
8 6 32 12 1733 1857 60
31 19 36 25 1116 1283 50
28 47 42 6 588 760 90
45 25 12 12 1731 1889 100
26 9 12 43 143 391 60
45 48 33 5 909 1114 60
8 35 34 27 1004 1110 100
37 32 45 45 2279 2440 100
8 45 20 13 1584 1824 100
37 43 26 7 1614 1765 60
15 15 32 21 1501 1632 50
28 48 40 23 2160 2263 100
8 5 30 19 1497 1576 80
5 5 41 35 449 560 40
29 22 26 12 1249 1412 40
24 34 37 9 1783 1853 40
47 36 49 12 610 704 100
9 39 39 23 480 684 90
50 47 49 24 479 641 50
38 35 43 8 1585 1797 90
38 5 50 40 1948 2125 50
38 19 26 8 323 507 90
37 11 47 20 1684 1865 90
16 49 12 33 569 794 70
44 36 30 26 1688 1917 90
42 26 22 11 1496 1651 90
44 23 37 22 1497 1670 60
15 31 35 41 995 1132 80
11 34 49 21 2009 2107 50
9 20 6 9 643 814 60
11 44 30 6 941 1183 60
31 31 25 12 2382 2552 70
9 31 25 20 1391 1538 100
27 12 9 38 1572 1718 40
31 30 34 12 918 1125 70
10 20 17 10 1146 1381 100
47 31 36 15 1244 1375 40
6 21 24 12 1963 2083 100
12 17 27 38 1203 1435 70
29 36 26 30 962 1109 80
33 23 9 37 346 509 40
42 26 24 48 661 879 100
34 10 17 16 2380 2479 40
37 34 12 28 29 164 70
37 37 46 48 1349 1402 100
50 47 25 32 1196 1363 100
28 49 33 40 2367 2574 100
31 46 32 50 2189 2357 60
43 6 21 48 822 920 80
17 7 35 25 774 931 80
8 50 6 38 200 440 80
38 14 26 22 487 688 100
49 29 49 25 1303 1376 80
13 23 12 49 1676 1896 100
50 15 7 25 736 875 60
44 36 28 39 1787 1904 60
29 22 48 8 1018 1137 60
44 21 41 5 1238 1298 50
26 46 21 8 1156 1214 90
43 44 28 37 1032 1160 70
33 31 31 33 800 895 60
39 20 18 39 2029 2190 80
38 27 30 14 219 438 100
35 20 31 43 1587 1678 40
11 36 18 36 1145 1227 100
40 45 14 26 855 1009 70
12 47 30 5 1481 1590 60
9 48 45 13 1250 1358 50
26 9 32 42 1792 1959 70
28 30 9 47 1328 1576 50
7 11 35 8 1264 1410 50
47 35 25 8 1673 1819 70
10 43 25 7 1711 1950 60
35 45 29 38 1319 1533 70
23 15 28 37 438 629 80
26 42 44 24 1345 1591 50
42 21 17 15 2336 2454 60
36 41 33 24 599 829 40
39 32 27 25 1356 1587 100
33 11 5 11 1403 1524 80
14 6 38 24 2123 2354 40
27 5 28 12 203 316 100
32 10 18 49 1244 1326 50
21 45 17 26 114 343 70
5 38 26 42 192 360 70
13 50 47 7 2290 2451 60
47 26 19 9 1495 1603 100
14 22 44 18 1637 1838 80
35 45 22 33 2187 2426 40
18 35 46 50 2394 2493 60
38 14 45 36 1114 1200 90
40 10 12 21 1280 1365 80
30 8 24 11 2084 2163 60
37 31 12 44 1152 1288 90
27 6 43 12 1509 1603 40
45 10 6 26 1233 1403 70
32 6 46 7 2357 2521 80
30 38 28 44 2272 2342 90
36 29 36 25 788 991 40
24 44 47 33 563 665 70
5 41 16 45 2322 2545 60
47 46 6 33 309 389 60
47 41 6 35 776 876 40
8 33 44 36 1641 1881 40
16 22 47 23 140 348 40
37 48 49 21 592 717 50
45 22 18 12 1638 1778 40
24 44 28 12 1312 1545 40
28 7 37 18 1981 2061 40
9 18 24 11 333 426 70
38 23 38 14 1995 2160 80
45 7 36 24 907 1035 100
12 5 31 40 1246 1330 40
26 38 26 5 1605 1686 90
24 48 17 42 122 305 90
15 28 35 15 1773 1928 40
38 17 42 42 399 512 60
6 34 8 35 54 154 40
8 27 25 5 1891 2125 80
50 39 12 16 80 247 50
16 40 45 35 1855 2021 60
47 32 26 37 2366 2589 80
14 43 9 41 2005 2191 80
38 23 37 22 55 133 70
45 16 19 8 1425 1568 90
48 38 16 41 1467 1606 100
19 20 30 18 254 387 100
27 12 40 9 347 428 90
19 31 38 22 1692 1844 90
39 29 12 45 2190 2306 40
36 27 47 21 62 235 70
36 40 50 23 1028 1255 70
29 35 48 11 2003 2144 50
46 42 38 21 2371 2575 50
5 33 16 43 1407 1513 100
34 45 14 30 1145 1355 60
22 23 41 28 1821 2063 50
18 22 9 36 422 577 100
49 31 37 42 1717 1819 80
19 14 43 41 1541 1734 50
38 12 32 13 180 291 70
25 5 46 24 898 1146 40
25 37 24 46 1324 1453 50
33 21 37 42 1716 1869 90
12 44 8 16 1277 1384 90
33 26 44 47 1110 1172 70
20 43 26 34 393 508 90
39 12 19 45 336 505 40
36 38 22 7 1335 1526 90
11 32 41 15 1669 1772 60
24 50 40 16 0 144 40
24 24 11 39 745 937 100
19 11 45 7 1209 1446 90
26 12 14 8 708 892 80
28 43 6 34 2314 2387 40
12 48 6 22 520 743 50
29 40 33 15 1795 1889 60
32 48 46 41 1835 1954 100
21 33 26 13 684 812 70
21 21 13 47 386 626 100
8 32 47 35 591 705 40
5 27 16 44 1593 1673 80
16 46 14 6 606 674 70
23 33 30 5 2338 2450 50
40 33 38 22 2044 2245 40
33 25 20 31 898 1053 70
35 48 46 30 1286 1527 100
50 39 8 12 1986 2036 50
50 47 35 32 2289 2522 40
43 44 10 23 1425 1642 50
15 25 33 50 1598 1706 80
22 41 11 20 2168 2343 50
7 5 29 17 451 661 40
9 49 50 40 2330 2433 60
21 28 27 34 1112 1218 90
28 30 41 42 1240 1311 90
9 34 38 28 965 1213 40
6 8 46 24 2027 2272 90
46 31 35 5 2100 2296 50
44 5 41 24 1740 1848 50
27 11 31 22 892 1002 80
44 5 43 39 1624 1689 100
10 44 19 48 332 564 70
13 47 17 7 639 855 100
46 42 23 9 209 314 90
31 29 32 47 268 378 80
17 40 49 11 108 224 40
29 31 32 12 2187 2430 70
33 39 37 30 1605 1707 50
12 15 38 26 1585 1796 90
39 48 47 18 274 447 60
25 20 30 19 647 850 40
42 8 37 9 55 277 90
49 25 35 41 1965 2164 40
33 34 31 38 824 1006 100
23 19 15 49 1964 2071 60
43 31 9 13 1563 1717 70
17 12 27 13 1600 1752 80
7 19 15 25 473 679 60
20 44 47 13 298 467 50
23 27 11 32 1985 2052 100
14 29 40 21 1816 1904 100
8 8 14 36 2303 2392 90
30 12 16 33 1502 1641 100
35 28 12 41 472 695 90
33 27 38 38 1680 1842 70
44 42 11 16 1634 1711 70
36 46 5 15 1511 1581 90
44 31 13 14 1307 1488 40
50 11 10 10 2212 2339 80
46 49 26 16 1713 1774 50
40 9 37 29 1622 1703 90
29 44 8 18 794 891 90
29 35 28 41 1721 1956 50
19 44 33 50 1377 1469 40
20 49 36 28 462 528 90
37 36 13 44 1521 1658 90
26 5 14 15 83 269 60
16 41 26 47 473 709 60
