100
86 51 98 48 0 311 538
63 89 90 33 0 326 806
94 65 47 24 0 248 725
49 93 53 22 0 245 690
14 70 13 32 266 364 284
65 60 93 86 298 556 629
15 34 15 49 369 572 288
68 33 69 90 476 791 326
37 66 77 88 635 817 121
63 47 83 85 759 1003 619
91 43 21 24 914 1300 278
20 16 98 27 1106 1242 679
70 58 13 97 1033 1392 466
94 30 30 90 1301 1637 973
45 25 77 70 1321 1707 462
92 22 48 28 1378 1719 417
30 28 33 85 1740 2223 992
41 41 15 69 1805 2221 139
37 37 23 45 1578 1736 733
89 11 90 98 1753 2247 422
10 46 57 35 2094 2116 939
22 66 67 98 2280 2726 533
50 82 93 94 2377 2746 186
35 51 26 76 2302 2693 571
53 59 46 28 2327 2612 887
28 41 77 42 2390 2903 663
56 76 92 28 2553 3060 304
21 53 100 96 2433 2634 684
37 50 77 13 2841 2959 529
49 89 30 95 2660 3198 749
25 96 59 46 3019 3441 290
17 34 68 49 3072 3803 702
16 95 30 88 3066 3334 287
56 86 62 62 3245 3712 365
72 82 19 67 3586 3809 212
34 74 43 95 3242 3657 156
53 75 60 52 4224 4909 728
65 97 24 99 3571 4199 961
57 42 77 84 3558 4246 335
81 36 40 23 4638 4473 600
93 29 30 62 4526 5530 744
10 91 11 12 4649 4770 556
51 85 44 28 4412 4216 483
83 58 35 67 5044 4847 501
89 48 90 80 5648 5781 849
38 56 27 15 5155 4909 262
56 60 49 90 6013 6397 377
47 83 98 59 5316 5104 146
31 70 46 85 6756 8028 599
58 45 58 36 5539 6699 724
53 32 65 15 7246 6730 166
89 40 98 74 7123 6829 972
38 63 84 28 7815 8662 150
17 60 95 87 8230 8024 514
68 91 60 46 8112 8525 904
59 69 39 92 8460 8948 320
22 54 74 31 9856 10014 363
17 80 77 13 8783 9348 808
69 100 58 68 10240 12581 246
61 41 77 86 10546 10038 173
38 46 46 54 11932 12906 499
34 18 75 55 11820 14388 319
74 45 86 53 12327 12652 114
55 29 61 57 13723 14988 876
65 75 74 70 13485 14537 161
28 14 19 42 13690 14203 563
61 96 49 58 14289 13919 666
50 69 50 75 13699 13361 651
35 37 59 45 15427 17116 941
67 73 16 80 17206 20828 205
35 71 70 54 14545 14696 153
23 81 60 20 15683 15807 103
47 51 28 56 14576 15687 140
20 17 81 56 15699 14618 190
60 65 63 87 15579 17836 116
38 10 27 14 17929 21242 813
47 94 20 12 19038 22404 345
99 44 29 87 18044 18489 963
20 72 60 57 18592 17022 350
73 100 17 80 22220 25078 980
27 81 38 39 19875 22208 636
52 46 15 87 21989 24651 869
14 13 85 83 24296 26780 191
18 25 11 64 22593 26496 571
48 22 63 11 26738 26491 887
58 96 63 15 26020 29947 211
35 45 49 67 26744 26231 439
54 81 74 79 24639 27070 801
70 18 54 93 29835 33720 901
41 30 76 17 26165 25177 930
85 56 69 85 25702 26932 246
83 78 68 33 25832 30479 451
13 62 71 98 29654 27102 150
17 41 42 45 29725 29037 219
19 94 94 24 31456 29426 763
43 97 15 53 28422 31890 292
47 51 96 28 28506 26252 705
63 11 64 63 29294 33200 362
36 31 100 45 32573 37046 135
54 18 68 99 27831 31666 126
