100
56 72 37 57 780 1043 205
58 53 70 54 550 917 160
74 29 27 18 1 268 59
79 93 23 91 765 1207 199
70 26 92 56 500 1371 52
18 49 79 70 46 378 240
18 84 95 38 434 900 221
62 77 56 79 25 810 222
66 83 49 90 258 933 211
32 81 32 81 434 1206 60
72 80 32 23 639 1431 153
97 29 85 61 413 1211 76
38 61 74 82 881 1596 243
52 17 14 57 423 597 90
67 73 76 88 377 742 188
52 86 29 58 510 992 164
61 52 18 24 150 1019 86
11 76 59 88 840 1308 94
99 61 97 32 868 1649 105
20 76 12 31 694 1553 175
12 39 94 18 713 1247 188
76 74 95 67 37 619 185
12 92 31 16 975 1447 133
57 71 31 45 859 1485 134
60 67 45 62 330 687 133
70 12 99 97 667 1512 186
42 12 95 15 595 1035 113
67 44 13 50 722 1514 58
86 65 31 41 728 1688 195
33 78 20 90 780 1274 248
48 75 74 83 826 1424 191
87 79 13 29 863 1674 93
14 72 17 28 582 959 141
71 20 96 35 310 793 191
98 42 84 30 289 966 103
21 39 72 61 860 1595 97
79 82 40 57 740 1317 173
88 45 17 92 198 799 137
75 17 98 57 978 1897 210
84 63 84 76 865 1572 130
22 35 21 13 204 673 182
15 63 46 72 332 1236 225
38 30 11 78 588 830 241
94 58 22 31 555 792 87
92 89 60 98 124 753 116
20 50 23 31 155 859 109
55 77 13 77 839 1686 97
10 46 67 86 325 1288 59
82 32 17 60 777 1524 127
55 76 96 19 855 1478 109
11 23 66 17 317 684 212
28 57 81 61 302 878 174
72 63 16 79 685 1481 141
11 83 95 62 971 1482 224
57 40 25 12 300 601 105
59 89 47 91 877 1433 236
45 77 34 78 444 1337 243
23 93 80 23 336 1112 132
86 22 42 62 876 1634 75
70 50 82 10 383 968 132
72 75 81 84 334 1317 84
82 48 13 41 676 1138 248
88 62 60 51 401 1196 71
49 30 81 30 511 1191 137
23 14 96 69 645 850 184
96 22 74 38 204 1073 53
76 21 16 87 475 1150 199
98 86 59 81 49 531 242
78 100 80 12 390 947 137
54 35 51 63 530 1099 117
19 100 83 37 473 1221 58
88 75 12 99 846 1538 249
39 93 89 98 898 1840 237
92 53 37 90 182 708 160
39 62 33 56 595 1369 196
49 19 79 23 37 859 163
51 42 87 69 763 1690 160
20 63 51 43 623 1366 90
76 73 28 27 208 738 141
74 30 81 10 571 1462 159
52 61 52 88 572 1353 204
90 93 42 67 209 710 242
43 53 43 30 362 1082 167
97 39 60 44 145 1004 87
56 77 41 14 852 1391 61
82 56 80 90 243 1151 50
40 23 91 41 681 1338 230
73 45 51 93 202 1176 139
29 43 18 79 777 1342 83
44 52 92 21 733 1014 168
55 75 75 78 316 1051 155
27 32 30 25 45 711 225
83 59 27 31 262 1042 67
83 31 19 43 883 1855 184
20 29 71 80 213 541 125
16 50 46 95 630 1113 231
15 35 86 17 285 879 231
24 79 92 22 898 1220 134
46 40 22 14 426 1163 57
30 12 22 10 978 1176 69
