500
24 94 16 83 1581 4042 139
58 63 57 39 474 2877 127
41 43 91 69 2066 6605 87
86 65 17 12 274 3966 204
82 23 31 65 4300 8303 76
31 17 45 94 4503 6918 63
47 24 73 14 529 1538 233
25 70 96 18 2670 5941 118
89 49 82 46 117 4794 120
79 40 85 17 4272 8630 227
49 86 95 96 4720 6387 151
37 84 19 29 3256 6137 169
56 27 77 27 1904 4355 82
95 33 100 39 2692 4095 162
21 26 85 83 671 1310 124
16 49 72 55 1128 4094 221
55 86 26 13 4225 7203 204
17 90 14 73 2131 5765 172
53 84 70 74 1673 5853 73
52 43 63 25 3394 7600 101
85 35 84 57 4595 8945 171
13 21 30 20 3585 7060 142
92 84 71 81 2185 3698 191
38 45 77 58 2111 5185 231
88 56 95 16 903 5683 240
21 45 32 84 4898 5236 223
82 21 92 76 4816 5952 150
84 52 28 13 1289 5370 126
60 79 45 90 3849 4965 56
25 73 24 41 1714 3087 96
47 42 19 87 1359 4168 202
26 89 81 13 3954 7410 143
64 34 81 42 998 5692 214
51 50 56 52 578 2057 235
44 18 49 65 857 3095 173
63 44 40 65 4828 7644 160
81 85 58 27 591 1758 67
42 84 12 54 539 4757 145
96 82 39 45 1872 4499 60
23 53 13 80 3755 4268 219
60 86 56 94 4364 8261 98
12 10 50 45 3253 3447 76
55 93 33 93 1009 5418 221
22 55 89 43 2356 4013 100
80 78 71 23 379 758 86
20 75 46 11 3119 3299 131
65 71 69 41 20 4065 92
23 96 78 22 430 3716 68
74 68 12 44 4392 8439 91
19 54 30 67 4629 9401 218
28 45 39 99 456 5270 152
13 30 57 50 2818 5953 123
88 59 53 51 5000 7962 97
55 99 43 56 2960 6242 156
45 87 39 92 1677 5946 104
85 65 11 56 3194 6501 121
36 24 24 95 146 1600 59
72 15 74 36 1145 1441 201
38 26 28 15 2739 6214 129
24 96 63 30 369 4608 155
30 26 93 50 1623 5579 197
26 40 100 58 605 4804 101
41 85 58 36 3546 8526 103
45 53 95 19 3700 6888 177
71 45 72 33 3416 7233 178
16 19 52 69 506 2822 129
86 67 68 78 4684 6161 161
90 13 71 31 1795 5830 90
21 98 88 39 3455 6860 134
19 100 33 57 884 4215 60
82 41 53 27 1660 2194 224
72 81 58 23 2922 5617 155
27 81 27 76 4718 8142 228
36 33 97 75 3882 4529 51
19 42 51 98 752 3732 54
12 70 17 24 4923 8794 198
76 61 63 79 2439 5742 72
32 76 81 40 4003 4694 232
56 97 61 91 4362 8564 131
32 57 38 90 4552 8817 63
98 32 91 51 2373 3215 183
98 10 53 56 1721 5128 180
50 86 52 22 4811 6379 68
67 26 46 93 946 5296 241
33 52 51 38 2491 5943 227
50 12 15 71 3408 7755 191
79 69 21 44 931 1888 64
13 89 99 93 21 1405 214
18 84 14 20 1991 6721 203
97 36 28 49 514 2263 91
77 20 17 34 4142 8443 165
46 92 22 62 2030 2795 121
57 42 92 97 4000 5720 150
89 95 56 57 1816 4904 122
87 91 40 36 4247 6356 108
90 92 42 73 2221 5009 234
98 35 59 46 924 4248 172
35 35 95 65 4659 7439 133
32 13 42 61 746 1465 230
97 11 72 98 3527 6513 218
26 35 94 10 1289 2693 58
16 63 91 27 4195 5479 84
73 66 47 47 2884 3135 105
44 73 53 64 477 4693 210
48 28 83 15 481 1445 160
71 24 61 69 46 3703 89
76 57 10 100 4632 6617 155
75 30 87 68 150 2843 165
89 43 77 20 3464 4404 209
37 78 57 87 3218 3680 148
47 95 65 28 214 1826 162
63 68 12 78 1150 4707 76
80 23 54 74 1937 2988 106
100 60 40 95 901 1433 174
40 16 38 92 3793 4222 179
74 54 39 34 1879 4836 227
26 35 10 43 1975 5984 166
10 49 64 100 957 2563 158
32 93 75 36 423 3840 104
59 28 21 31 833 5733 185
100 64 73 87 171 3040 206
45 21 38 71 2183 5786 216
81 11 11 73 4734 9271 164
77 38 13 31 1902 4643 90
15 52 44 78 512 2889 67
51 32 25 50 2742 5295 183
17 52 87 52 3747 7481 132
50 59 51 89 4843 6493 190
54 68 21 10 1817 2860 131
40 22 45 44 2644 7543 191
56 58 65 14 1883 5647 180
83 20 30 58 4929 6241 114
13 79 49 23 4685 4971 119
85 55 40 49 4450 6297 226
88 72 22 15 1949 5643 182
12 56 66 91 4609 8343 139
74 97 46 90 1291 3149 53
12 34 77 46 2296 3208 220
69 69 74 13 4150 7073 161
48 33 18 19 3247 8164 62
63 22 48 92 3783 4138 155
18 59 32 95 1158 2580 115
93 20 79 100 920 4688 161
26 19 94 97 1093 2322 167
35 14 98 32 3943 4439 69
63 56 14 86 642 5114 114
69 84 43 69 1962 2375 214
71 44 24 87 883 5823 72
54 57 24 73 3851 7481 175
34 95 53 75 4173 7191 243
57 66 44 56 2694 5529 145
42 93 81 60 2597 5973 50
32 45 16 100 4834 5556 214
39 73 58 87 1435 3813 162
62 58 64 78 4769 6707 85
34 85 17 67 3048 4040 186
59 18 14 28 4118 7846 223
13 22 38 94 940 5413 236
99 87 61 40 444 1852 248
40 87 43 92 2438 3272 165
52 70 12 16 1330 4294 65
52 89 93 88 4024 5549 128
18 41 34 51 1542 2411 188
37 29 67 61 3122 6690 126
56 36 31 11 4978 7046 181
65 86 77 54 3644 6817 196
44 52 11 60 1110 1890 180
45 76 41 92 3945 7498 54
55 13 63 81 3763 4323 114
22 96 51 28 1182 3462 230
86 63 78 92 4697 6034 222
29 19 18 35 1827 3161 216
17 80 59 77 639 4566 50
40 14 65 98 2787 4378 129
20 91 74 20 479 4593 106
47 10 15 96 2595 6611 95
51 29 16 93 3456 5437 82
17 61 34 70 4141 4725 74
44 53 16 35 4396 7156 70
82 13 43 91 956 5798 62
19 28 30 44 2878 5137 78
70 21 39 97 4404 8088 141
99 83 69 60 828 4953 88
72 57 20 76 4703 7022 124
58 47 14 100 3483 6580 171
67 76 83 51 4206 8541 205
55 52 71 26 4624 8342 188
96 84 49 21 3280 8205 93
29 45 87 77 1342 4286 108
61 11 31 61 2801 7633 141
88 43 69 68 4662 6402 120
48 18 83 48 3815 6110 193
86 93 33 94 4050 8806 178
58 76 57 28 1730 4576 188
26 27 88 67 4416 4735 239
84 99 11 60 1335 4040 104
91 94 85 16 4787 9744 55
53 62 71 94 3787 8333 143
37 69 34 66 3650 8546 131
97 95 30 29 1424 1896 80
93 76 70 48 4615 8136 95
66 54 47 75 10 2617 212
22 36 45 47 3471 6577 202
38 83 86 42 3196 4460 215
63 69 81 40 4107 6536 247
39 42 87 31 4435 5695 179
46 46 22 75 398 3366 138
57 79 61 27 4061 7291 165
95 58 33 87 4201 8649 224
49 53 70 92 729 3033 229
52 91 56 21 2453 5454 180
61 66 94 74 4764 5557 154
15 41 77 82 260 1983 219
44 55 98 65 4870 7359 197
90 43 76 27 4228 7997 197
23 10 26 70 700 2940 191
36 85 67 10 2707 7113 135
54 60 80 89 3495 8028 234
24 21 51 44 237 3074 227
99 43 66 27 4830 7398 241
89 31 42 52 1168 2853 174
70 57 29 49 2306 4361 168
52 31 61 80 1222 2436 174
80 100 83 38 1701 2736 163
78 88 27 20 4943 7729 246
28 20 27 68 3860 7405 229
49 27 28 85 4179 6082 115
57 33 17 28 1607 5417 127
15 89 34 69 4493 5078 190
88 30 62 74 382 2419 150
35 53 43 38 3662 5444 70
57 51 73 68 4484 6966 148
98 35 44 18 3498 4134 61
13 49 70 33 4833 8696 211
23 87 24 22 4587 5358 228
71 90 21 28 321 1691 69
40 58 83 70 1815 6013 143
45 95 15 45 480 3186 249
46 21 36 25 4562 7808 109
12 58 64 63 3391 4598 57
73 42 46 95 3782 7643 147
11 100 33 88 1910 5912 170
60 47 44 72 4200 6970 205
11 36 41 48 3494 3676 151
31 93 13 59 1820 4031 177
21 12 69 30 759 2273 141
12 55 77 84 1576 3115 248
72 10 16 19 2552 7396 82
87 93 85 72 2740 4158 217
54 49 11 85 2853 7490 231
67 21 33 13 303 3215 238
47 14 43 26 4691 7864 209
45 80 85 95 4586 5516 206
36 37 22 91 2928 6571 234
93 54 21 33 4520 6580 220
97 57 11 94 4867 7604 212
94 53 86 64 369 5334 157
75 32 74 88 1405 5330 242
31 75 37 25 3376 8255 219
10 51 77 67 3244 7318 243
43 93 43 86 2853 3599 231
84 94 96 58 421 1076 148
24 83 99 41 716 5477 104
59 42 72 73 3133 6353 240
39 89 64 23 636 2354 201
62 62 76 74 4308 5476 111
13 18 80 67 1226 3046 144
99 80 25 95 2123 4023 71
81 32 84 62 3657 6840 67
17 16 47 68 4237 6009 79
74 47 23 72 1767 4296 201
72 85 33 16 376 2624 235
33 93 47 74 636 3254 218
92 44 60 72 4513 7989 149
89 46 11 14 1587 4149 107
16 91 85 95 785 4401 172
19 80 41 27 1984 4265 179
75 66 57 60 4246 6456 98
48 25 75 78 2263 3646 164
19 69 17 22 548 2418 109
45 24 59 66 1646 4743 95
62 29 19 83 3995 8325 227
32 42 28 20 186 2178 200
39 15 51 11 675 5247 170
13 57 91 50 3085 5008 169
48 55 91 93 2445 6428 190
31 62 40 42 2341 3347 229
32 14 41 58 4277 9044 97
12 21 38 50 571 5464 173
22 59 85 91 3263 4469 214
90 69 35 75 3027 7865 228
66 53 73 53 2767 7371 67
65 61 86 28 906 5564 217
67 47 10 49 2794 4195 227
24 41 14 93 4510 7301 205
28 52 19 10 1502 4367 198
35 37 56 82 2798 5535 247
86 89 22 55 2712 6669 67
73 75 19 49 4627 9566 225
71 82 67 42 3333 3728 96
82 45 51 46 18 3245 92
66 12 69 54 4679 7654 181
79 57 91 50 620 3262 198
94 53 20 15 3105 5703 94
72 47 72 54 2965 3786 242
70 84 26 91 3295 5885 205
46 43 57 53 3302 5153 83
61 19 55 73 903 2630 234
50 37 50 25 3603 6283 186
16 42 43 81 544 4142 119
49 94 24 30 3071 7689 248
35 68 94 80 2156 5212 152
82 41 38 14 3394 8116 55
26 45 65 61 3920 7561 62
71 20 34 38 3934 4839 143
18 76 77 36 1455 3130 86
17 92 69 74 1481 1878 75
91 14 41 35 259 4684 87
35 80 73 58 2329 5513 211
20 46 12 100 4621 7930 179
66 74 96 100 2353 4689 217
94 79 41 27 3165 8012 129
60 86 84 29 623 4314 133
98 34 78 80 4936 5463 204
91 19 22 59 4135 4800 153
54 47 42 90 3895 6125 238
48 95 58 48 2615 6172 118
86 89 82 40 4034 6209 70
83 15 78 95 3746 4073 224
74 75 91 47 4762 9133 103
58 41 24 94 4496 8709 71
61 63 35 55 2998 6740 102
40 35 18 86 1919 2586 176
94 42 84 83 2818 3580 197
17 33 31 47 1123 4476 206
66 59 40 81 235 567 138
23 80 24 24 4934 7501 226
49 82 17 43 2833 4216 180
76 94 93 85 3562 8355 118
19 76 98 71 2862 7353 227
24 88 57 86 3790 7963 182
55 55 93 22 4514 7129 52
99 36 39 16 3988 5744 115
49 52 42 18 3035 6360 185
40 88 33 50 3773 7681 199
66 56 83 29 2860 4859 136
96 16 43 66 3478 4215 237
16 58 40 22 2884 7679 162
43 37 23 29 3719 6642 81
28 44 78 53 4745 8282 233
95 52 57 21 1273 3991 112
96 75 16 25 4248 4745 234
89 97 12 44 1333 2820 55
47 91 72 49 2291 2941 51
77 78 20 60 1094 1511 174
36 19 73 11 2198 3391 116
26 86 86 13 125 1521 116
87 23 68 79 1996 2310 163
64 73 23 98 2201 2698 133
74 88 70 36 1784 4311 153
95 31 74 92 2349 6521 59
17 55 97 68 2543 3191 234
25 38 50 75 3411 4907 98
81 95 46 80 4581 6550 240
99 74 50 18 1025 3489 66
76 79 38 86 4113 9016 225
58 61 17 92 1330 1946 101
27 25 42 99 641 5370 224
57 18 22 47 1489 3565 162
29 49 32 93 864 3256 107
53 88 46 59 647 1997 101
31 70 57 17 3679 4100 226
31 47 19 25 2006 3565 96
71 15 47 70 970 4155 90
53 77 76 91 4299 7146 55
61 90 30 84 2775 3445 140
96 37 31 25 3382 6539 103
43 69 28 96 2772 5692 161
18 42 63 39 386 1773 191
39 25 62 22 2693 5022 80
16 86 37 18 1156 5853 115
51 58 57 97 2668 3010 123
78 31 39 66 3841 8543 110
45 36 36 42 625 4347 52
23 11 72 64 707 2872 88
81 28 77 99 932 3792 179
80 34 17 50 4510 6192 84
96 82 30 90 3029 5953 244
55 68 90 61 2 4862 51
22 65 29 24 1255 1892 96
20 44 18 82 3085 4080 241
22 98 43 99 4142 7848 155
45 57 23 35 4366 5961 200
69 69 75 27 2079 6322 102
78 56 11 51 4528 8143 86
10 100 85 75 980 4427 233
79 59 95 98 2321 2786 185
78 52 83 93 3373 7161 90
57 56 12 36 2745 3459 222
36 77 89 15 4407 8265 210
17 29 64 30 1940 6703 232
46 52 47 39 3783 6895 242
65 82 17 37 4519 8652 137
77 65 75 55 1212 5096 189
43 58 92 64 3382 3671 103
21 28 23 61 1548 5289 66
53 19 60 68 2847 7496 75
51 81 96 77 14 1577 102
53 41 26 79 392 1404 96
74 25 89 20 244 4341 191
72 17 82 40 3633 6868 52
54 65 39 48 2686 7680 118
54 29 40 84 3077 5732 143
81 77 90 81 4862 6275 249
45 46 60 87 1723 2978 83
89 88 96 81 3831 6730 79
54 69 61 37 205 2321 207
91 67 100 58 2759 4168 218
100 60 43 44 65 4423 66
42 15 92 62 1822 3569 170
17 89 79 59 4972 6359 93
95 51 88 61 4125 6037 129
13 88 70 98 841 4722 239
65 94 54 23 1236 3124 153
20 41 45 21 1911 2942 218
14 37 63 11 4643 6560 200
93 65 38 59 3329 4940 171
43 25 40 90 41 3982 227
66 21 61 17 4341 8355 177
93 44 64 40 3741 7256 78
21 71 55 74 3610 7540 151
39 98 98 17 1052 5380 94
44 22 45 26 3307 5412 221
99 24 80 89 3293 7433 143
10 26 11 88 2409 4472 209
36 27 77 43 3713 4087 222
30 19 14 11 848 5584 247
56 54 34 76 514 5212 109
28 65 94 19 733 2834 158
58 96 16 66 4828 5211 93
47 38 61 99 1371 3632 71
88 11 62 19 3089 6803 235
10 47 32 61 3125 5479 200
14 85 42 35 3127 4504 76
77 40 86 24 3210 5435 88
44 37 17 28 1866 2904 156
26 47 75 88 265 4778 211
15 15 59 93 3574 3826 130
22 41 40 30 1570 3912 178
79 11 74 85 4367 7861 88
49 58 61 43 669 2264 207
64 45 18 31 4092 6909 92
42 19 91 25 462 5149 214
75 100 30 33 3379 5820 229
61 49 81 50 3089 7201 83
87 20 40 31 689 4753 110
86 36 65 49 1679 6604 130
41 48 21 68 528 5349 137
46 78 27 89 830 1471 170
84 78 18 10 4123 9093 143
55 39 38 72 4612 5569 241
57 24 90 82 3302 5384 188
72 64 74 53 4807 8618 140
61 96 86 88 532 3199 53
94 36 24 11 910 3422 234
34 57 81 21 1357 3139 100
74 61 57 83 1895 6390 100
86 51 83 76 2883 6646 230
31 92 50 59 891 3654 71
21 97 95 87 3281 5179 243
26 14 53 97 2359 6413 78
79 55 72 66 149 4891 242
14 47 85 42 921 1141 128
70 33 79 21 1895 2549 112
40 22 43 74 2292 3526 156
66 55 87 84 725 2248 181
37 38 61 23 4657 8015 219
16 13 57 78 414 947 209
77 80 68 68 3600 4434 91
24 11 90 53 4266 7886 83
40 94 33 17 2346 4705 83
11 62 39 90 4285 6477 134
75 63 58 10 2421 3469 188
27 86 12 65 1280 4130 176
15 88 24 39 1746 5026 105
90 85 70 34 2715 4375 145
63 89 32 67 599 2438 212
89 86 36 66 3479 6491 121
79 41 62 16 4030 7596 81
34 76 57 63 1787 3425 138
30 47 72 21 4622 6303 212
72 22 48 90 1956 3590 170
28 100 32 77 3655 5498 204
51 68 52 61 1313 6122 224
17 77 90 56 93 874 190
76 56 33 47 1596 5404 125
40 45 94 99 2604 7502 155
60 12 76 26 1615 3640 89
70 68 70 28 195 3405 232
45 80 26 96 4335 6030 96
