150
9 19 17 9 274 508 9
17 6 20 7 169 222 8
7 17 12 8 5 194 12
5 19 5 11 141 327 12
8 6 16 18 198 498 5
9 13 15 16 31 350 3
20 9 9 7 114 431 15
18 13 18 5 130 307 2
16 15 12 12 187 255 10
19 15 9 9 206 263 11
10 7 18 7 241 291 8
9 16 11 14 88 287 5
11 18 9 8 251 306 1
9 5 15 16 64 126 2
12 17 6 9 171 234 12
19 12 13 10 35 103 15
13 9 18 15 201 260 2
14 18 14 6 64 315 2
15 14 6 14 254 308 12
15 14 13 20 156 221 10
7 7 8 19 56 109 10
18 10 12 6 85 540 7
11 8 18 8 14 454 11
19 8 5 11 294 449 6
6 20 20 14 42 416 5
14 12 5 13 92 156 15
18 8 5 17 182 536 11
11 8 16 5 8 368 15
9 9 18 16 246 317 1
5 18 13 20 75 457 11
19 8 14 10 275 571 4
16 11 19 11 37 108 1
13 14 16 19 27 438 10
6 5 18 19 104 326 14
11 15 14 15 164 448 9
9 5 13 15 11 275 14
8 20 9 10 171 245 14
12 9 20 15 160 218 14
19 11 8 15 243 477 1
12 18 16 11 66 436 5
13 19 19 12 28 444 2
13 11 19 6 111 279 2
10 20 7 19 221 360 4
15 18 8 20 1 534 13
13 13 6 16 98 154 4
14 6 9 8 284 541 8
15 10 8 16 40 484 3
17 6 8 11 299 343 6
7 12 17 13 249 298 3
20 16 15 15 258 466 2
10 15 19 5 147 480 6
10 15 20 19 155 354 11
11 14 9 19 29 391 10
12 15 13 13 55 114 10
8 8 11 19 98 443 11
15 9 7 10 100 398 2
6 7 14 15 287 341 15
18 10 20 11 252 427 7
7 8 6 8 160 236 6
10 10 5 14 7 71 12
17 15 16 11 166 426 3
17 7 12 11 262 429 9
16 14 7 20 159 230 5
9 20 16 16 122 503 6
9 15 17 14 211 451 4
5 19 5 15 166 228 11
10 15 12 5 297 482 8
15 12 14 16 9 495 7
13 9 16 17 67 494 13
9 15 10 8 282 528 2
8 14 19 20 173 410 1
6 19 11 20 265 333 13
13 6 11 5 23 517 7
5 15 8 5 187 566 11
20 16 7 16 83 157 12
9 14 18 13 75 147 3
19 20 14 11 77 203 8
8 13 16 20 104 174 15
13 15 12 17 114 188 3
7 14 13 8 184 394 1
7 6 12 10 282 337 15
16 8 18 9 175 574 9
13 13 19 8 218 277 12
16 14 6 14 86 151 1
15 18 9 8 245 303 4
20 20 13 9 238 459 2
9 9 19 15 202 436 9
18 17 5 12 156 595 2
14 11 13 8 133 290 12
6 15 15 6 266 310 1
18 5 18 8 103 254 15
14 19 20 15 226 294 1
19 14 14 10 150 216 10
7 9 19 13 73 598 12
15 17 17 13 237 333 7
18 11 5 11 208 276 6
13 11 18 9 134 420 9
9 17 7 16 113 347 7
18 9 10 8 41 173 1
7 14 20 13 111 362 11
15 5 14 19 114 175 6
7 7 20 7 1 377 2
5 9 12 9 195 290 1
6 18 14 18 53 265 3
6 15 11 11 2 591 6
15 14 20 17 117 591 12
7 17 8 5 225 267 12
12 18 20 18 113 207 13
12 16 19 14 253 365 1
17 19 17 20 18 111 9
10 17 17 11 138 594 9
15 19 12 13 84 594 2
7 20 14 15 257 323 10
10 7 6 13 170 212 8
10 15 8 10 252 299 13
17 11 16 13 211 269 10
10 9 14 15 10 523 11
12 5 6 5 178 213 13
18 9 19 17 181 263 6
11 17 9 15 168 499 9
12 15 14 5 142 508 8
19 9 10 19 99 167 8
8 12 10 10 145 452 12
20 17 7 18 162 225 13
17 16 7 10 51 222 12
20 7 17 20 182 547 7
9 6 8 15 157 257 8
18 14 5 9 122 179 8
7 18 7 19 200 573 1
8 5 11 20 291 345 6
16 16 19 8 141 295 1
13 15 16 5 125 354 11
19 12 17 11 141 380 6
12 18 18 5 234 291 9
8 18 13 16 120 579 1
11 18 5 10 190 259 5
6 15 16 13 37 98 2
7 17 12 5 56 571 12
15 9 14 17 194 267 11
6 5 7 19 101 184 10
17 15 17 5 257 320 6
15 19 13 11 4 243 13
13 10 19 20 169 248 11
14 14 10 6 129 520 2
5 12 19 7 250 322 4
11 17 15 8 195 575 12
8 7 13 12 211 596 7
12 11 13 16 69 240 3
7 9 15 11 109 496 13
20 18 8 20 35 472 8
