450
36 15 12 41 3330 3440 90
45 40 34 45 472 715 40
32 22 14 33 2662 2834 90
20 44 26 19 380 477 60
5 17 18 21 3276 3376 80
38 10 7 42 905 1031 40
40 14 44 26 2759 2953 80
15 47 17 48 2450 2585 90
47 9 16 5 1182 1308 70
48 35 5 10 688 758 80
36 37 46 37 1334 1536 70
48 43 27 27 1746 1923 70
21 11 44 22 3232 3455 40
50 10 42 45 3488 3568 50
19 16 25 14 1118 1368 50
38 21 13 43 2795 2847 50
47 5 27 14 830 934 70
33 32 16 18 1099 1290 50
14 25 46 28 2457 2618 60
46 48 47 32 3244 3342 50
15 38 43 38 1719 1820 50
25 23 20 46 2696 2761 70
25 29 37 15 684 824 70
30 47 6 47 3317 3465 70
44 13 49 31 1789 2028 40
16 34 38 6 449 690 90
34 8 45 32 3334 3486 80
30 16 41 19 592 809 60
24 43 24 35 3598 3743 100
34 15 13 39 320 395 90
32 6 31 32 3575 3680 70
48 45 38 41 2266 2465 40
47 31 27 6 1042 1196 40
18 30 12 18 152 221 40
30 48 35 5 1079 1161 60
8 22 21 18 723 795 80
41 26 46 42 821 914 40
16 10 29 14 756 826 50
7 34 23 50 1378 1545 90
32 21 9 39 2599 2777 40
25 32 22 32 1971 2115 60
6 19 35 33 2284 2384 50
32 45 15 39 92 198 100
12 28 45 39 3297 3511 50
6 18 9 18 2796 2978 70
46 40 46 7 526 615 90
16 32 22 22 2514 2763 40
10 13 38 18 1259 1444 70
24 5 34 43 1670 1754 90
21 18 32 48 1557 1635 40
22 50 20 41 2456 2670 60
19 19 32 38 3265 3387 40
27 31 48 31 2010 2249 50
45 26 29 35 1320 1400 40
7 13 25 5 1623 1814 90
19 28 19 28 2073 2223 100
7 21 40 14 2694 2820 60
50 49 16 32 2326 2389 50
17 18 30 49 401 511 40
38 27 33 35 1306 1390 50
26 36 21 15 776 973 90
6 47 36 32 2423 2549 60
29 45 17 17 3301 3538 80
12 9 10 32 1162 1352 50
36 48 23 37 535 756 60
42 34 18 6 60 297 80
14 25 42 36 2366 2601 100
20 26 20 6 2902 3078 60
7 29 37 46 3442 3535 50
23 31 45 21 660 744 90
35 19 10 33 3513 3563 50
45 34 7 8 3205 3364 90
14 21 24 17 367 483 50
14 21 45 21 2067 2204 50
10 29 17 6 1893 2062 60
36 37 6 49 771 822 60
22 23 11 45 3188 3329 80
37 29 47 27 3460 3642 60
12 49 24 21 2175 2259 50
39 39 42 30 1390 1626 60
26 31 45 14 1926 2016 50
24 12 34 43 1311 1530 80
7 35 43 25 1108 1167 90
37 5 24 8 1495 1655 40
32 10 32 29 518 698 40
16 18 37 41 1216 1299 60
31 32 35 6 684 789 90
29 6 13 27 2178 2268 60
32 17 44 11 2076 2295 80
24 20 35 48 1485 1540 60
34 7 35 45 447 549 50
37 26 27 21 1707 1895 100
44 22 15 44 108 158 40
10 37 25 37 3313 3464 90
41 13 8 10 2296 2475 90
15 23 45 24 2520 2652 100
39 32 34 47 1290 1477 70
38 26 17 6 581 827 50
7 48 28 5 2343 2419 60
49 38 14 33 1273 1483 60
34 17 49 31 2811 3044 80
44 48 42 13 89 191 40
14 16 15 45 2137 2379 50
44 11 12 31 3237 3392 80
34 37 35 12 3361 3487 100
9 26 6 43 415 596 60
25 27 25 18 768 981 70
37 48 41 8 1593 1828 70
24 39 44 13 2862 3057 100
35 46 25 25 781 939 40
31 21 6 37 3103 3292 60
18 33 24 43 287 533 100
37 32 9 15 1897 2134 90
19 10 7 49 2826 3050 90
20 30 36 20 2510 2660 70
34 16 44 28 2288 2378 100
48 6 12 24 3094 3203 100
24 42 8 15 119 354 80
46 14 11 33 417 496 90
24 40 22 30 2753 2812 100
26 45 9 21 1840 1946 90
46 41 34 5 2720 2781 100
23 26 43 10 3550 3676 90
5 6 19 32 1101 1263 40
31 18 21 7 502 632 90
7 30 42 12 1959 2023 90
17 13 50 43 917 976 40
20 14 34 29 1256 1500 90
18 30 42 26 2996 3096 40
9 16 20 27 2095 2205 90
9 7 34 41 838 1018 60
11 26 33 39 2286 2486 40
30 38 21 48 1170 1335 80
48 7 11 49 715 884 50
36 44 18 28 2764 2932 80
29 18 48 15 23 182 100
17 34 26 14 1910 2092 90
11 7 30 39 3237 3431 50
11 12 5 12 2174 2257 100
22 38 24 29 30 104 90
39 20 35 16 2151 2245 60
9 43 22 46 3115 3228 70
50 23 27 39 1426 1484 90
40 24 13 25 2547 2612 80
30 24 5 5 3551 3626 40
18 42 50 43 996 1245 80
38 31 19 21 2204 2261 70
50 32 9 21 1816 1885 60
50 24 11 42 2284 2482 50
23 13 9 40 3487 3703 100
43 23 17 41 1263 1472 40
22 39 40 32 3599 3775 70
11 22 31 19 3406 3566 70
14 35 49 49 1987 2150 70
32 7 30 29 1137 1204 80
36 50 31 18 171 236 90
48 37 27 28 3548 3651 40
39 31 50 13 2433 2556 80
17 34 25 45 1756 1832 60
14 24 49 32 2811 2861 100
21 26 22 47 423 477 60
13 31 24 30 574 710 40
43 36 17 37 3150 3308 70
22 27 49 24 997 1096 90
32 30 49 43 1529 1728 90
32 44 23 15 2095 2154 100
36 12 32 18 1591 1781 50
19 20 11 16 1682 1885 100
24 48 8 6 2362 2435 50
41 29 24 39 863 1103 50
13 17 23 19 1967 2086 50
8 42 34 10 2641 2870 60
38 19 24 38 1041 1117 60
42 38 17 13 3520 3652 100
29 28 20 47 534 599 70
50 35 19 15 1502 1601 60
13 45 28 23 3483 3689 80
41 11 15 47 1422 1511 50
38 10 22 45 3077 3149 50
8 45 33 38 2813 2898 70
22 10 39 34 2588 2667 70
44 25 25 18 1284 1444 50
21 40 43 31 2744 2961 100
20 15 20 42 1889 1998 50
21 19 13 16 1668 1911 80
50 10 20 39 2619 2802 100
30 24 49 25 1336 1420 50
41 36 38 45 2871 3003 80
14 34 38 9 547 714 50
25 5 8 17 2698 2943 40
33 30 21 14 1135 1244 50
45 23 50 27 781 1013 70
23 20 24 44 338 395 50
17 14 15 13 73 162 50
49 18 10 40 2823 2992 50
24 38 40 37 1089 1248 80
12 44 19 42 3308 3532 40
18 24 10 38 2876 2932 40
22 22 34 31 629 868 70
7 12 46 37 1768 1825 70
29 24 22 37 1130 1291 60
29 29 33 20 1894 1986 90
49 11 28 36 2791 2900 80
32 39 15 14 2939 2997 90
31 20 36 37 3020 3089 100
12 14 7 21 594 696 60
39 6 8 22 2184 2308 80
27 18 9 42 1667 1802 70
30 26 25 38 873 933 90
24 43 7 36 2354 2469 70
28 34 8 44 2100 2258 100
47 36 37 20 967 1180 100
39 22 24 48 2562 2744 40
45 26 34 29 245 390 80
15 26 11 16 2816 2886 70
9 35 29 13 2748 2974 50
5 6 21 42 846 1056 60
9 20 49 18 763 856 70
10 33 27 40 1936 2107 50
33 45 19 18 609 725 60
25 41 12 8 2683 2922 70
33 15 16 39 227 334 40
9 6 12 35 804 854 50
7 26 25 46 3107 3199 60
27 13 26 45 987 1074 90
26 18 42 29 1961 2164 100
20 7 8 50 2374 2588 60
43 6 34 35 0 72 100
18 31 49 21 888 990 50
46 36 32 7 1240 1321 100
23 49 20 47 2596 2837 100
12 29 44 30 80 215 90
23 46 6 38 1019 1163 80
6 42 5 15 966 1213 90
10 6 33 8 3161 3236 90
15 28 23 6 3022 3168 70
28 16 17 11 2524 2596 90
10 35 35 34 1710 1877 70
33 35 6 19 2922 3085 80
49 19 36 13 3158 3357 50
29 46 32 43 821 871 40
30 10 33 36 2250 2381 80
41 24 14 30 2987 3061 70
11 30 5 5 3163 3223 50
11 46 42 25 3058 3288 80
34 48 6 30 2606 2733 60
33 5 11 47 2328 2381 70
42 7 29 19 1626 1745 70
29 6 34 45 1163 1343 60
7 22 15 35 171 348 60
17 26 7 29 440 675 40
23 49 19 45 1634 1741 50
18 49 40 18 110 360 50
39 44 49 13 1608 1675 60
15 35 7 29 1306 1432 80
49 34 40 12 1500 1612 100
11 24 37 22 909 970 100
28 29 39 44 388 577 60
20 47 15 25 503 561 40
23 15 11 26 1660 1812 50
48 36 6 7 1293 1461 40
31 7 28 18 1175 1369 90
21 39 43 44 1326 1559 90
25 33 32 48 347 585 40
17 8 29 19 3518 3610 40
19 6 45 40 2249 2447 70
35 49 18 33 2380 2617 80
27 5 8 9 1762 1943 50
41 35 36 19 655 801 50
19 12 29 16 2622 2737 100
44 30 30 16 533 590 100
16 33 8 12 3462 3524 40
32 28 47 15 2704 2904 80
35 24 16 24 2643 2883 70
48 44 40 11 2053 2126 90
42 33 38 34 3492 3589 70
37 48 23 24 3577 3782 100
43 50 18 42 2229 2317 60
11 13 33 12 1382 1546 100
20 48 27 34 1795 1994 50
29 40 39 8 2621 2865 50
8 10 33 20 3381 3516 40
45 6 8 32 2815 2881 60
48 49 30 41 1672 1807 50
41 7 5 22 2579 2802 40
7 22 26 5 1184 1377 90
31 19 37 8 3187 3382 40
29 46 50 25 3401 3526 60
14 23 42 8 2833 2883 40
25 45 46 41 854 963 60
22 26 8 31 2291 2416 90
23 37 12 11 1974 2164 40
30 37 19 48 3438 3611 90
47 9 11 46 3181 3325 80
19 6 11 6 1844 2076 40
39 23 6 18 1406 1556 100
22 8 44 43 147 383 50
24 23 43 41 860 1086 90
36 46 7 23 927 1161 100
40 32 21 41 2850 3011 60
7 45 22 21 1689 1747 40
42 7 44 42 139 341 70
5 16 45 28 255 395 50
49 44 33 19 1231 1468 40
24 43 33 49 2104 2176 40
13 37 50 22 2643 2890 90
45 18 32 28 2900 3064 90
49 20 26 24 3269 3396 90
29 5 44 26 199 296 90
22 18 7 46 1390 1440 100
45 13 42 15 1716 1935 100
19 50 21 19 140 327 50
29 13 28 24 1322 1381 100
6 49 34 13 2466 2663 90
46 41 13 16 1638 1791 100
22 47 46 7 1378 1578 100
11 32 37 28 37 202 90
25 29 12 6 3428 3515 70
30 17 18 36 401 604 90
8 7 30 26 2459 2561 80
44 5 32 5 903 1023 60
7 13 35 12 2877 3048 40
20 40 32 37 3264 3464 60
27 31 41 27 428 661 100
49 41 37 44 336 445 40
40 26 47 37 2633 2879 80
18 47 30 28 1616 1809 40
6 6 10 28 2959 3072 90
28 50 6 15 1423 1518 100
5 33 50 50 1809 1998 40
23 31 11 25 3362 3524 60
18 35 47 25 3576 3792 40
34 8 31 48 2481 2664 80
29 40 13 45 608 809 100
6 36 25 45 332 384 60
48 50 17 8 2955 3016 60
44 23 45 44 3364 3541 90
20 22 26 18 836 936 90
23 47 41 39 2438 2498 70
27 39 13 11 3149 3310 60
19 34 24 21 2334 2456 100
10 43 39 45 2964 3106 70
28 29 16 23 2937 3044 90
34 16 31 20 1201 1326 90
44 45 45 17 1722 1842 80
5 20 31 30 102 200 100
44 34 38 21 2030 2153 100
42 45 8 5 796 879 90
24 31 26 26 3101 3234 100
47 20 14 28 2287 2533 100
12 38 20 36 3575 3815 80
30 43 37 36 3484 3720 60
18 35 14 7 883 973 90
45 28 38 10 2647 2830 90
6 50 28 39 2369 2488 50
8 5 14 45 656 824 70
8 23 21 35 2920 3166 100
31 44 17 34 1655 1837 80
24 35 5 14 2735 2807 50
30 10 36 18 2639 2698 80
37 36 12 27 1558 1766 70
10 43 33 14 2390 2558 100
47 26 11 32 444 638 50
14 19 47 50 3344 3471 90
44 17 23 17 1234 1380 50
16 13 16 35 2905 3006 50
38 36 36 8 1406 1464 70
11 24 31 48 913 1015 60
41 27 45 46 1336 1553 70
45 15 27 38 1600 1822 60
49 12 25 49 2026 2168 40
5 39 12 9 2417 2535 80
44 35 42 25 919 1122 100
14 26 44 30 2778 2937 40
7 46 40 14 2315 2473 70
33 14 5 30 3270 3407 100
27 26 12 22 1339 1442 70
14 28 38 21 1052 1193 80
46 11 24 40 2679 2902 90
29 23 13 32 2189 2398 40
34 10 20 14 2543 2679 80
21 24 25 40 1317 1433 70
10 29 42 44 2598 2719 100
5 21 19 17 309 369 50
44 46 32 36 2841 3046 70
7 8 21 40 166 380 90
13 47 45 15 1239 1372 100
30 44 48 10 3103 3189 50
22 40 20 23 1947 2171 100
35 50 31 40 1974 2158 60
43 44 19 9 1481 1634 80
39 17 50 45 831 883 90
25 33 16 36 1796 1927 40
20 8 30 8 923 1134 90
19 29 11 34 1819 1983 100
28 39 14 39 2828 2914 50
37 32 31 38 2649 2848 40
32 49 24 25 3372 3452 100
49 50 49 23 306 394 70
7 33 14 47 909 1009 60
41 49 9 15 1066 1305 80
50 46 34 47 3425 3482 100
16 24 22 39 3199 3395 60
8 12 26 50 248 491 60
46 30 35 12 371 581 90
19 10 12 38 2583 2739 100
36 48 7 12 1812 2034 80
41 12 7 25 461 569 80
20 22 12 20 3191 3284 70
17 22 28 42 3049 3266 40
19 49 19 10 359 490 60
11 9 30 6 1627 1795 70
29 49 34 14 77 314 40
13 45 30 45 2488 2708 90
5 18 15 30 3244 3396 60
50 33 8 30 257 500 50
24 48 8 22 323 393 80
34 33 38 36 233 445 60
6 5 48 39 2222 2406 50
32 23 36 10 2941 3116 80
47 30 20 47 216 267 70
29 32 22 6 2172 2272 100
16 25 20 10 86 197 80
36 39 8 48 3238 3379 80
46 48 32 45 1608 1852 40
50 7 49 33 3477 3631 60
38 5 21 34 3111 3192 50
43 29 22 34 1040 1125 80
14 50 12 18 1312 1480 100
25 31 30 7 3045 3281 60
11 48 38 34 2498 2695 40
26 37 48 25 2447 2534 40
49 14 37 34 501 557 70
27 19 45 32 3132 3263 70
42 35 31 38 1855 1907 80
39 10 17 30 1599 1718 70
33 24 24 45 141 300 100
21 28 18 33 1438 1585 100
37 22 5 20 3143 3352 60
21 22 43 41 1588 1729 60
23 22 37 11 3190 3402 40
27 39 32 15 3297 3533 100
9 41 33 6 839 978 50
22 28 50 37 1429 1595 60
26 25 20 17 200 424 80
5 48 42 11 1958 2079 40
28 28 20 23 3404 3613 60
20 17 21 40 2876 2934 70
12 32 25 24 3470 3556 80
9 11 25 11 59 131 100
