450
20 83 22 34 0 163 646
43 22 97 39 0 194 505
84 29 99 56 0 268 895
96 97 10 61 0 296 228
72 84 91 20 227 472 835
57 38 48 13 313 444 516
83 62 42 70 410 730 512
64 77 25 99 515 855 707
50 79 15 94 563 840 207
18 14 37 37 616 730 502
52 99 25 70 816 1169 577
92 19 21 72 908 1230 217
64 96 100 18 1018 1281 574
40 98 49 24 993 1194 662
54 30 77 17 1229 1495 785
98 84 66 45 1476 1611 532
59 26 61 27 1396 1600 910
30 62 68 42 1369 1858 764
45 82 28 79 1506 1814 1000
40 50 32 53 1751 1958 695
14 29 32 64 1801 1921 196
11 56 80 71 2153 2773 675
43 30 35 71 2141 2108 450
51 71 28 16 2067 2357 608
17 41 50 25 2054 2428 226
36 28 89 13 2445 2710 677
10 24 51 59 2124 2568 855
34 34 73 49 2674 3124 963
92 60 49 13 2388 2344 433
65 31 90 68 2438 3088 483
15 89 65 69 2419 3041 967
53 86 45 43 3126 3553 660
50 13 86 66 2886 3532 415
42 61 69 18 3204 3148 591
94 96 12 53 2836 3534 172
84 59 70 52 3177 3293 962
13 75 80 78 2941 2936 376
49 14 72 22 3712 3747 872
99 35 69 55 3670 4663 874
59 48 10 54 4283 4418 515
73 18 75 37 3713 4230 822
91 75 72 75 3769 4479 884
36 32 17 67 4043 4779 413
77 63 28 33 3783 4519 422
25 26 87 44 4638 5194 722
94 57 65 77 4285 4859 488
56 22 40 83 4504 5224 466
72 70 76 63 4661 4714 335
71 58 41 43 5120 5446 354
63 13 47 77 4873 5163 262
65 30 48 13 5594 6787 711
97 98 48 84 5147 5640 260
45 95 82 94 6319 6718 772
57 17 58 78 6447 6100 290
32 90 89 37 7280 6869 210
91 32 10 73 7205 7152 845
34 44 54 18 7554 8219 434
66 48 70 91 8535 8270 961
59 90 31 72 7994 9715 939
21 25 72 50 8998 8985 314
41 57 58 40 8095 9816 269
72 67 40 74 9374 9509 429
68 30 35 83 9490 10373 440
22 86 24 40 10637 9798 974
69 16 54 53 9904 11320 867
71 26 32 89 10587 12254 941
45 11 58 14 12096 11818 247
83 38 90 54 12460 11690 931
11 79 39 81 10983 10307 960
89 57 41 35 12818 12902 212
63 16 84 17 12673 15031 967
28 34 61 46 12893 14245 880
99 81 27 30 12740 14835 765
82 75 24 36 12422 13136 110
76 57 57 49 14057 13500 210
30 56 61 22 15531 16010 499
94 71 57 78 14729 17533 692
98 94 82 24 16103 15873 369
68 79 95 99 17215 19861 964
15 79 81 30 19074 21987 256
47 13 27 13 15996 15655 926
47 54 66 23 20445 19246 985
14 18 45 73 18537 17309 604
80 81 46 63 21814 22225 472
92 58 78 40 17548 18654 437
10 91 55 71 22362 25998 231
34 12 100 34 22976 23662 202
86 68 31 96 21850 24901 610
54 46 37 91 24677 26787 553
23 73 49 94 25358 27053 591
31 11 14 65 26136 24038 259
59 61 24 37 27761 31427 699
68 33 73 40 26404 31268 646
35 80 88 26 24537 27429 970
66 19 86 57 30781 29828 920
43 75 49 58 27658 28567 570
66 88 82 50 27633 27484 882
71 99 94 35 26253 31061 161
38 90 13 37 28388 33588 694
48 40 38 98 32960 31934 990
81 27 99 84 33006 35853 532
14 12 74 68 27608 25555 168
62 18 34 77 30020 29144 301
37 76 71 65 32735 36093 440
61 90 34 20 29580 31044 821
85 41 50 54 32554 33755 329
79 51 41 71 32976 34405 146
64 55 71 10 34885 36121 127
32 34 38 68 38549 41953 777
96 27 43 63 36166 36849 726
81 58 24 34 35670 37560 284
63 26 34 69 33825 39725 966
93 46 81 68 42908 49171 992
95 65 47 33 38899 44061 245
37 44 56 95 45233 53023 547
36 89 49 90 37815 41639 888
47 13 19 71 41345 49064 985
21 92 39 29 46636 49060 947
84 45 80 48 41858 45526 352
18 71 23 35 50126 51197 412
34 74 26 21 47714 48558 759
97 99 100 73 43227 50263 167
69 16 77 54 53380 50266 408
94 100 36 94 50140 47943 799
11 90 40 19 52955 60807 359
95 18 98 23 60159 60706 314
36 52 38 13 54158 59972 630
20 64 25 43 57934 61780 195
50 56 73 40 58431 57567 709
17 88 35 92 59736 67312 218
42 44 45 69 63943 57952 684
92 95 81 65 59166 55177 130
47 32 28 47 69090 74256 522
73 92 82 49 63664 59934 977
21 13 81 35 59248 67289 359
36 67 32 93 60681 55742 756
14 53 12 56 66352 72040 386
52 13 87 15 61815 56276 891
29 91 41 12 60561 68338 692
51 28 93 76 69536 73739 265
11 66 47 13 61013 68392 861
51 11 67 97 66709 74950 403
40 16 19 75 61514 70230 948
26 36 71 20 66597 76074 689
93 41 33 11 72979 82403 896
29 53 23 63 75515 73110 179
74 31 45 50 81746 73833 402
43 84 93 39 79524 90417 338
25 73 71 18 86139 90003 544
45 65 14 58 95124 109681 760
83 93 42 40 83048 77532 264
17 54 29 22 90300 101334 212
74 24 88 22 89255 82355 269
17 29 85 72 100661 97923 360
82 62 56 67 91976 107114 725
89 47 73 85 94055 103861 540
62 22 85 22 96608 98788 719
20 43 58 39 106310 126864 572
77 30 68 62 88389 104846 936
86 49 88 25 91207 96364 924
86 66 49 83 110836 123453 371
92 35 13 99 103411 94065 249
11 63 69 92 111292 105261 616
68 87 14 71 107519 99460 189
19 66 66 33 114951 111096 503
25 57 42 85 108191 102360 821
46 57 92 17 115993 124647 993
41 13 41 25 128963 118531 353
13 80 28 13 123618 116913 877
97 55 68 20 122488 116695 500
42 45 55 37 144840 146293 865
36 17 93 50 133385 133159 812
74 14 53 29 139608 165992 224
60 24 40 21 121759 112674 995
38 28 92 32 147494 152123 898
53 90 40 61 150173 164635 459
55 27 66 13 162769 162696 455
63 44 60 18 174409 209430 929
61 37 36 10 181145 167345 470
20 73 51 76 171066 174102 252
83 86 54 75 159585 148548 848
48 58 40 73 177528 186340 812
82 31 54 41 196446 187498 138
48 64 35 74 166402 166989 368
48 34 68 69 163502 186142 949
95 14 23 37 159503 172832 259
72 88 27 58 184313 189228 452
61 66 86 42 157608 171515 268
61 92 71 73 191580 177654 973
47 52 12 37 168620 181129 424
96 34 67 37 173240 181000 453
96 29 62 37 160252 176346 153
82 61 56 66 158876 180907 735
63 16 63 38 194099 205594 530
44 85 84 78 201571 193909 619
83 87 80 21 176112 205590 326
37 67 29 34 213221 197071 747
84 15 23 64 233890 242091 720
80 14 68 46 206315 220453 904
73 61 60 69 243926 255567 503
41 15 45 66 241775 230333 176
58 61 92 25 228894 242760 432
44 48 78 16 249193 255418 193
38 37 26 14 272982 298555 366
88 39 30 73 272776 313132 417
84 33 27 24 306027 345993 399
47 82 56 89 322229 319927 547
69 47 31 46 284104 263120 239
68 66 33 33 328037 377249 103
40 51 88 67 359357 351237 867
34 49 57 70 330062 331192 763
79 81 25 59 351050 349656 212
53 66 97 39 358135 334503 531
15 86 52 20 394444 448492 869
52 22 84 89 426421 508222 871
44 52 80 46 457342 547469 739
62 68 65 25 489787 572555 617
48 30 100 13 509219 528240 355
38 27 39 26 543802 531108 928
49 87 93 29 494008 543850 552
96 33 92 94 550622 601181 988
57 94 74 60 535342 531322 246
61 90 26 20 537210 605771 370
87 78 80 50 561578 590456 1000
25 83 52 76 546452 577752 173
77 56 82 20 529092 584353 784
65 87 47 55 624036 565097 128
32 83 62 47 657410 768914 215
33 40 79 24 604215 696659 380
49 19 52 52 701266 757208 770
10 82 66 11 705234 845115 562
58 29 38 21 721076 725069 260
67 48 61 62 697971 771101 233
83 56 97 75 642028 753319 161
98 46 23 42 664737 712633 612
27 46 54 91 792543 906339 464
42 52 84 52 731383 727507 259
28 80 43 76 726654 676309 748
39 58 94 44 870344 948768 738
24 96 83 65 802498 950353 739
70 16 13 74 809416 951558 120
60 82 70 81 840963 811729 876
20 68 22 41 760160 901665 501
70 55 88 62 946856 1132250 167
78 66 40 42 967381 1069728 492
56 72 42 80 1018135 1080554 730
96 83 96 29 962014 1146650 424
86 87 22 43 1079924 978729 847
94 15 40 58 958699 1004118 180
36 17 53 44 991343 1148441 475
59 27 66 62 906411 950513 552
48 31 96 42 995030 1140594 888
52 99 66 83 992102 893950 867
68 63 15 11 951221 922898 640
14 11 79 40 995708 1106299 455
98 44 47 16 986475 1017421 226
90 67 51 76 1107256 1218403 372
21 57 29 64 1078342 1203981 539
61 54 92 24 1062342 960586 183
98 79 25 97 1053098 1027544 915
16 87 26 91 980833 1010337 910
36 86 79 90 945910 853398 819
18 84 19 25 1067737 1193314 443
46 68 82 64 1116550 1243269 317
99 93 20 72 1181167 1201358 757
54 39 12 67 1056553 1250692 551
36 36 24 20 1026434 1230683 800
63 83 90 49 1208052 1363978 933
57 64 85 63 1323726 1267638 423
31 52 82 38 1155148 1166178 521
12 25 32 91 1173199 1226535 906
61 86 22 53 1207369 1433003 556
56 34 15 27 1258000 1332805 671
17 71 35 60 1099211 1038334 456
97 21 30 77 1161209 1217493 232
59 85 76 12 1118902 1127453 950
98 45 45 16 1044291 1126286 748
17 90 26 36 1088966 1020501 296
14 95 67 95 1004494 1145245 144
54 31 29 69 1165644 1300497 571
83 34 22 30 1195456 1115660 923
91 47 90 60 1252352 1200142 183
77 15 51 10 1254235 1155648 319
91 23 82 18 1381444 1412492 547
87 64 100 49 1169692 1231517 221
78 56 82 14 1207614 1445503 414
79 95 77 59 1275487 1400391 716
14 93 84 19 1362738 1550739 217
58 29 12 38 1350189 1354853 608
76 33 29 61 1398307 1560368 828
63 17 22 71 1277449 1246960 834
51 89 31 64 1426025 1318109 731
45 55 49 57 1387001 1365654 150
96 62 67 36 1608459 1801064 261
11 26 64 81 1557219 1593401 334
18 17 47 72 1624836 1751767 592
15 63 25 79 1711535 1641864 320
91 48 73 100 1681154 1902897 310
89 36 75 96 1772781 1826592 432
66 64 59 42 1568091 1674482 529
71 93 15 85 1590404 1502375 844
51 20 60 96 1926248 2212566 427
18 91 81 68 1919770 1729123 739
55 41 97 12 1765958 1637025 837
90 76 86 58 2112433 2008888 465
14 47 83 32 1819362 1704165 629
86 88 40 66 1807553 1987394 548
68 59 26 80 1728838 1997999 660
67 76 52 65 1753129 1937276 405
66 49 96 80 1657552 1578422 528
69 71 75 50 1655998 1944207 734
46 45 51 26 1894195 1842170 375
93 51 59 10 2005030 2360688 559
88 48 81 15 2125992 2474010 476
64 96 43 26 1984815 2031290 109
73 40 54 48 2340759 2129127 631
76 26 33 77 2098632 2205816 392
80 40 87 45 2364248 2452011 469
94 65 36 28 2307660 2417898 597
59 85 65 72 2325090 2469651 823
100 52 85 45 2177511 2408494 227
30 90 65 24 2344856 2668732 837
52 63 89 85 2531657 2873335 456
88 61 86 61 2635691 2887853 782
85 94 71 57 2212247 2479821 786
62 58 80 25 2579303 2755873 491
53 41 29 39 2490244 2859918 714
56 38 81 69 2690433 2863762 273
75 81 60 78 2786372 2911072 744
56 52 20 28 2684033 2452210 213
13 85 72 79 2798658 2744143 812
99 18 29 56 2995742 3035052 206
98 20 71 88 2887816 3004549 357
11 89 100 51 3364786 3267091 200
49 99 68 66 2755147 3273017 606
60 59 47 12 2777788 2812241 403
62 47 63 11 3131623 2915930 629
65 64 90 81 2917371 2873983 324
70 89 19 79 3441350 3134568 633
28 43 43 66 3664142 3963581 697
35 36 33 83 3855557 3605043 863
15 70 29 15 4015454 4033346 670
46 59 13 88 3930454 3909258 185
39 36 71 11 4011216 3981902 154
70 50 72 38 3578879 4075033 672
35 94 58 57 4081325 4186305 614
66 18 79 63 3777279 3672265 169
78 95 28 76 4469948 4306563 456
96 82 65 12 3786730 3957250 441
95 11 26 79 3890978 3576538 379
43 78 96 17 4387320 4281249 433
52 57 25 70 4029628 4800881 104
89 23 52 24 4163454 4640895 670
97 97 67 98 3823368 3755145 570
45 96 80 80 4311140 4332598 668
23 16 12 33 4067565 4717931 152
68 57 54 79 4609495 4671641 654
80 47 24 71 4394546 4112795 286
76 18 66 88 4715853 4436634 952
65 10 16 16 4377744 4161196 745
80 45 83 25 5116388 5386623 390
85 33 16 73 4266476 4286907 579
96 24 67 51 4388990 4864438 142
15 19 50 32 4478032 4910650 816
44 15 77 66 5090270 5345735 344
76 38 15 60 4692232 4588025 158
65 64 77 25 5246680 6103240 131
36 53 70 64 4736049 5510989 962
37 40 23 22 5620222 5813796 139
82 22 99 88 5374686 5968877 454
50 22 33 48 5401631 5407265 151
28 92 16 54 6109913 7247722 234
43 93 23 78 6618802 7744768 772
33 25 92 26 5472463 6521829 982
96 94 12 24 5651528 6645607 584
87 87 44 58 6239607 5724568 931
95 64 99 22 6146763 6105741 739
79 65 61 42 6549307 6635251 259
56 13 86 53 6518785 7371306 597
45 21 52 17 7028545 8001753 340
87 17 33 48 5991393 5780334 323
28 41 88 93 6471893 6157359 605
49 49 23 91 6911671 6506408 327
24 92 36 12 7569402 7683721 500
63 51 15 36 7546009 8399200 850
95 77 42 67 7134117 8382423 548
56 38 100 60 6825279 8058847 926
79 95 71 47 8708499 8638910 654
90 39 33 75 8475850 8356743 178
22 89 69 20 8779102 8674581 649
22 27 49 31 8132488 8030819 643
53 60 20 18 8380484 8339552 365
31 54 45 69 7964951 8321828 108
26 94 81 10 9818724 10161805 974
56 66 80 45 8986237 8162072 916
97 86 34 43 8265471 8491091 246
80 45 85 88 8094010 8328290 382
60 29 19 53 9737314 8940471 705
61 92 68 52 9291590 10435893 138
57 67 82 70 10099489 9649798 196
23 52 90 46 8776071 10457761 298
55 99 97 40 9981283 10167781 283
86 21 18 79 9430845 10311437 807
61 82 17 73 9431354 10555448 927
97 13 62 17 10907424 10877686 392
97 84 94 72 10006159 11132064 940
98 83 24 21 11121967 10283177 162
94 92 88 39 9424993 9276746 138
53 53 43 68 10442535 9772272 885
15 73 78 86 11279795 11352930 996
11 48 96 75 10627412 11234687 825
51 31 65 90 10266096 11532252 215
58 63 81 74 9661711 9047902 669
34 43 100 38 10525696 9952347 661
85 13 32 37 11555814 13218691 181
28 94 55 26 12087289 11935978 489
25 69 84 61 10935919 11542721 800
42 71 80 88 13457798 14352998 860
24 47 83 99 12695123 14547399 135
97 65 32 90 13991195 14801224 279
68 95 20 37 13270601 14653155 857
82 95 71 89 15077187 17443280 972
30 40 53 42 13425036 15399840 405
82 64 52 21 15325792 15866785 748
70 96 18 36 14116708 16824623 248
29 20 76 55 14486692 15082147 874
100 21 57 89 16626910 17723613 209
84 19 90 18 16058907 14562041 195
15 88 38 92 16027887 17866730 935
55 18 36 53 15316506 14630206 715
93 33 38 79 17022434 18950002 165
89 28 59 97 18774205 19158932 491
11 33 87 87 18120539 20580701 903
30 33 86 39 18527815 16929224 687
13 54 48 44 21649659 23582525 329
70 66 41 75 21190307 23431928 763
60 18 69 50 19260989 21748753 315
38 75 94 65 23229263 25078280 821
13 77 32 14 19207863 21822975 507
39 47 80 72 22046811 24539180 601
86 77 49 52 25073516 25657738 262
22 48 99 88 23966508 28015827 809
48 65 49 40 23406665 25474903 789
49 52 52 45 27039175 29052651 184
42 73 34 98 25780146 27883645 533
48 89 78 68 26720237 29983528 219
64 49 40 60 25199032 25444371 756
80 20 25 52 24824551 23282016 386
18 84 44 60 27790579 26554903 594
40 86 97 81 24403568 28199072 547
