350
49 29 37 47 104 5541 3500
66 70 16 30 58 3744 3500
23 44 55 43 22 983 3500
73 61 52 45 230 1510 3500
74 49 67 22 6 2926 3500
44 34 38 53 238 5594 3500
57 27 53 51 232 1462 3500
54 43 25 25 42 3049 3500
65 55 65 46 275 4886 3500
36 26 59 22 137 2826 3500
32 37 48 60 122 2014 3500
30 38 68 15 201 4538 3500
69 32 32 23 21 714 3500
62 44 53 67 179 1813 3500
22 49 39 74 54 5339 3500
41 31 22 53 149 5430 3500
38 48 45 16 159 3590 3500
59 22 51 59 20 4984 3500
22 62 46 70 130 395 3500
47 15 55 66 199 3679 3500
23 42 60 17 134 3423 3500
67 74 52 70 73 3028 3500
16 69 57 16 187 2751 3500
54 26 57 43 191 4529 3500
27 48 25 31 283 3417 3500
51 51 70 24 268 395 3500
18 23 16 48 39 2915 3500
65 64 59 16 161 1621 3500
71 23 40 53 284 2446 3500
21 23 55 23 182 979 3500
57 61 39 57 199 1515 3500
26 47 48 63 198 2554 3500
46 31 58 25 221 5976 3500
57 22 17 19 264 396 3500
72 47 59 23 130 873 3500
73 45 58 35 32 1626 3500
30 32 23 65 258 2159 3500
57 55 45 71 3 471 3500
16 25 17 33 237 1479 3500
47 58 60 33 44 1719 3500
55 47 36 36 213 4486 3500
22 73 52 59 25 2786 3500
27 27 66 27 244 2334 3500
19 53 42 16 231 699 3500
24 35 56 45 209 5176 3500
64 24 25 21 2 1405 3500
74 33 32 29 175 4580 3500
38 35 64 62 83 3035 3500
39 23 52 70 5 5447 3500
70 26 69 68 130 3469 3500
68 19 66 37 61 1690 3500
20 54 23 36 33 5989 3500
46 15 50 33 132 393 3500
33 33 28 44 124 3632 3500
24 40 18 53 64 4775 3500
70 57 48 17 284 3016 3500
41 32 26 68 40 921 3500
27 73 56 69 132 4716 3500
69 51 57 59 62 3269 3500
36 39 58 15 45 5110 3500
61 68 72 72 192 515 3500
56 18 27 67 188 5771 3500
44 48 57 42 125 3568 3500
30 51 67 39 281 2953 3500
63 26 21 20 86 3588 3500
67 50 30 37 293 2460 3500
53 70 43 40 133 1104 3500
55 44 31 34 147 3703 3500
66 58 19 55 216 2617 3500
59 58 26 69 93 3502 3500
28 18 44 48 96 5013 3500
68 67 51 41 194 2894 3500
34 62 53 44 59 6030 3500
44 18 40 70 150 2989 3500
74 34 24 38 197 4325 3500
42 55 66 39 149 3955 3500
17 32 23 36 236 3838 3500
35 69 48 22 57 1566 3500
15 47 58 40 43 1767 3500
48 74 39 43 138 2024 3500
61 25 30 68 258 855 3500
63 51 15 47 77 1958 3500
51 31 72 42 157 3999 3500
28 74 54 72 123 955 3500
51 22 52 20 106 3943 3500
62 50 46 68 22 2839 3500
47 31 51 47 199 1616 3500
51 49 20 36 47 981 3500
42 35 16 73 132 5851 3500
22 30 26 27 241 370 3500
66 34 19 18 191 5892 3500
50 16 73 32 288 1660 3500
66 17 52 59 116 5897 3500
35 58 64 29 88 2875 3500
70 37 67 53 56 2865 3500
44 19 62 67 289 1251 3500
67 65 21 35 0 6085 3500
38 49 59 31 48 620 3500
53 24 39 27 11 3702 3500
20 15 29 57 222 5572 3500
45 38 16 67 21 5108 3500
50 40 74 74 13 2637 3500
40 22 28 48 105 409 3500
55 73 68 73 204 3817 3500
65 73 70 29 0 1463 3500
18 56 35 36 78 5672 3500
30 30 23 46 49 4762 3500
15 74 46 19 81 3101 3500
28 24 71 46 168 1012 3500
50 58 43 34 139 1575 3500
73 45 35 71 53 916 3500
24 42 58 15 263 766 3500
63 55 29 49 271 4463 3500
15 73 33 22 271 3766 3500
69 42 15 23 151 5998 3500
24 45 38 67 277 4207 3500
36 42 46 43 12 2863 3500
49 40 37 47 104 3024 3500
20 46 39 43 23 1328 3500
33 41 60 26 227 4587 3500
46 35 45 72 121 5069 3500
18 17 63 33 186 1401 3500
72 73 61 39 191 5622 3500
25 29 42 67 196 707 3500
50 61 29 47 230 3691 3500
25 17 17 47 31 4317 3500
54 50 74 30 151 3257 3500
71 63 56 42 287 2598 3500
66 15 40 56 114 5580 3500
66 43 71 52 148 1974 3500
20 63 30 66 260 1413 3500
54 15 38 67 203 4772 3500
22 53 43 38 54 371 3500
56 20 36 36 20 2481 3500
60 50 34 50 288 434 3500
47 69 63 48 196 5257 3500
52 54 26 15 286 803 3500
64 49 44 68 65 3466 3500
39 23 61 38 242 3071 3500
70 66 27 45 78 2863 3500
63 26 44 70 108 4169 3500
29 61 49 35 166 358 3500
32 38 45 27 169 4400 3500
20 67 32 18 110 3078 3500
72 43 72 74 97 4221 3500
58 15 42 35 83 2883 3500
70 35 52 22 32 441 3500
53 52 21 30 255 3029 3500
25 72 55 32 32 1233 3500
31 41 69 71 129 2344 3500
47 47 58 20 197 2426 3500
71 59 59 32 115 5395 3500
55 60 46 43 192 5292 3500
20 15 54 34 210 3968 3500
23 54 39 45 99 4000 3500
19 71 47 25 144 2769 3500
71 74 61 52 6 5990 3500
29 30 29 69 274 1504 3500
57 24 24 71 150 3090 3500
67 49 34 64 137 4114 3500
59 31 33 20 146 1248 3500
23 67 55 44 86 2702 3500
69 15 38 63 261 3518 3500
73 17 18 19 49 337 3500
19 15 58 71 24 3822 3500
24 31 67 70 26 4639 3500
54 62 23 52 241 4356 3500
23 29 40 40 244 967 3500
17 64 26 25 160 5895 3500
37 15 68 58 71 1765 3500
27 71 67 62 197 511 3500
67 33 44 21 7 5403 3500
72 19 39 41 220 990 3500
21 47 24 54 220 2618 3500
68 23 34 63 254 2588 3500
50 34 60 54 240 3747 3500
43 25 68 71 206 2027 3500
58 58 34 36 80 1384 3500
50 65 70 35 6 1088 3500
33 50 58 56 236 1457 3500
66 68 26 35 112 4144 3500
61 15 47 33 45 4100 3500
42 59 38 60 19 520 3500
22 53 48 42 298 1068 3500
27 58 23 42 248 5822 3500
19 58 39 38 52 1096 3500
16 22 52 24 94 3291 3500
28 21 24 36 4 3277 3500
36 67 37 69 165 905 3500
28 30 59 74 203 3431 3500
57 47 37 53 64 1838 3500
20 30 44 40 52 2566 3500
23 71 34 53 40 1301 3500
27 63 24 37 6 1743 3500
30 32 66 64 125 2555 3500
44 39 18 46 19 1474 3500
32 59 74 25 37 2162 3500
59 45 25 67 69 5180 3500
34 16 36 61 112 667 3500
52 33 52 31 228 813 3500
21 60 19 34 27 1146 3500
61 34 54 17 94 409 3500
71 72 25 62 77 465 3500
73 28 52 31 151 5843 3500
66 48 69 59 238 4562 3500
74 71 63 73 30 4247 3500
58 44 16 43 219 3086 3500
23 17 53 34 5 5201 3500
37 57 26 25 297 1231 3500
65 40 71 32 239 3723 3500
60 68 35 32 156 5398 3500
17 70 32 31 272 2161 3500
66 71 30 51 250 3890 3500
39 59 44 41 100 5529 3500
37 73 62 59 138 1958 3500
64 64 64 23 160 5706 3500
64 51 20 28 84 2059 3500
37 17 15 54 148 3557 3500
20 24 48 23 216 335 3500
69 25 72 56 154 5756 3500
46 20 18 68 192 2133 3500
61 44 15 19 232 4931 3500
67 57 23 16 161 943 3500
72 22 41 59 294 1123 3500
50 40 28 34 279 3137 3500
45 65 46 39 293 2963 3500
27 49 67 60 45 2249 3500
28 54 15 24 206 4822 3500
55 58 46 58 287 3378 3500
70 21 72 25 50 3181 3500
39 51 55 58 293 2514 3500
23 71 38 54 182 2031 3500
62 67 55 34 128 5245 3500
21 43 70 17 0 4480 3500
36 49 66 50 13 3456 3500
23 36 52 69 284 5682 3500
68 27 56 70 248 3842 3500
44 65 20 19 118 5593 3500
54 25 25 66 121 4597 3500
54 44 46 25 258 6057 3500
45 35 34 26 175 1306 3500
31 41 67 69 165 2712 3500
28 42 64 47 249 2423 3500
56 48 31 44 123 466 3500
53 32 55 19 279 5318 3500
50 37 53 64 26 1181 3500
43 34 52 54 183 2483 3500
39 50 65 66 77 2463 3500
54 43 17 42 276 6071 3500
21 41 17 55 295 3784 3500
34 69 55 59 260 516 3500
29 38 46 49 281 5545 3500
16 68 41 59 51 1186 3500
44 61 35 36 169 4159 3500
23 18 25 21 92 941 3500
66 27 23 72 281 5387 3500
47 70 19 62 40 1994 3500
46 57 53 60 286 1011 3500
21 43 42 38 209 4034 3500
43 29 31 37 218 5498 3500
27 53 52 17 233 4743 3500
39 30 19 54 84 462 3500
44 43 24 62 84 3476 3500
44 30 33 32 27 3159 3500
19 28 34 20 78 2474 3500
31 68 73 65 38 848 3500
28 19 69 51 75 2741 3500
44 71 60 69 298 5613 3500
47 69 60 58 96 1519 3500
60 28 74 60 195 5669 3500
65 52 60 21 296 4827 3500
35 59 60 58 151 2704 3500
66 36 73 50 127 745 3500
35 30 50 74 273 2131 3500
67 55 43 41 231 1546 3500
40 71 68 61 243 3399 3500
68 33 60 63 42 5406 3500
55 45 55 62 51 656 3500
61 27 20 29 186 2348 3500
23 29 73 26 179 372 3500
46 48 54 60 228 1970 3500
43 68 20 62 37 5903 3500
50 40 36 24 83 3730 3500
37 29 26 53 163 1225 3500
35 54 64 60 128 2315 3500
39 55 61 53 102 4356 3500
43 53 68 60 61 4094 3500
39 37 22 33 60 1860 3500
33 61 29 68 68 6060 3500
42 71 48 53 229 2690 3500
59 19 40 63 169 2500 3500
41 19 22 44 8 766 3500
72 74 49 69 175 2383 3500
47 20 38 55 109 720 3500
65 24 27 25 153 2640 3500
18 41 41 49 98 2744 3500
26 21 57 36 3 508 3500
51 65 63 43 298 5311 3500
18 24 38 30 177 876 3500
32 59 15 66 174 3397 3500
55 65 56 41 205 5440 3500
57 17 74 68 270 5917 3500
43 40 27 50 26 4519 3500
23 25 38 56 222 410 3500
58 31 35 39 201 2328 3500
43 74 19 20 240 933 3500
53 40 45 50 118 319 3500
50 71 56 28 41 3853 3500
42 25 20 57 208 6050 3500
69 17 54 64 56 2022 3500
37 73 17 73 160 3439 3500
58 41 60 41 251 5943 3500
74 64 30 32 109 5173 3500
41 71 32 42 237 2367 3500
51 53 34 17 229 2461 3500
29 26 51 36 135 2157 3500
41 40 51 64 287 4190 3500
74 21 73 19 145 4539 3500
36 38 65 50 2 3506 3500
72 56 74 33 116 1447 3500
52 36 17 24 276 1619 3500
52 26 26 24 27 400 3500
67 16 21 68 258 3265 3500
32 48 68 17 262 1177 3500
46 18 29 60 187 1073 3500
16 52 49 26 202 2661 3500
50 65 64 65 216 3846 3500
67 19 34 38 83 5890 3500
41 62 62 28 48 4501 3500
59 67 36 61 208 5801 3500
29 46 20 24 178 390 3500
56 18 61 49 104 3411 3500
28 22 17 68 93 3719 3500
61 45 67 66 266 3967 3500
17 29 62 71 225 5236 3500
17 53 45 28 154 2175 3500
34 74 23 72 185 5609 3500
42 71 22 60 186 1984 3500
69 46 35 35 273 2916 3500
53 28 61 67 191 842 3500
42 32 60 41 105 2585 3500
20 35 68 53 261 3712 3500
50 45 62 21 265 5377 3500
31 25 26 18 254 3742 3500
53 63 64 45 251 4783 3500
32 65 23 59 154 1895 3500
42 28 45 73 167 5672 3500
33 62 39 55 82 1004 3500
30 38 19 28 201 457 3500
22 54 23 18 35 428 3500
