350
64 84 98 63 4601 4947 168
83 93 91 22 774 1511 299
66 25 10 71 1999 2767 286
62 26 64 47 506 747 194
64 70 63 40 9295 10080 207
57 57 16 11 6590 7456 150
24 44 90 78 1531 1793 254
92 65 97 55 505 1032 281
29 61 28 68 228 545 162
67 47 79 18 2580 3781 364
33 38 39 82 1170 1643 388
27 11 96 82 4853 5644 221
21 77 47 95 145 786 160
49 45 46 73 2265 2704 281
25 56 39 77 6151 6469 310
36 70 19 88 14695 14924 368
76 86 93 75 55 419 251
95 46 77 45 13733 14022 286
86 83 60 53 7180 7989 231
62 86 19 84 10720 11836 251
89 55 67 78 418 724 176
28 18 74 25 11419 11595 276
86 47 18 64 6920 7136 310
29 39 29 44 1740 2015 323
98 61 18 77 5070 5471 197
38 23 41 80 1574 1841 342
70 32 41 50 2539 3058 277
73 23 90 34 3819 4141 186
88 59 82 92 1842 2331 176
41 84 72 44 1146 1590 270
13 70 40 99 8529 8757 228
79 61 29 79 12538 12971 312
55 39 20 76 7069 7993 347
66 88 47 48 3788 4707 238
56 81 51 45 1911 2444 228
19 57 43 61 12 444 289
45 10 28 81 286 521 283
27 58 57 47 6 271 239
42 96 44 60 2945 3713 274
54 71 41 83 2086 2697 253
65 22 72 75 12189 12844 387
36 89 81 84 1417 1722 320
84 17 36 48 2740 2990 290
13 34 92 24 1919 2208 373
51 21 98 52 12409 12701 369
43 22 68 27 2251 2576 326
26 87 94 55 18955 19423 185
52 28 50 58 4202 4830 170
93 74 37 35 1197 1956 238
59 18 31 65 1007 1425 397
62 97 19 93 2175 2465 169
75 74 57 26 2291 2877 337
68 32 16 57 5081 5503 243
10 47 85 18 1579 2093 362
37 91 40 31 3868 4246 202
96 77 22 86 5152 5798 321
79 94 88 21 77 929 188
74 23 88 46 1262 2087 359
35 94 40 39 2743 2986 341
33 16 63 33 545 1087 297
100 88 38 51 479 1571 212
34 14 34 92 3626 4067 253
91 91 52 43 6864 7579 165
83 40 33 37 1240 1566 290
46 44 42 81 5156 5760 177
82 90 22 70 886 1232 281
85 10 82 79 1087 1604 221
45 51 12 41 273 590 387
58 55 54 86 1925 2201 154
41 24 57 77 10013 10464 221
39 66 78 81 41 312 191
66 35 19 91 939 1516 307
65 61 95 84 5339 5649 311
24 92 74 88 723 1483 170
16 11 20 64 8200 8349 295
25 60 63 62 1035 1281 234
82 58 74 90 2143 3095 374
23 89 25 70 5548 5924 180
16 55 45 53 4147 4351 201
35 21 59 41 1552 2209 249
25 62 33 76 7056 7285 251
31 67 42 96 9823 10107 337
77 32 27 41 2933 4041 252
63 18 73 34 3312 3685 300
65 57 95 80 10792 11091 365
63 25 89 71 485 1025 273
14 59 47 26 2782 3542 262
90 60 52 25 2416 2645 303
92 54 43 72 4958 5982 172
82 63 47 79 6111 6392 186
98 58 25 97 6690 7549 233
52 52 25 63 11261 11794 241
15 74 26 84 6021 6651 345
35 48 56 36 1844 2214 316
71 21 43 26 50 249 296
34 15 61 81 1275 1676 177
91 69 46 17 6416 7139 222
35 64 18 37 4044 4253 298
26 24 41 11 151 279 174
92 68 97 97 3790 4634 250
83 23 98 66 3150 3568 315
78 68 35 71 6934 7209 347
41 34 32 59 3282 3534 183
34 98 73 35 1967 2654 289
12 61 32 74 12480 13117 270
24 62 44 48 695 876 295
78 46 39 64 73 388 219
80 55 88 43 2221 2554 293
54 62 57 32 3166 3620 282
58 73 78 78 7533 8278 196
56 82 98 51 1525 1906 255
62 38 47 32 93 689 332
61 53 20 68 2837 3298 269
21 24 21 73 1517 1671 315
58 59 92 39 945 1314 224
48 69 46 83 18098 18367 373
23 85 24 50 9898 10089 203
46 24 84 21 11793 12290 214
72 22 76 92 664 946 340
29 36 89 37 4978 5250 195
29 81 53 90 3117 3408 358
97 75 98 46 3043 3917 240
100 60 91 39 17298 17614 202
85 22 38 61 3029 3374 196
59 52 82 18 7085 7623 384
64 82 40 30 10882 11103 247
51 41 35 12 2003 2169 315
23 57 51 84 5263 6150 353
25 84 64 16 8184 8877 207
82 72 21 91 3537 4230 222
42 56 60 82 127 808 305
91 41 45 45 11451 11824 293
79 83 39 37 8405 8720 251
81 88 57 84 2642 3138 272
31 20 25 29 1452 1746 386
64 30 74 91 2856 3177 212
74 79 100 65 155 760 288
61 33 18 81 2852 3104 304
50 85 37 10 9088 9333 236
85 88 14 33 3267 3675 314
28 10 35 52 5105 5473 302
75 25 58 36 7530 8021 152
100 62 82 70 3246 3887 237
78 82 95 38 11376 11686 312
99 11 97 79 14672 15335 185
90 23 54 22 5883 6197 213
36 38 28 68 7124 7790 381
72 33 78 31 49 604 174
35 48 13 13 4327 4874 254
93 14 15 23 6149 6469 354
81 65 26 54 5000 5710 338
50 10 30 36 2357 2538 312
41 46 59 24 7600 7770 156
64 76 27 62 11152 12013 294
11 52 10 48 2304 2476 312
47 44 93 76 5171 5937 320
71 18 20 90 7774 8016 287
88 21 28 48 7370 8144 157
72 68 74 35 1551 1908 362
28 15 30 47 428 873 291
71 35 57 35 7151 7439 313
54 73 28 23 5458 6503 352
63 97 82 17 2813 3101 348
52 99 42 65 1826 2175 393
81 28 66 49 9314 9894 172
50 97 44 47 1567 1880 214
95 40 58 62 12705 13568 307
70 21 55 37 2050 2397 384
64 86 10 47 323 599 340
31 95 92 41 16800 17242 152
51 95 82 59 8450 8758 279
65 59 100 58 5083 5482 253
94 19 75 27 16114 16585 247
94 87 12 26 5726 6000 206
64 82 11 69 9409 9656 247
10 99 33 19 8400 8571 183
91 69 98 96 13609 14194 354
49 49 52 83 868 1169 228
60 34 93 19 11012 11481 201
52 34 26 70 2216 2898 252
65 71 76 99 5065 5432 392
93 57 60 44 3413 4005 305
35 97 35 16 9769 10083 369
60 59 56 97 228 540 207
27 69 16 28 1190 1829 313
32 28 91 15 1754 2534 371
92 93 90 87 7327 8234 226
35 24 81 97 2455 2882 328
58 16 74 37 4629 5419 361
38 34 77 20 1180 1800 224
86 33 98 29 8172 8998 179
52 90 91 48 96 588 196
81 63 79 64 6877 7611 291
100 59 71 99 7423 7790 391
17 96 54 89 9492 9883 193
66 89 69 44 1574 2156 346
21 14 59 37 8584 9084 174
91 95 74 62 10525 10856 396
60 73 53 20 199 444 232
89 14 42 16 1091 1329 315
31 88 28 67 1078 1445 344
37 59 16 31 6023 6488 183
78 45 36 13 17507 17742 200
72 49 26 28 7434 8297 198
23 16 94 80 10227 11345 322
15 42 91 83 5537 5922 209
58 16 99 53 3244 3848 366
26 80 67 92 61 730 176
63 54 24 22 2697 3362 310
28 40 11 14 117 217 235
46 96 14 48 4575 4938 224
94 30 61 85 2818 3242 349
37 88 34 61 4951 5968 227
18 66 34 67 3554 3759 204
79 84 42 18 4279 4514 379
53 73 30 81 5573 6038 233
89 39 89 49 1255 1786 167
85 68 37 54 3018 3470 339
77 69 75 11 2505 3175 370
32 81 36 44 1341 1744 270
25 52 20 35 2365 2868 308
32 28 82 26 3254 4212 182
65 18 50 63 723 978 248
33 65 84 77 5353 5714 209
31 50 89 87 6588 6952 372
100 43 24 78 7322 7735 302
80 99 93 17 3776 4219 239
28 92 81 72 22 318 296
10 83 21 86 2009 2499 330
83 37 78 45 6280 6838 399
13 58 72 99 3205 3463 353
67 84 43 68 9535 10188 252
86 20 24 97 2408 2647 345
100 24 77 43 12501 12991 249
49 93 22 97 14369 15170 296
33 16 16 68 491 625 290
91 53 24 62 5656 6095 359
74 31 37 41 10495 11215 257
31 94 89 16 133 475 224
84 19 10 47 2723 3060 259
92 33 16 67 2415 2883 316
77 31 61 54 6402 6737 297
95 59 45 57 1870 2426 388
62 40 25 79 3993 4487 286
60 54 72 93 5931 6347 208
89 84 91 74 1456 1835 236
48 17 68 95 12121 12381 359
74 99 93 94 14659 15218 296
79 24 45 73 652 1346 151
90 75 12 89 9207 9797 150
21 49 84 84 3657 4328 242
39 65 92 86 567 923 266
80 23 72 53 2748 3138 351
62 41 61 58 264 520 328
99 82 81 52 3203 3572 160
80 65 53 94 1827 2205 237
46 82 59 59 6289 7086 168
74 43 36 70 7236 8047 348
44 27 30 68 5663 6183 252
24 40 41 50 22 878 220
48 32 39 13 3350 3752 211
37 45 78 20 1072 1252 284
99 23 30 96 2901 3548 381
90 14 70 94 2756 3190 189
54 16 97 75 8418 8913 183
14 26 83 80 12036 12397 215
68 28 51 85 10413 10708 344
63 22 41 66 485 698 385
84 36 19 73 12909 13130 236
67 62 98 19 10762 11150 222
83 88 78 42 3703 4007 226
46 83 63 55 13930 14232 253
79 36 41 68 6995 7946 190
47 35 45 18 13831 14010 372
59 77 17 40 589 1000 190
80 36 56 10 4643 4948 316
88 96 35 80 388 1364 181
98 73 23 37 1919 2155 372
93 38 28 21 2462 3306 354
70 24 83 72 17593 17912 325
58 81 44 71 3683 3944 238
76 62 37 95 5526 5901 248
42 67 81 99 12165 13070 385
39 90 30 11 1584 2326 377
59 42 89 23 507 856 157
26 60 94 12 12550 13044 354
100 40 45 20 642 1433 208
66 84 35 57 2253 2658 200
46 60 100 54 17593 18032 370
49 47 22 61 1903 2172 300
85 85 22 43 13145 13700 233
26 52 91 74 7383 7778 203
10 70 64 65 4194 4531 275
68 87 37 98 1537 1920 343
72 21 96 92 6968 7290 288
15 22 90 75 3156 3648 180
70 66 32 88 4399 4796 204
27 57 54 41 11279 11652 350
66 65 64 43 5384 6037 398
72 33 20 49 173 1050 228
70 37 46 80 18437 19249 240
34 13 56 73 9409 10260 273
71 12 45 93 2760 3125 195
36 12 42 71 4578 4820 243
89 85 41 15 767 1218 217
67 35 91 95 4014 4430 181
66 77 53 18 4691 5247 160
20 60 60 22 1409 1595 280
45 52 88 47 2015 2305 258
56 57 35 69 5405 6119 172
13 75 59 46 131 936 259
33 82 59 57 806 1763 251
78 14 74 83 1916 2699 168
37 63 30 73 6897 7210 249
87 53 18 73 3809 4175 304
75 79 82 80 10606 11085 154
53 28 81 35 3894 4560 390
95 26 63 33 5955 6785 242
10 24 15 77 692 985 386
69 31 80 55 1856 2739 393
62 25 24 35 2414 3138 301
82 36 27 73 5087 5837 353
81 56 20 98 8966 9233 198
94 71 50 13 14016 14322 252
26 16 64 16 4996 5146 388
95 51 10 88 2358 2764 199
83 97 60 24 1651 1950 186
86 67 72 59 11795 12182 213
95 62 17 90 3147 4229 366
87 36 94 81 997 1520 360
43 41 78 45 11763 11979 349
98 97 51 59 2965 4051 150
84 72 65 32 162 565 337
54 79 98 55 10196 10866 210
35 49 23 66 552 1048 205
78 14 32 17 7516 8337 228
99 20 12 11 1087 1679 266
42 12 22 87 2350 3416 377
75 70 17 64 10828 11597 203
47 52 84 68 4090 4517 384
70 86 93 18 2336 2929 170
27 93 58 78 6502 6763 394
99 67 74 24 8655 9106 162
72 97 94 90 3719 4409 398
26 92 98 31 7201 7456 372
20 60 55 94 8505 8887 201
54 78 50 48 14219 14994 242
33 12 44 43 11790 11974 165
22 73 52 93 4886 5340 311
17 70 79 37 1710 2112 388
