250
12 15 15 8 2302 2462 5
8 10 14 13 2118 2288 2
15 5 7 7 1571 1644 1
7 10 6 8 585 676 10
8 10 10 13 1161 1250 8
7 5 15 7 1710 1807 2
6 9 5 14 370 500 3
12 10 10 10 731 794 9
6 9 10 6 1079 1146 5
11 7 12 9 558 704 8
11 9 11 11 1141 1306 3
15 7 13 12 109 214 6
11 9 9 13 938 987 5
6 12 13 10 1295 1420 6
14 12 14 5 227 347 10
13 14 13 14 1360 1567 4
12 14 10 15 1770 1953 3
11 14 14 6 2324 2473 1
10 6 14 12 1247 1359 10
12 15 10 7 2291 2382 1
12 9 14 8 535 637 4
14 12 7 13 99 277 1
9 10 13 6 2050 2173 10
10 11 9 15 241 344 3
13 10 10 7 2316 2452 4
5 8 15 9 1517 1639 2
7 10 14 15 2281 2403 10
10 8 14 15 2281 2427 1
15 13 13 15 526 685 6
12 15 13 5 2029 2086 4
15 13 10 9 2154 2234 9
14 6 8 13 80 187 7
8 8 11 6 1780 1882 3
7 7 12 8 538 602 9
8 14 9 14 1535 1672 9
8 6 12 8 561 631 4
9 12 7 15 356 443 5
10 14 14 8 944 1024 10
14 9 11 5 228 307 2
15 9 10 14 208 375 5
13 10 8 12 1903 2042 10
5 5 8 14 538 596 4
13 10 10 5 2308 2445 8
8 7 9 13 1722 1789 6
12 8 6 15 2267 2311 2
14 10 14 9 2127 2302 5
8 7 5 11 660 775 9
13 6 13 6 55 144 2
11 14 7 7 2180 2267 7
10 14 12 8 1297 1450 1
14 11 13 15 1345 1457 5
12 10 5 9 910 996 1
9 11 15 12 122 255 10
6 9 6 7 1917 2011 3
7 15 7 14 223 354 9
9 13 8 8 1551 1680 1
11 5 8 12 1175 1259 2
15 12 9 11 882 1002 1
10 13 7 6 553 606 6
8 10 9 6 1730 1768 10
8 13 7 14 2139 2201 5
10 10 9 7 1378 1496 8
11 10 10 5 193 298 10
11 7 10 10 1663 1728 3
6 14 5 12 524 640 9
14 13 13 10 362 459 9
12 11 5 12 1208 1304 9
6 13 6 13 806 878 8
9 7 5 9 206 265 5
6 13 9 8 1170 1225 4
15 11 8 11 1668 1759 2
11 9 10 10 602 711 4
15 9 6 13 953 1096 9
13 10 7 5 1022 1105 6
14 5 9 9 12 147 10
13 7 6 6 2126 2243 4
7 11 9 7 994 1073 7
5 5 13 10 58 164 9
12 7 11 6 937 1070 4
5 9 7 10 2129 2212 8
11 15 7 8 1615 1702 9
13 10 8 9 1475 1624 10
8 13 10 13 70 213 4
12 6 5 6 1695 1809 1
8 6 5 8 1631 1680 9
6 13 6 10 1937 2049 1
9 14 14 14 693 801 3
14 13 7 13 1097 1246 9
14 7 6 15 1404 1542 3
12 15 10 14 817 920 2
12 13 14 14 263 414 9
11 7 5 9 738 811 4
12 10 13 8 2202 2367 10
10 12 11 15 2152 2226 10
8 14 13 5 2190 2317 4
5 13 13 10 703 756 9
12 12 12 13 1708 1798 1
5 15 5 10 291 376 8
9 6 10 12 1844 1959 10
9 15 14 5 1578 1721 10
14 11 11 6 906 996 5
5 9 15 9 1626 1738 9
12 8 6 7 1550 1602 1
5 11 11 10 176 271 8
6 8 6 9 642 752 4
15 9 10 13 890 947 1
10 10 6 5 1112 1185 7
14 6 5 10 278 321 1
12 15 14 5 1002 1113 10
10 13 12 7 1142 1243 4
7 5 11 9 142 183 7
11 13 8 6 271 313 8
5 8 6 11 220 296 5
11 8 15 8 1295 1418 2
10 8 15 9 2023 2161 5
9 9 6 13 1889 1945 3
14 12 13 14 408 550 6
14 11 7 6 532 653 9
9 8 12 14 898 982 4
14 7 15 7 1303 1353 5
9 15 13 11 2046 2207 5
8 14 6 7 1336 1399 5
11 6 14 14 527 655 4
11 9 14 8 307 371 2
9 13 12 12 1817 1919 1
6 13 15 6 1103 1168 7
12 15 12 8 1060 1199 4
15 12 9 5 1459 1518 4
7 9 8 11 1886 2005 9
7 15 14 13 1279 1464 5
12 13 10 12 352 439 8
9 11 15 10 1861 1914 2
9 15 14 12 1325 1453 7
15 8 15 14 1745 1880 5
11 12 7 15 1967 2119 2
6 13 5 5 1513 1602 2
5 7 8 14 859 957 2
9 10 15 9 1404 1467 1
15 8 6 13 583 659 9
11 14 14 9 130 178 8
10 5 8 9 147 228 3
9 13 6 13 2315 2476 8
8 9 9 5 1811 1923 7
9 9 10 14 1706 1765 1
13 10 8 15 1121 1169 9
10 9 13 12 394 566 6
6 13 14 7 1706 1828 1
12 15 7 7 1104 1245 5
15 9 10 9 1837 1961 8
11 7 12 9 645 765 2
14 7 10 12 935 1057 8
8 15 8 5 3 56 9
8 7 5 13 2273 2388 5
13 13 13 12 1293 1431 6
14 15 11 7 2168 2215 1
7 11 14 6 1474 1549 3
7 12 12 13 2288 2363 8
14 15 7 14 1459 1540 2
13 14 12 15 955 1156 7
5 12 14 10 1467 1527 7
9 8 11 10 1207 1245 9
5 6 9 6 596 638 9
6 11 6 10 831 894 9
10 6 11 8 1145 1231 3
7 9 8 15 576 706 9
15 7 10 5 2121 2243 8
7 6 11 10 644 746 9
12 13 9 6 816 873 3
13 6 9 7 355 392 7
14 9 11 13 1002 1100 3
7 14 9 5 298 408 5
12 15 9 6 207 283 10
14 11 6 13 640 806 6
9 9 5 7 1565 1640 10
11 15 15 12 2191 2333 9
8 6 13 15 1442 1494 3
8 13 12 14 940 1031 1
9 11 8 6 1848 1884 6
8 6 13 9 963 1027 1
7 13 5 13 913 992 2
13 11 14 14 1534 1597 7
11 14 9 11 493 653 1
5 15 13 13 1171 1330 3
6 10 6 6 869 946 3
5 6 8 13 1585 1700 9
10 10 5 6 1233 1297 6
9 14 10 11 1878 1950 5
10 10 10 12 829 910 5
10 5 9 14 326 382 9
6 12 13 6 99 152 10
9 13 14 9 2095 2170 2
13 8 8 5 1436 1506 4
7 7 8 8 721 760 4
6 6 12 14 2031 2179 2
12 12 7 12 81 250 8
12 10 13 5 312 427 2
11 9 9 12 2085 2192 9
13 12 9 13 1120 1171 7
9 12 13 5 1304 1440 5
15 14 14 11 110 220 8
8 14 6 13 616 764 1
10 8 5 8 1549 1648 7
5 10 13 6 883 993 8
14 13 10 11 1226 1362 8
6 14 15 5 1256 1336 9
9 6 11 6 616 661 4
9 5 10 14 1963 2037 8
5 7 13 12 1316 1406 10
13 7 7 10 594 683 2
9 15 6 14 2303 2365 7
13 10 15 15 776 880 6
6 14 7 8 1655 1747 5
6 13 14 6 872 987 9
13 5 7 6 1722 1756 4
10 7 6 12 503 595 7
7 9 7 11 1737 1771 3
10 15 15 13 2314 2455 2
8 5 6 15 2227 2292 1
15 12 11 14 1072 1248 4
6 15 9 10 1023 1092 4
14 7 11 14 294 364 1
13 14 8 7 271 342 7
14 11 12 11 189 282 1
12 13 15 12 1379 1550 10
8 13 6 14 1301 1427 4
7 5 10 5 179 232 4
9 7 13 13 1988 2142 9
15 15 14 6 2094 2187 5
15 7 11 5 1206 1253 6
11 14 5 15 725 814 1
5 9 15 9 1935 2042 3
15 5 5 15 349 472 10
7 5 7 5 213 287 1
12 5 7 15 2073 2131 10
14 9 14 10 415 482 2
5 12 14 6 810 862 8
12 7 11 15 2321 2478 6
12 10 7 10 1904 1996 10
6 11 7 5 1536 1639 8
11 8 5 11 877 1011 10
13 8 10 6 70 108 8
5 13 13 11 216 261 1
14 8 5 13 639 768 9
8 6 9 7 1233 1269 6
7 12 8 15 2005 2151 9
7 6 13 7 1560 1654 1
6 8 5 10 1453 1544 4
12 11 7 5 761 879 3
14 8 6 8 1326 1401 6
13 15 11 13 734 810 4
