100
14 14 14 10 1794 1860 55
14 13 15 13 1798 1876 54
11 13 15 14 1777 1848 54
24 27 27 29 582 703 83
16 16 13 15 1362 1442 63
21 31 26 31 430 551 87
22 16 20 20 1228 1328 64
10 14 14 13 1773 1841 58
11 10 11 15 1800 1861 51
22 19 22 21 1133 1231 68
15 18 18 14 1472 1551 55
32 31 24 36 0 135 95
13 15 13 13 1802 1875 54
21 22 20 25 923 1030 72
33 32 23 24 315 447 89
30 25 30 30 95 230 93
17 18 17 19 1146 1229 71
19 15 13 14 1382 1466 65
22 25 30 26 485 611 85
27 21 22 18 819 922 70
26 20 23 24 902 1010 77
10 14 13 15 1784 1853 58
25 22 23 32 461 576 87
17 17 12 13 1446 1526 60
31 34 24 27 117 253 93
18 19 23 20 874 966 73
16 13 12 17 1464 1540 65
19 22 21 15 1233 1334 68
12 10 13 13 1829 1897 59
21 17 18 20 1226 1318 67
24 20 28 28 608 728 83
18 18 17 17 1238 1326 67
22 17 16 19 1196 1292 69
13 15 15 17 1523 1604 58
22 22 23 19 1145 1254 66
20 27 23 22 688 794 81
10 10 10 10 1838 1900 49
20 27 19 19 773 872 79
26 24 25 31 240 364 91
18 13 16 17 1456 1539 60
11 14 10 10 1829 1894 52
13 18 13 17 1490 1565 64
14 17 18 17 1499 1586 65
15 14 15 12 1760 1834 58
21 19 18 21 1318 1412 65
28 21 20 22 613 716 83
31 27 24 33 79 206 93
18 16 15 16 1475 1555 60
29 34 28 27 208 340 91
14 17 13 17 1537 1610 55
23 24 21 17 861 969 75
14 15 14 17 1570 1650 53
11 12 10 13 1795 1858 51
15 13 17 15 1516 1594 58
10 10 12 11 1770 1828 57
29 28 29 32 390 528 87
14 10 15 15 1757 1823 58
26 27 22 23 599 717 83
21 26 27 25 683 801 81
16 18 15 17 1542 1621 59
12 15 14 15 1807 1887 59
31 32 23 31 298 435 89
19 20 24 20 1025 1128 65
14 12 12 15 1524 1592 58
26 20 23 28 532 652 85
12 14 13 16 1459 1533 59
13 14 15 10 1777 1842 52
15 13 18 16 1476 1554 57
16 18 15 15 1173 1260 66
13 14 16 12 1520 1596 59
20 21 19 21 1123 1228 69
29 30 32 25 84 218 93
10 12 12 15 1755 1824 55
17 13 13 14 1459 1529 61
11 15 15 12 1792 1869 50
19 19 24 23 874 980 71
10 14 15 14 1835 1910 52
19 23 26 19 930 1039 70
18 19 18 26 952 1054 68
17 20 20 21 985 1082 66
15 15 15 19 1250 1328 62
11 15 14 15 1783 1853 55
25 28 27 25 481 602 85
19 20 19 14 1366 1452 62
15 13 14 12 1822 1899 58
13 13 15 12 1733 1808 52
21 26 27 20 491 608 85
33 26 27 35 0 137 95
10 14 11 15 1749 1820 59
20 22 20 22 1064 1170 65
13 14 13 12 1754 1823 50
13 10 12 13 1784 1855 50
13 15 15 14 1451 1531 60
19 17 15 21 1184 1275 64
26 27 20 26 785 907 79
26 28 27 30 508 634 85
14 14 15 15 1804 1875 56
23 23 33 30 246 369 91
10 11 15 13 1808 1871 49
33 25 31 35 95 235 93
