500
17 20 8 19 835 1402 13
9 20 17 9 115 980 15
8 16 12 6 707 1171 1
13 7 13 11 376 1877 14
6 17 16 16 299 1911 3
13 19 20 15 67 149 15
7 13 16 15 81 230 15
19 12 9 10 442 1122 6
19 14 5 13 525 592 9
8 7 5 13 583 1571 4
9 19 16 20 583 651 13
12 9 7 17 301 924 1
15 13 20 17 815 1254 6
20 7 6 17 321 1905 12
16 11 16 10 867 1255 8
13 17 19 19 400 507 2
19 6 7 7 214 267 5
13 18 12 14 574 650 3
14 19 20 12 225 1363 12
10 10 11 14 69 1241 13
9 5 16 8 684 731 8
6 8 19 13 617 1138 10
17 19 14 13 589 1374 5
11 5 7 7 519 553 9
20 12 20 8 743 807 11
6 6 11 11 384 640 13
6 15 9 14 582 704 14
10 17 16 12 205 1514 12
19 15 7 19 938 1568 1
6 19 9 18 770 1169 11
8 20 6 13 495 562 12
20 5 17 7 600 1914 1
14 18 5 15 601 1292 8
11 6 11 6 404 1934 13
14 8 11 9 122 1990 12
6 5 17 7 849 1550 7
10 20 10 9 118 202 15
20 16 20 10 730 1346 1
9 9 15 16 37 352 1
8 20 9 16 69 1324 9
6 14 16 19 677 743 2
17 20 12 11 769 838 2
17 14 19 16 690 765 5
6 20 17 19 88 1205 14
20 16 13 13 534 1254 4
5 16 7 16 65 1529 2
10 10 16 5 508 1411 7
5 16 16 11 188 1785 2
6 6 17 7 599 1146 10
17 9 11 5 159 909 5
16 15 7 7 373 1735 5
7 13 14 13 208 862 13
18 17 11 12 735 1050 2
9 10 11 15 785 841 15
6 17 20 19 687 1665 7
8 11 14 16 464 518 2
5 17 6 11 239 1854 11
11 18 8 20 833 906 7
20 13 20 15 801 877 6
19 8 6 14 587 649 4
18 8 11 14 507 1331 4
17 11 20 17 83 1437 2
11 13 20 16 467 531 6
18 15 16 19 541 1920 4
7 13 8 11 909 956 1
16 14 6 15 385 1620 5
10 16 12 9 636 1262 5
18 11 9 15 428 1809 9
10 5 11 19 914 1665 10
10 19 12 6 94 151 1
18 10 11 13 732 1370 10
10 6 14 17 449 657 6
20 7 15 9 763 1666 8
12 5 15 17 479 1410 4
11 7 5 10 790 1238 13
7 11 16 9 62 1267 7
18 11 12 19 160 401 15
12 17 12 11 560 689 14
12 17 6 6 828 1270 11
7 5 11 5 692 738 15
13 7 9 9 774 1753 9
6 19 17 11 512 705 11
5 10 12 14 20 688 9
12 9 18 8 693 744 15
18 11 15 19 304 1342 11
7 10 17 19 861 1675 3
10 7 18 15 333 398 6
11 15 10 6 156 1384 12
20 20 7 12 415 602 3
5 10 7 15 886 1729 4
5 7 8 20 291 1772 8
7 14 12 17 835 1484 9
15 19 6 5 655 1631 5
19 5 19 17 198 1874 8
16 17 12 19 410 790 5
8 9 8 5 292 1975 6
14 6 15 15 668 1381 1
19 6 9 13 375 590 1
19 6 12 17 567 636 13
5 7 20 15 602 1905 14
6 18 18 6 548 822 7
15 17 6 6 560 1282 11
12 5 20 10 889 937 2
17 18 12 8 761 828 9
6 7 20 17 931 1568 9
17 6 16 15 389 832 13
17 10 13 13 469 981 2
19 18 13 13 191 653 5
20 7 13 14 800 1096 6
20 9 10 7 259 308 10
7 16 5 19 53 251 10
13 13 19 6 877 929 2
17 11 8 8 146 194 5
9 15 17 7 484 1337 10
9 16 7 12 128 272 3
18 10 15 8 538 1484 3
17 15 10 20 166 1632 6
12 15 17 15 326 836 3
9 20 10 16 543 1635 10
6 13 19 17 767 1665 10
19 19 12 7 534 607 9
12 15 19 20 267 611 1
16 9 20 14 76 367 15
13 10 17 14 305 1839 14
16 7 12 13 617 685 4
5 20 16 9 708 1431 10
13 8 9 20 907 1336 3
11 10 18 6 852 1560 10
19 11 8 18 225 1876 3
10 16 8 16 666 973 1
13 12 10 11 309 1122 13
9 13 5 15 611 659 2
13 20 13 17 901 1026 4
13 13 8 11 154 1665 9
7 13 11 10 0 1990 13
11 11 5 14 436 538 10
14 20 13 10 629 1640 3
10 12 13 8 256 1642 7
18 13 5 17 864 917 1
11 14 6 20 995 1504 15
6 7 6 15 486 524 10
13 8 12 10 943 994 5
16 20 5 5 305 1887 12
18 20 20 6 253 1599 13
6 13 5 8 141 192 11
6 19 5 19 952 1576 9
5 10 7 17 729 1202 5
14 15 8 11 561 944 4
7 14 15 7 350 1750 14
20 14 5 14 385 1052 15
16 10 6 19 857 1675 15
11 20 14 13 291 536 4
19 8 16 11 222 882 9
10 9 5 19 187 275 2
17 9 5 6 863 1631 2
16 6 14 14 302 1511 12
14 15 5 16 133 383 3
15 10 20 15 186 1321 9
9 12 12 12 258 1986 8
15 5 15 8 51 926 10
13 13 17 18 618 780 14
18 16 13 19 392 909 8
19 18 8 13 775 843 8
17 14 17 12 719 1738 5
18 9 17 9 348 1960 10
12 9 10 14 852 905 1
20 10 19 18 54 456 9
10 6 5 16 686 961 8
8 10 8 12 530 1679 4
9 12 18 11 962 1012 3
20 6 18 14 985 1123 5
5 15 5 15 756 847 15
15 16 6 13 164 1691 13
13 11 10 9 804 867 14
5 20 11 11 33 1124 13
14 12 10 16 459 1952 1
14 10 8 12 200 885 10
12 5 7 7 425 732 9
8 11 11 6 893 944 2
17 18 14 17 551 637 13
14 19 17 15 918 1308 8
17 6 14 13 702 851 13
13 9 5 12 807 848 10
10 11 17 20 270 1134 15
8 6 14 13 230 1772 11
12 16 10 14 702 1815 10
15 6 20 17 28 1469 15
18 20 8 7 112 1381 2
19 9 14 14 311 623 15
13 18 18 19 353 615 6
15 13 7 12 561 615 8
18 9 20 8 228 283 12
8 18 17 9 345 1054 9
5 14 11 6 207 1531 12
15 6 11 13 993 1043 2
5 12 12 18 829 877 7
10 18 6 20 101 1134 10
8 15 19 19 543 606 4
16 9 6 13 749 1440 10
17 16 11 7 885 1949 6
11 11 20 11 681 875 4
7 19 7 9 358 409 3
9 8 19 17 797 857 11
5 8 9 9 894 928 4
18 17 15 7 994 1053 12
12 18 13 7 896 953 3
10 20 8 8 477 1463 7
5 5 15 5 818 1213 1
5 6 6 7 926 961 9
6 8 14 5 440 1260 4
6 10 20 15 975 1029 1
5 6 12 8 204 1642 11
7 16 6 12 451 1377 13
16 11 19 7 127 1953 3
20 20 14 10 1000 1818 8
9 18 10 17 701 768 2
12 9 7 11 522 1458 5
6 20 14 20 601 669 15
5 14 8 12 828 1565 1
19 20 12 6 965 1034 4
8 14 15 16 608 1599 6
20 14 8 5 175 371 12
5 19 6 16 806 1351 5
16 17 20 14 713 1904 2
12 6 12 13 673 1501 10
10 13 17 17 152 1951 10
18 16 20 20 237 1958 12
9 13 15 14 315 385 1
16 14 5 18 456 529 3
16 5 5 5 666 1351 7
12 5 16 13 291 353 1
5 20 9 6 404 587 1
11 16 13 14 796 918 14
17 17 18 11 228 542 12
14 18 16 13 703 875 13
20 15 11 13 427 495 4
6 16 18 11 48 539 1
20 13 8 20 823 1583 10
12 20 8 15 531 1243 9
14 15 14 17 332 403 5
19 7 6 10 568 618 10
9 14 19 10 289 492 6
7 7 19 16 315 1936 9
18 12 5 11 195 895 1
19 5 20 19 456 1004 3
12 19 17 16 403 1548 8
6 16 18 16 526 1286 15
6 18 13 17 828 896 13
10 19 18 16 803 871 2
9 19 14 17 615 677 12
11 18 19 5 296 1860 9
20 19 11 6 172 1640 6
13 11 10 8 607 656 1
5 14 14 12 524 765 1
13 16 5 17 153 1573 6
14 6 15 10 148 211 6
6 11 15 12 703 764 10
20 8 15 6 158 1974 10
5 5 8 8 982 1020 13
20 7 9 11 658 717 14
11 18 16 15 734 1750 9
13 20 17 18 441 1040 5
19 15 16 10 556 1312 9
20 16 9 17 897 961 4
14 19 20 6 489 561 1
18 6 8 18 533 1896 6
17 17 7 5 166 1222 8
9 12 8 15 490 1986 1
17 7 13 5 972 1019 4
5 18 12 17 399 1855 8
19 9 13 17 78 1871 3
12 10 10 11 350 1871 9
10 20 9 11 869 1025 6
8 19 11 5 470 853 4
12 8 10 7 857 897 11
20 7 12 15 696 761 12
9 15 11 7 279 804 13
15 16 15 9 563 632 12
18 10 5 9 19 982 8
20 16 6 13 676 1930 3
7 18 12 6 584 1600 3
20 13 7 16 89 1920 7
12 17 12 14 130 1748 10
6 18 10 20 711 1990 14
8 14 14 12 142 944 8
12 7 12 13 460 504 3
17 17 5 11 285 949 5
10 14 12 18 957 1015 4
6 14 17 10 351 608 9
18 20 5 9 195 374 1
7 19 5 17 157 455 8
8 10 20 18 623 698 11
11 14 16 5 409 1404 3
7 7 11 11 200 1144 13
12 7 15 17 645 1120 11
16 7 19 16 183 1216 4
9 12 19 9 704 1795 2
13 13 8 12 358 1459 7
10 13 17 20 707 907 12
18 8 12 10 325 1811 1
6 8 8 7 226 670 6
18 14 11 10 341 1343 6
17 17 6 10 862 918 4
7 15 8 19 703 771 10
6 11 18 18 685 747 2
11 8 13 20 519 1996 6
17 19 9 17 548 1505 10
16 9 6 5 877 1072 12
18 18 17 20 424 1442 15
18 19 8 15 912 1445 9
8 9 18 13 670 1682 11
6 11 16 10 221 287 4
11 13 17 20 653 1185 14
8 7 10 12 374 1406 9
19 6 15 18 780 842 2
7 14 5 20 911 1081 14
16 13 17 15 287 1320 10
17 18 7 19 614 1048 11
11 11 16 12 714 1208 6
6 15 15 7 917 1579 3
6 20 20 18 407 473 3
6 13 15 16 66 469 11
6 11 20 19 501 1503 3
9 15 15 19 659 728 4
5 17 8 9 606 1119 2
14 19 6 18 487 1744 3
10 9 16 9 354 1995 3
12 15 12 6 196 261 8
15 7 7 18 291 546 1
18 18 19 7 520 756 6
19 14 8 19 147 293 14
13 19 8 20 506 919 14
9 9 6 17 920 1730 6
14 14 15 10 924 1808 5
7 10 6 14 93 599 8
14 13 16 20 169 233 3
11 13 15 10 358 645 6
11 15 18 18 201 403 10
18 15 19 9 912 985 10
20 17 9 15 529 692 5
14 12 7 7 160 578 3
9 18 8 15 426 1999 1
19 19 9 9 489 1605 8
8 9 9 20 30 1266 1
10 20 12 14 801 1223 11
18 19 15 18 616 698 3
18 11 16 12 368 812 11
5 7 5 11 217 531 8
8 8 19 15 920 1927 1
7 13 10 14 214 1644 8
12 9 12 6 282 1930 11
19 20 11 9 197 1205 7
17 12 12 15 586 1319 4
12 19 17 13 181 251 2
10 5 7 10 152 251 5
12 9 10 12 929 1158 4
8 8 13 18 23 70 11
15 11 19 20 255 949 15
12 5 19 6 913 1146 13
15 7 9 20 581 1480 4
14 17 8 8 460 515 3
5 11 6 6 869 1876 15
17 6 8 17 355 409 14
19 18 5 17 359 1174 7
12 5 17 15 836 1641 8
5 6 13 16 929 977 10
10 19 7 17 88 1839 4
7 17 9 17 318 412 6
12 15 20 11 145 825 13
16 17 17 9 740 1203 3
17 5 12 5 257 1690 6
15 11 9 16 124 593 6
9 17 8 9 602 1669 12
20 10 17 17 18 1432 1
11 18 7 10 235 612 8
17 11 5 20 466 1913 11
8 12 11 6 345 382 11
5 6 9 9 758 790 7
15 7 14 16 920 1236 13
14 13 13 10 904 1116 1
20 5 9 7 724 1701 11
11 9 5 11 446 1985 3
18 9 10 6 248 1099 3
6 10 19 5 583 628 6
11 5 8 19 192 1895 7
7 17 16 12 76 455 13
20 13 10 19 545 1576 9
14 14 8 7 764 1658 4
8 18 17 18 416 1675 3
10 19 16 15 733 1303 10
16 19 9 8 921 1248 7
18 5 20 16 216 1386 2
11 12 7 6 141 738 6
17 10 18 8 29 1859 7
18 13 10 8 807 1270 11
20 5 9 12 36 1442 6
16 13 17 5 676 735 8
7 7 7 14 643 690 13
12 14 7 19 427 662 11
11 9 7 13 353 1785 3
9 5 8 17 967 1011 12
11 18 6 16 919 985 13
6 15 16 6 675 737 10
12 14 17 17 451 1923 8
15 8 14 9 839 898 9
17 12 13 12 613 1173 2
9 11 16 15 702 1657 13
8 15 14 9 490 554 2
8 19 16 12 279 591 3
20 11 13 20 340 406 11
20 19 7 12 472 1553 6
11 20 5 7 821 1321 9
17 14 7 10 745 807 7
19 17 12 19 648 1564 12
17 5 11 17 921 1692 2
9 17 11 17 256 1333 15
8 16 9 9 661 1573 5
12 18 14 15 177 823 9
17 11 11 20 758 1405 1
5 7 6 8 27 1531 11
14 18 11 7 475 800 13
9 16 10 14 661 724 15
14 15 11 6 413 1539 5
14 10 5 8 598 1412 5
13 14 7 16 182 475 12
6 8 17 11 574 973 4
13 15 6 14 238 1829 15
18 18 10 20 547 629 10
8 13 20 11 821 891 6
16 18 9 5 199 1188 4
15 14 5 20 674 730 2
20 5 5 5 363 923 14
17 10 11 10 353 417 3
15 19 14 13 859 936 13
17 20 8 14 736 810 1
5 5 10 16 320 370 13
7 5 11 16 100 886 5
10 8 14 11 532 580 4
12 8 16 14 74 1971 4
14 16 14 17 60 1624 14
20 10 9 18 667 1148 5
15 10 16 6 467 827 14
10 16 18 6 79 650 14
19 9 6 5 161 209 6
18 8 12 19 54 1279 6
17 16 7 7 542 878 6
8 8 7 18 500 1732 5
20 14 20 18 189 1223 13
8 11 5 10 945 996 7
15 16 8 20 829 1568 9
16 17 17 11 643 1144 14
14 14 5 16 880 946 7
5 14 10 5 224 1280 1
19 14 6 12 146 1832 4
15 17 17 16 771 839 4
14 10 18 19 990 1355 14
18 8 14 10 744 974 10
14 13 13 16 380 1224 9
5 5 18 17 415 1104 9
12 9 13 8 673 1605 4
14 5 7 17 387 1616 3
10 6 7 11 728 1599 14
11 17 20 17 753 837 8
6 20 5 20 216 1761 12
15 17 14 7 9 1020 7
6 6 14 13 86 174 13
13 18 10 5 416 478 9
19 19 16 10 963 1323 15
11 17 7 16 763 1991 13
19 6 8 11 244 1297 12
11 5 10 16 257 1967 8
7 15 18 14 69 680 13
18 6 11 13 303 1280 2
11 5 11 17 226 288 3
6 6 11 14 428 481 7
5 20 8 9 598 646 12
18 8 5 7 453 505 2
7 17 13 16 547 618 1
6 17 13 14 967 1019 3
12 5 11 8 827 868 13
16 8 6 13 686 746 2
9 12 10 9 453 1368 9
19 13 15 8 282 1436 11
9 10 14 13 64 114 5
9 14 6 6 113 1203 12
10 8 15 18 38 1707 12
8 19 19 14 620 683 14
15 16 15 15 367 442 3
6 12 7 5 698 1236 2
8 8 19 12 297 1667 8
7 6 13 14 760 816 7
16 6 10 17 339 789 13
5 13 20 11 896 945 4
15 7 5 16 226 586 9
10 13 5 18 427 1568 3
20 20 16 5 694 770 11
14 11 19 11 240 694 7
6 12 13 13 546 1154 14
9 8 14 7 901 952 8
14 20 12 19 575 973 13
