450
9 1 13 80 1383 2133 20
39 80 68 1 3153 3663 27
88 17 91 83 3042 3642 33
47 31 17 29 2858 3274 22
63 43 57 34 2898 3564 65
54 46 13 56 1052 1640 87
79 46 7 43 1115 1859 58
33 9 29 8 2603 3349 19
38 57 46 27 4685 5415 58
28 64 78 83 4110 4762 27
59 80 84 72 314 880 15
42 82 25 32 643 1119 15
14 23 15 69 4262 4758 53
63 100 5 13 809 1359 82
33 90 39 91 4172 4908 99
43 82 77 56 286 1054 85
40 42 88 73 1933 2379 99
83 56 78 42 5011 5497 65
42 80 10 93 824 1362 52
83 34 77 6 3556 4268 34
87 15 47 13 3386 3918 46
14 18 31 3 5270 5908 49
25 76 6 83 2524 3088 35
60 95 74 96 660 1236 81
67 27 14 65 4698 5344 91
63 96 31 54 656 1168 56
43 83 71 19 1148 1908 77
9 6 41 20 3792 4290 5
20 19 15 26 2965 3647 33
96 29 25 3 2918 3638 88
89 13 88 74 3555 4169 22
28 2 63 99 553 1279 45
56 68 43 82 101 893 68
89 49 50 97 4400 5120 71
30 90 95 69 825 1505 33
98 1 90 58 4712 5148 81
92 8 85 69 3668 4374 54
36 45 97 11 2762 3434 78
11 2 79 72 645 1075 40
50 45 7 56 3086 3766 77
14 75 95 88 3406 3974 93
17 10 16 68 1115 1873 86
17 13 2 67 3700 4220 70
30 71 24 53 4862 5496 28
72 59 15 93 307 915 85
11 97 100 51 2638 3116 16
19 67 84 95 2494 3038 2
94 94 95 33 3117 3681 90
25 88 4 72 4819 5587 25
58 64 60 14 3089 3751 46
96 12 41 57 2309 3069 1
63 81 43 17 346 1106 58
92 3 52 80 3105 3609 37
31 71 99 3 2431 3167 77
6 13 88 59 3042 3466 96
5 27 18 39 3239 3691 93
69 25 80 6 5267 5825 17
2 15 13 63 4053 4619 54
52 84 42 11 4598 5272 74
1 25 87 13 553 1349 44
30 38 96 83 655 1183 33
36 59 50 97 3753 4225 33
11 78 34 31 191 943 20
74 80 11 71 2381 2953 20
76 32 66 99 5378 5882 14
60 44 14 64 1311 1975 90
95 28 24 2 3730 4430 59
10 41 75 95 583 1207 6
58 98 32 48 4812 5238 73
21 16 11 97 1938 2398 10
73 21 79 8 4099 4897 1
89 78 19 72 3404 4074 71
73 1 52 32 1428 2120 22
94 53 86 24 3824 4328 25
94 97 85 96 377 1059 100
34 91 61 95 3015 3717 13
83 70 44 85 65 753 87
100 54 44 64 5159 5617 36
59 11 68 85 349 1065 98
49 23 15 63 4352 4884 65
39 84 10 90 3338 4090 59
62 87 92 9 1844 2420 30
25 9 6 32 768 1322 54
87 100 55 42 2681 3163 21
71 80 67 93 4677 5317 12
19 35 88 69 1925 2695 53
52 39 91 99 4509 5195 32
79 16 64 4 1784 2296 79
58 90 36 37 3423 4019 84
48 48 43 37 1942 2450 30
100 80 31 90 3344 3746 37
71 27 51 27 4273 4843 29
40 72 57 19 3882 4348 73
62 51 88 86 3929 4395 48
33 42 37 25 1324 2032 70
68 50 50 19 2918 3396 37
72 83 43 7 909 1561 13
12 4 1 94 273 907 50
34 29 97 83 1022 1598 73
8 77 10 57 2079 2607 3
7 24 26 21 5141 5727 90
52 32 35 95 1968 2470 53
84 81 65 24 2013 2445 49
30 56 25 57 4058 4602 82
22 89 14 14 2905 3691 3
46 12 1 68 4318 4768 99
30 51 42 70 3577 4199 97
30 48 83 57 3602 4010 41
73 70 27 4 2477 3115 77
9 28 100 99 2774 3500 49
6 48 51 32 5250 6008 88
27 88 50 70 2975 3505 90
41 65 42 36 4119 4621 96
19 97 84 63 3892 4680 14
55 9 79 27 5002 5746 100
59 39 75 6 5009 5625 10
96 80 87 69 5011 5501 59
56 41 90 3 4715 5183 10
38 9 24 75 3718 4432 28
36 7 58 41 1957 2413 26
71 1 8 6 1229 1831 86
87 45 35 80 4151 4651 98
43 25 18 7 604 1372 3
24 6 70 61 2602 3084 72
42 61 94 75 4054 4544 31
39 39 65 55 5279 5855 36
92 41 36 62 4894 5402 83
93 2 97 32 4260 4766 45
5 12 2 76 3270 3848 18
16 58 84 50 2195 2693 38
60 20 44 15 4376 4930 92
65 69 42 41 3031 3623 62
4 56 80 36 4737 5493 12
61 93 36 72 4543 5013 35
36 66 27 8 3461 4073 81
66 11 7 27 3746 4290 46
87 47 67 45 1504 2260 82
61 31 2 10 3444 4140 15
81 72 82 50 1507 2191 18
57 19 60 22 2873 3591 14
79 7 94 47 1025 1595 82
7 21 9 70 2514 3056 38
19 86 86 74 3674 4254 37
35 65 51 14 4915 5333 88
36 76 51 56 1683 2347 79
35 41 36 26 1895 2541 69
14 44 71 66 2792 3202 17
88 25 31 93 3268 3802 45
82 5 46 60 1742 2164 48
63 51 56 63 4452 4954 47
2 87 97 81 5058 5660 72
97 10 60 7 251 893 32
69 71 36 57 4050 4580 62
74 39 88 80 3542 4254 5
33 3 67 54 4547 5057 40
6 86 71 43 4052 4562 86
73 78 36 58 4762 5464 13
67 20 6 72 4053 4607 85
41 34 62 11 4388 5094 97
62 31 67 27 3920 4464 98
9 89 17 25 4411 4821 71
60 18 69 66 3050 3454 52
77 54 61 65 1699 2273 90
40 50 62 100 3114 3792 11
64 38 100 30 185 859 98
16 86 90 94 934 1588 56
3 61 55 84 122 788 43
84 39 28 83 2617 3369 15
51 17 4 1 1407 1835 92
50 4 12 44 985 1717 6
17 77 3 83 5045 5471 26
54 26 11 26 190 796 90
30 18 69 84 2836 3624 43
16 89 39 77 3570 4118 32
17 61 85 64 4040 4610 95
52 24 16 98 2368 3138 94
9 83 66 25 588 1356 45
81 8 96 21 63 667 30
72 67 23 73 1575 2355 2
83 80 26 100 246 680 34
37 98 64 83 592 1170 33
10 54 87 40 1243 1831 77
75 93 2 76 218 788 100
28 47 57 88 4810 5396 12
86 85 58 61 5049 5731 38
83 80 65 65 4102 4524 2
37 17 49 86 5277 5827 49
7 98 58 13 94 692 69
7 50 17 2 861 1301 51
11 37 74 45 4628 5038 21
56 9 65 60 1184 1882 17
22 66 90 21 310 898 36
62 56 55 78 5324 6010 30
1 1 93 25 354 1072 23
63 43 22 16 612 1046 31
22 36 87 36 2573 3219 40
96 83 13 73 3485 4057 22
11 26 99 18 1422 2120 15
44 4 43 68 3645 4175 92
85 57 49 79 4373 4975 56
60 12 10 59 3583 4173 28
57 53 7 9 4992 5584 39
46 68 87 72 3619 4025 87
75 31 79 33 21 787 98
60 68 8 58 4584 5366 91
16 26 82 66 5127 5881 98
6 9 5 79 1719 2127 54
49 60 98 39 1548 2244 18
58 70 39 6 1236 1698 88
5 79 31 58 2312 2832 59
27 72 49 73 996 1752 5
69 45 89 95 4100 4526 11
9 26 24 12 5298 5806 45
12 96 82 35 820 1308 25
28 69 19 4 4988 5636 24
35 74 64 38 485 1133 87
86 85 53 8 1700 2472 10
79 77 7 38 1864 2624 11
79 63 86 10 3667 4267 27
12 93 86 7 618 1064 28
62 28 9 29 204 682 72
91 25 66 21 53 555 95
7 9 8 42 3432 4194 93
74 51 87 36 4113 4533 62
16 56 34 3 3323 3761 27
88 27 50 15 2016 2548 2
42 98 90 6 4193 4785 89
83 43 11 45 2982 3568 62
91 84 8 45 1075 1749 82
85 90 74 26 1641 2331 34
11 6 59 48 1283 1859 96
60 71 52 53 4754 5366 52
2 35 61 30 3572 4280 67
59 39 80 62 3402 3920 48
2 72 30 67 3590 4328 92
89 11 55 29 3872 4402 19
23 77 9 45 4716 5184 80
36 35 27 77 3924 4476 1
84 47 92 12 157 653 12
10 2 92 79 740 1478 61
94 69 68 21 4220 4658 92
39 100 91 6 5306 5864 10
92 92 45 59 2421 3119 26
48 39 94 33 3572 4334 63
85 73 33 87 1820 2506 67
68 29 89 12 3990 4390 24
53 84 69 17 2100 2864 2
13 94 14 68 2714 3276 23
81 15 84 66 3703 4319 75
63 79 69 72 4635 5121 32
7 32 17 52 3017 3577 62
77 51 37 82 2936 3678 77
39 79 96 52 2640 3384 58
61 23 65 2 170 574 35
42 15 81 92 2714 3420 5
67 99 55 100 751 1169 51
82 86 2 22 2663 3087 19
85 64 69 15 3826 4620 58
8 59 79 28 2514 3202 12
22 7 50 20 4199 4981 38
48 11 96 85 2529 3079 27
2 60 79 66 1500 2110 61
55 71 97 69 508 1178 23
83 3 32 3 1708 2196 50
100 73 31 23 5046 5626 5
57 47 81 81 3918 4398 98
92 39 55 13 4452 5178 24
73 77 85 15 3912 4404 46
45 76 95 1 4606 5036 63
93 66 66 29 4065 4733 40
96 12 76 37 2761 3223 19
13 26 42 64 4481 5063 31
64 20 28 39 4839 5317 58
37 33 13 83 1270 2010 43
65 14 8 35 4991 5675 31
76 37 59 44 3818 4584 18
37 19 56 37 1694 2296 58
12 80 36 50 3605 4297 83
33 73 15 75 3263 3793 9
73 79 71 74 3901 4459 71
66 78 59 93 516 928 37
28 54 54 90 4285 4909 64
33 40 62 57 1410 1852 16
30 13 82 58 1917 2513 71
11 45 72 67 1988 2420 32
100 93 67 38 4805 5279 94
92 32 23 4 2831 3285 2
38 97 92 24 2284 2720 91
18 48 22 16 1100 1672 75
80 63 92 34 2644 3344 22
45 92 8 21 3609 4381 91
93 4 76 85 4980 5564 19
70 9 19 46 2981 3585 38
100 41 12 10 3988 4632 64
69 58 97 11 4950 5558 62
63 78 20 69 3544 3978 22
49 13 25 99 5215 5769 99
57 26 88 99 2817 3409 18
69 18 96 76 1379 2035 35
19 12 64 36 2436 2944 89
49 52 56 15 2465 2967 34
58 2 20 68 4353 5037 97
30 59 98 99 1920 2332 24
48 100 90 79 1829 2537 41
28 9 73 81 3145 3627 64
55 97 32 99 5265 6019 75
38 90 63 100 2572 3370 47
40 80 84 23 653 1213 31
49 28 65 29 5026 5520 38
98 28 23 90 337 1121 41
73 67 20 27 179 701 96
44 75 78 89 2519 3045 100
31 46 83 80 4398 4894 13
61 12 89 53 744 1422 91
25 23 84 68 3588 4230 47
39 47 40 27 1391 2159 47
84 100 95 32 1875 2635 82
59 49 89 5 2973 3577 31
32 85 47 9 414 1104 89
71 24 72 30 4150 4606 69
82 36 16 88 1712 2132 62
81 90 19 43 3422 3920 35
9 37 31 42 879 1473 89
95 78 51 4 666 1386 45
87 11 100 77 1089 1569 27
75 83 81 32 2908 3322 20
40 91 84 41 1983 2523 79
3 100 33 26 3065 3467 99
55 18 19 88 4442 4966 32
33 21 56 45 594 1022 89
67 77 61 44 4569 5309 65
96 71 73 93 3861 4425 90
31 22 67 4 1910 2618 41
32 20 81 63 3022 3512 58
12 36 37 49 404 864 44
42 67 54 48 4363 5089 42
41 30 94 55 4849 5503 21
55 51 40 58 4051 4537 31
83 52 24 99 5367 5913 95
44 31 68 9 3634 4158 78
63 4 100 51 4390 5114 15
10 93 43 34 5139 5919 70
66 76 46 80 5373 5885 87
12 23 40 75 3111 3565 73
47 49 10 5 3403 4171 19
30 89 3 89 2741 3335 41
15 41 55 51 926 1388 94
47 62 1 55 4901 5437 47
86 70 29 49 1082 1628 70
72 6 57 49 3928 4442 51
21 8 19 36 1237 1733 46
95 69 31 44 4790 5460 33
86 22 19 92 4678 5206 63
77 14 81 54 22 772 28
18 20 77 7 968 1480 73
31 45 9 55 889 1541 71
88 72 81 28 3188 3620 79
84 50 59 70 429 1163 57
10 60 42 84 5227 5989 19
61 30 86 13 3142 3672 94
29 19 55 65 2988 3640 70
36 75 23 20 4364 5100 96
99 57 100 51 1090 1656 62
21 32 71 86 3354 3954 34
2 40 65 90 2219 2671 64
66 81 87 61 4857 5329 90
87 96 58 28 5039 5765 86
75 65 24 46 4697 5381 82
65 59 54 22 984 1630 33
46 40 90 33 1194 1746 71
22 33 66 76 1340 1842 77
27 70 82 89 2850 3262 76
27 61 17 87 1349 2097 29
38 41 69 24 2082 2766 34
29 3 85 8 3949 4535 34
30 8 18 86 4295 5041 60
58 77 15 51 4120 4750 35
64 88 55 32 318 722 10
70 17 57 39 485 907 48
72 9 92 76 2345 2783 47
76 34 75 58 3973 4625 37
33 51 38 66 932 1708 6
63 81 86 86 4464 5164 28
1 50 56 85 4186 4818 3
39 76 96 49 1669 2387 92
41 12 69 6 1575 2163 12
36 54 57 39 723 1371 17
68 68 32 7 153 681 6
68 49 6 77 2749 3467 51
89 50 87 1 2243 2771 71
31 94 1 62 2072 2646 88
42 82 39 18 1966 2754 73
74 29 30 42 1756 2172 42
40 42 6 18 3831 4411 43
93 45 80 31 5044 5576 1
40 88 91 98 2374 3052 58
76 60 87 32 3443 3865 6
27 98 49 53 2021 2467 99
96 3 19 27 1728 2506 95
46 70 69 83 1098 1800 52
70 1 64 45 4095 4653 69
100 33 89 2 128 710 89
87 52 54 44 1168 1912 19
85 49 70 82 3580 4086 100
64 43 58 10 1807 2351 90
43 94 54 61 2813 3255 38
65 65 26 10 770 1482 65
81 37 20 92 298 1016 26
39 52 69 89 3401 4075 76
67 90 10 18 5298 5742 58
80 88 72 30 1667 2115 26
28 94 33 21 5106 5522 76
68 79 63 15 3231 3947 84
92 79 65 75 3302 3898 64
52 66 88 12 909 1545 96
50 64 89 90 2772 3394 22
65 73 27 24 4275 5029 87
24 10 17 94 1878 2394 76
3 29 41 20 4298 4826 16
78 77 84 38 555 961 6
10 65 59 55 541 1093 10
93 16 91 9 3 497 78
47 43 97 94 1374 2136 4
64 34 94 20 1503 2021 93
94 85 4 71 3424 4002 57
59 19 39 71 2711 3385 16
47 65 44 91 2046 2606 57
51 78 20 6 264 1018 30
58 25 8 40 4401 5061 92
71 79 82 1 344 858 5
43 57 58 75 2828 3610 13
40 58 57 5 1701 2107 49
70 78 42 92 4227 4999 93
55 80 41 4 2614 3210 93
55 29 75 72 3334 4046 65
12 51 81 24 1374 1864 52
50 83 2 8 1299 1871 66
34 47 53 37 4542 5000 14
65 61 11 59 3848 4266 58
32 25 42 85 2621 3193 29
40 33 20 24 3969 4415 30
59 72 61 97 3603 4063 18
1 25 58 42 3644 4198 11
95 8 65 73 421 953 28
78 36 43 11 2796 3510 76
96 30 3 3 2150 2610 19
99 49 84 78 2342 2904 84
44 47 4 46 3779 4335 18
47 82 63 27 3815 4591 73
55 9 35 56 1866 2366 79
