300
77 27 87 81 2847 4909 775 
67 53 66 36 1794 3804 195 
69 40 23 90 1390 4342 894 
59 22 67 100 1458 2938 600 
55 66 86 73 4459 5851 910 
22 78 82 46 2531 4004 966 
81 58 95 99 906 5487 830 
81 93 64 22 3386 5406 821 
65 27 38 26 3130 6559 432 
92 91 33 68 1803 6557 162 
27 28 75 65 799 3148 107 
38 58 35 50 1328 3626 982 
85 29 31 77 1886 2420 749 
94 55 38 26 3149 5327 659 
59 53 89 80 154 6561 655 
31 86 86 99 4022 6270 235 
60 66 82 33 4157 6521 113 
74 74 42 88 2296 7064 732 
94 98 47 73 417 2419 567 
25 58 29 36 1971 3896 882 
97 24 37 40 3777 6051 430 
30 73 59 76 1209 4058 699 
75 61 86 37 1816 3902 198 
41 51 97 39 3859 4896 743 
24 63 29 51 687 6455 406 
97 50 45 100 931 2091 502 
32 98 58 42 187 4952 167 
93 72 58 71 2948 4423 283 
21 55 59 97 728 1805 776 
45 96 77 94 2507 6767 320 
67 83 57 94 2283 5981 381 
28 59 75 35 1496 2801 566 
20 61 97 42 3863 4836 715 
45 71 20 41 2904 3333 828 
54 51 85 89 4026 5813 232 
78 96 42 31 76 4776 174 
76 54 80 47 2691 6158 295 
91 56 63 84 3434 6719 715 
79 65 90 100 2225 3330 598 
30 32 31 82 1951 3634 638 
32 57 69 69 28 2994 968 
21 37 76 30 1482 7117 981 
43 58 56 43 2618 2966 128 
50 85 98 61 2609 7291 343 
83 40 74 74 3675 4610 601 
99 21 82 36 3354 6582 528 
72 25 96 77 773 5819 863 
46 74 100 51 2484 3132 924 
57 73 23 45 2114 3327 141 
20 57 38 20 1779 2236 663 
25 84 59 35 988 6917 437 
47 97 60 65 1416 6814 466 
57 78 38 73 1554 2721 660 
73 40 99 91 21 4808 421 
97 99 57 48 534 2012 856 
50 28 81 46 187 3331 799 
24 35 45 41 2229 4224 916 
95 55 77 53 808 1267 955 
68 47 53 90 457 2713 133 
45 70 37 78 4377 5779 618 
34 72 39 38 237 6741 135 
53 33 95 26 3930 4878 596 
42 75 35 74 4005 5450 252 
67 69 30 24 2626 3678 200 
43 95 64 60 3260 4407 254 
70 76 48 86 3793 5067 547 
32 64 88 49 0 509 213 
42 91 62 59 2263 6353 332 
97 96 46 23 767 2606 915 
42 82 84 38 1201 4230 353 
31 23 89 48 3414 4486 599 
41 53 96 22 1743 5419 630 
82 26 62 68 1144 6635 506 
40 64 99 92 1092 7149 384 
52 50 67 34 2057 3967 246 
75 79 77 70 2240 4664 536 
100 48 47 28 1236 5288 416 
26 80 59 46 1872 5591 929 
78 97 27 23 3072 6630 120 
73 75 64 100 287 6012 803 
24 44 33 89 2849 6906 750 
97 32 100 78 1940 6460 444 
82 75 48 88 3714 5469 825 
56 45 55 35 3463 5701 545 
55 42 90 57 3513 5918 794 
63 97 66 57 3407 4725 450 
25 97 93 82 401 5554 174 
56 64 85 91 4082 7463 806 
38 36 75 25 2198 5047 298 
29 66 42 73 114 1364 976 
44 81 40 45 1831 7369 802 
80 62 68 100 329 5243 935 
62 35 75 77 140 6663 118 
90 83 97 78 2280 3100 383 
71 58 55 84 1467 7442 617 
67 49 96 67 2465 3343 655 
52 98 82 33 1349 2499 570 
92 52 56 56 3436 4344 664 
90 33 89 50 4210 5085 630 
100 26 47 100 79 7064 144 
26 27 71 30 4236 6454 486 
76 39 24 88 298 6666 308 
85 20 40 92 314 3223 248 
97 80 100 36 1503 3401 864 
94 32 23 99 1143 5909 336 
83 95 87 34 232 6100 559 
67 36 79 23 3404 4095 436 
76 48 71 55 1698 2754 457 
91 46 53 44 3680 6961 157 
35 24 69 44 4037 5579 815 
89 84 22 93 1328 3492 190 
90 57 23 90 1605 3921 523 
94 85 24 31 2264 3796 468 
80 72 72 76 2406 7253 243 
31 52 72 70 1789 6739 683 
76 29 32 92 2199 6045 874 
93 72 52 99 1102 4649 610 
54 73 25 31 4090 5636 631 
52 74 48 83 4450 6728 821 
79 71 57 41 256 1218 348 
46 54 28 61 1463 2087 189 
87 63 20 44 3893 5656 826 
28 41 78 71 2798 3595 981 
68 93 25 39 2185 4725 528 
97 74 95 20 1544 4065 423 
50 43 86 26 3984 6996 971 
72 32 54 59 2014 4166 552 
51 84 53 37 1327 6053 277 
33 80 43 99 3726 4876 860 
82 99 29 65 1427 1794 996 
97 59 33 81 543 2231 807 
73 23 22 31 3378 4931 714 
46 90 80 71 4211 5923 370 
92 30 26 69 226 5697 421 
79 88 82 60 921 6974 221 
28 66 56 79 1706 2420 163 
44 25 72 42 3092 7319 495 
74 60 69 90 1087 1833 493 
45 43 86 45 2144 7138 183 
86 75 74 20 1329 1745 732 
50 20 92 78 985 6341 494 
65 98 49 20 4147 7227 528 
96 86 51 70 1742 2465 855 
31 90 45 83 1113 3694 751 
46 83 62 43 4454 6456 691 
76 68 55 42 2437 4496 508 
69 83 73 58 2383 4970 490 
97 98 47 20 3735 4949 490 
61 40 26 99 4492 5418 577 
58 95 66 35 1338 4109 662 
71 42 21 51 2141 7422 342 
27 57 90 25 697 7380 276 
61 26 78 62 3858 4914 275 
28 32 37 68 3311 6129 490 
55 68 50 33 1155 2614 709 
36 98 44 51 2330 6730 232 
56 20 32 90 1164 4196 551 
46 28 38 40 3828 5061 259 
53 58 81 92 3967 7221 810 
22 39 66 46 819 1201 535 
70 77 82 78 3676 6201 307 
72 27 95 71 1153 3218 969 
80 95 49 22 1182 3503 612 
71 58 49 77 3668 6362 409 
97 54 21 92 968 5900 391 
48 64 83 85 728 1154 313 
76 25 95 28 3951 5041 147 
34 79 52 90 708 1269 861 
49 53 53 38 4226 4553 911 
89 38 34 32 3643 4314 809 
51 54 65 74 4357 5147 714 
27 100 93 33 2181 4910 946 
20 49 51 80 3951 6649 567 
24 89 95 59 4046 4989 963 
60 28 65 35 889 7426 486 
33 62 21 83 1830 6028 341 
86 50 61 36 2577 7368 905 
28 92 28 58 414 3328 127 
77 26 36 58 553 1568 495 
94 99 68 31 3038 4241 851 
76 48 27 56 108 5358 502 
75 58 45 50 3399 5519 524 
52 98 96 34 3655 7038 794 
88 81 87 91 1930 6290 217 
59 67 50 45 2170 2931 354 
46 37 68 50 717 6223 870 
34 85 62 100 3725 5141 771 
27 38 76 78 4240 7345 374 
22 71 57 83 285 7367 809 
54 56 44 41 1405 7357 468 
47 38 60 55 325 4326 835 
67 61 95 45 3247 6353 621 
63 97 99 43 3770 6187 525 
41 97 100 76 79 3291 469 
84 48 84 47 2337 3304 521 
44 26 40 83 1836 2101 578 
100 56 92 68 2400 6877 144 
77 20 68 73 2397 5313 785 
32 22 76 75 440 6703 839 
64 75 88 98 3522 6243 782 
55 48 46 71 4004 7270 557 
89 33 36 20 4105 4872 712 
28 43 56 65 1114 4756 127 
49 73 40 46 2280 6587 481 
79 22 37 50 3111 6311 751 
54 48 75 86 3757 5380 232 
76 47 52 39 1880 5292 956 
50 39 57 72 3290 3943 335 
60 85 40 40 2455 3896 469 
61 86 25 33 2448 5830 180 
62 50 93 100 186 727 363 
79 77 52 63 203 6570 161 
31 64 75 88 3828 4821 397 
70 30 25 62 491 3441 764 
79 32 45 25 4429 5644 379 
47 30 43 35 2056 5484 851 
33 85 88 51 3494 5875 302 
49 58 79 58 3359 6839 498 
71 24 80 84 3 5570 576 
28 63 49 68 3403 7098 689 
42 62 78 67 4004 6305 479 
45 45 20 92 2074 5827 954 
83 26 67 68 3012 3725 206 
43 26 27 24 3195 5856 362 
64 31 69 54 2974 6552 389 
60 62 22 68 2960 4290 888 
52 43 34 83 4359 6467 220 
84 59 51 86 2947 7289 158 
25 28 32 98 342 5194 281 
57 77 25 32 2534 2833 214 
93 21 71 39 2520 5177 882 
73 25 61 35 4381 6189 349 
81 22 37 59 2007 3550 909 
89 31 27 90 1403 5735 969 
64 71 33 91 2732 7388 310 
51 92 28 88 3460 4962 112 
75 80 78 92 421 4145 457 
83 85 35 79 2692 3639 753 
85 75 23 52 2579 4698 285 
93 46 36 92 3766 5802 124 
86 68 28 93 2637 3027 618 
89 98 75 70 2991 5542 290 
42 91 21 65 2003 5272 713 
73 51 77 69 2448 4128 623 
86 99 26 36 3710 4023 734 
31 48 92 98 2750 5083 565 
87 83 36 69 1673 7301 334 
45 66 61 84 1682 5047 124 
30 28 98 71 2686 6861 461 
52 59 36 45 44 4887 555 
86 88 45 44 2907 7334 961 
75 90 31 69 254 5700 212 
51 40 92 26 723 2798 462 
61 59 42 65 1759 2787 805 
61 81 69 85 3598 4887 670 
43 65 34 37 1293 7291 231 
63 82 93 61 2047 5750 442 
20 35 43 35 1239 4532 531 
67 56 41 65 2503 6750 182 
60 74 59 81 2022 6346 793 
73 89 30 70 2046 2838 268 
77 95 66 45 1819 6793 490 
95 100 100 90 2701 6793 147 
26 45 70 87 3603 5660 251 
100 63 59 88 611 6896 450 
46 39 27 79 888 3975 555 
40 49 36 52 2207 6088 441 
93 85 66 64 4428 5326 484 
27 52 35 85 750 5737 603 
49 94 41 20 2912 4214 987 
31 61 47 38 1800 5826 258 
78 54 52 94 2172 4787 615 
62 84 39 63 971 7353 310 
57 92 23 86 4287 4743 987 
25 82 56 45 2187 7223 234 
61 72 59 26 716 2602 194 
93 67 63 62 3585 5519 453 
74 37 27 59 2289 7118 965 
43 41 69 73 4061 5781 672 
29 59 53 86 2216 7489 839 
50 82 66 27 1879 2639 547 
22 53 26 64 1922 6425 231 
38 25 81 51 3053 6331 121 
64 90 91 39 3369 6577 518 
23 49 86 66 4333 7316 966 
96 53 51 51 50 3930 556 
38 30 87 84 811 7150 201 
95 45 58 76 2258 2824 834 
42 66 21 66 1181 5051 418 
32 49 67 60 526 5714 332 
24 89 62 26 268 5218 574 
90 100 69 63 1490 4074 473 
22 51 53 56 3675 4157 151 
38 83 64 77 786 2377 681 
97 32 50 40 4347 6215 584 
95 40 90 31 3510 5855 518 
65 97 56 44 3397 5499 820 
64 69 62 48 3221 4165 970 
25 31 56 32 1380 3830 596 
54 79 82 30 4267 6421 697 
