500
18 29 41 48 454 751 457
42 34 22 21 146 336 429
39 46 38 15 475 721 370
29 10 50 45 170 463 262
30 26 18 41 334 578 470
47 43 33 37 41 202 345
13 33 20 13 94 347 55
23 28 17 37 53 349 375
50 48 30 14 221 445 158
12 22 11 20 278 478 168
14 18 38 34 374 593 170
39 44 37 24 66 261 302
23 41 16 13 166 371 111
16 14 24 10 63 195 138
16 18 42 10 256 396 372
16 43 35 41 120 265 180
29 38 50 36 86 300 191
27 44 47 38 151 450 267
46 33 30 10 451 581 209
28 15 13 37 98 322 201
43 25 40 11 113 333 285
44 22 44 43 337 534 496
33 17 31 16 291 436 339
20 45 40 39 14 297 241
46 11 35 49 364 581 142
37 29 22 22 74 245 261
23 11 39 25 174 330 470
25 11 16 15 201 437 140
24 33 20 45 279 534 217
10 11 18 41 192 367 493
13 31 18 44 27 274 449
10 21 14 24 228 508 187
35 15 24 32 29 274 311
36 46 23 18 10 279 376
38 41 48 31 465 642 478
34 44 23 38 281 558 264
22 46 13 40 277 428 463
30 22 15 22 477 674 140
36 25 33 14 163 303 59
40 27 33 26 204 402 75
34 13 12 27 171 464 131
45 10 41 41 373 534 103
29 49 30 39 267 402 194
49 43 32 39 191 375 92
25 45 45 16 209 373 485
33 41 16 50 210 360 224
48 34 13 29 239 346 249
23 17 43 14 119 399 353
13 48 10 45 97 214 82
29 37 10 45 313 430 78
25 41 26 20 58 268 486
31 29 24 13 29 174 57
41 12 32 36 376 614 124
13 22 39 24 185 435 89
29 33 18 20 333 569 124
39 16 48 25 56 352 256
41 22 44 19 359 467 266
13 12 14 16 102 219 153
13 12 46 39 8 293 212
40 45 41 22 192 311 222
39 30 11 11 129 361 145
26 13 50 23 319 503 450
15 27 18 27 460 620 78
38 17 39 32 248 418 72
13 35 19 18 387 530 391
19 28 40 48 414 681 63
30 19 46 19 72 361 315
31 25 40 40 413 654 389
13 13 49 40 142 356 150
32 37 10 49 183 366 456
18 33 30 44 19 212 307
24 15 33 45 368 635 317
17 25 49 11 476 748 160
25 36 23 21 341 498 315
41 33 21 29 122 390 384
33 33 36 37 46 296 183
41 32 19 28 120 335 119
26 13 18 43 363 534 460
30 40 48 50 250 381 172
46 11 40 32 114 367 246
41 47 44 34 332 587 231
41 50 36 21 135 266 55
12 28 11 18 10 169 354
11 43 39 24 247 530 401
17 18 10 11 198 486 299
35 33 12 23 207 343 358
38 18 50 18 86 256 337
11 10 22 46 418 533 309
28 18 12 35 488 606 294
24 43 24 10 87 279 107
20 30 30 13 106 381 276
14 41 37 18 58 347 362
50 18 26 42 366 552 172
33 46 45 47 83 367 273
37 29 10 25 66 318 458
24 17 36 23 256 496 257
49 12 46 39 316 576 72
27 26 45 33 69 193 131
20 42 13 17 438 681 444
28 38 25 31 485 715 294
26 18 19 41 256 428 175
46 37 48 12 400 553 250
39 49 26 50 478 773 336
50 38 39 21 90 373 173
43 38 24 25 136 334 223
19 32 12 13 329 580 245
13 31 48 12 378 490 216
34 32 29 18 71 212 168
18 21 30 38 58 281 190
31 26 45 49 340 444 339
43 32 49 38 56 226 176
11 31 21 13 231 347 322
47 44 35 33 279 529 392
27 18 43 13 439 562 258
43 28 22 47 122 237 367
12 45 43 29 137 399 216
48 31 31 38 2 179 278
43 43 32 10 277 458 222
25 11 48 30 194 313 145
18 28 47 18 168 341 69
22 39 33 43 58 215 228
14 34 23 25 216 443 421
30 13 38 43 438 675 319
45 22 38 46 180 466 213
44 47 14 13 347 638 444
16 13 24 18 312 430 229
12 47 20 27 40 174 338
40 22 45 37 246 527 340
28 15 44 43 188 456 355
23 47 11 40 68 171 157
39 24 50 42 494 654 243
18 27 43 24 440 554 355
38 48 45 46 483 753 121
42 22 41 29 47 239 368
16 39 26 45 282 523 321
22 26 16 38 411 603 488
24 23 25 46 67 349 100
19 17 27 31 131 416 225
11 21 41 37 266 522 158
37 49 11 48 121 387 346
28 36 15 27 324 554 403
32 19 35 42 44 328 263
25 47 39 38 189 477 496
20 39 26 23 279 430 66
17 10 43 42 89 265 200
24 48 46 16 141 326 326
44 36 14 29 296 456 303
20 35 35 31 377 512 372
34 39 10 17 46 316 83
37 18 14 37 191 458 104
14 19 31 33 110 322 216
25 22 48 25 471 621 376
17 47 45 24 253 429 165
34 46 30 45 449 687 90
49 34 17 21 402 616 148
30 15 18 13 201 390 94
20 46 19 37 116 401 159
18 40 44 24 58 179 385
28 26 49 18 138 391 489
35 31 22 10 35 148 375
22 13 48 26 151 392 89
49 49 45 49 39 165 121
11 37 10 43 168 416 109
25 28 14 15 156 272 139
20 31 13 38 287 451 78
12 15 44 34 308 534 155
13 50 46 22 233 428 414
38 38 21 18 432 727 184
29 24 12 47 16 298 303
38 31 26 50 471 665 318
49 49 13 49 379 669 257
11 31 33 15 221 385 493
29 25 30 49 151 430 142
27 25 23 19 232 505 264
29 24 28 45 350 604 71
20 23 15 25 160 377 300
14 47 14 29 138 415 145
36 28 25 46 355 531 133
13 34 47 30 495 676 475
23 31 45 29 131 274 414
50 39 21 32 352 624 458
41 42 17 10 79 195 224
40 29 33 25 282 382 82
19 11 21 29 59 252 75
40 12 28 40 161 330 54
19 36 50 19 253 524 341
49 43 42 43 45 324 218
28 32 43 22 445 693 214
14 12 26 39 444 602 420
28 31 23 20 497 714 194
26 16 33 34 35 277 174
36 19 40 30 280 502 308
38 33 32 25 207 313 331
16 14 27 33 471 767 454
17 30 39 46 179 389 321
37 31 48 45 116 325 499
37 28 45 40 191 488 479
49 45 17 28 65 302 211
18 24 46 22 485 710 152
45 40 22 48 98 278 54
45 36 47 49 220 427 163
31 28 42 41 390 607 339
40 11 22 10 144 357 219
41 35 44 24 264 504 357
27 30 36 15 483 640 436
24 32 37 22 249 542 90
12 38 16 22 385 490 81
32 35 47 42 417 656 154
25 48 44 46 2 218 435
14 27 23 41 324 599 438
32 26 30 43 413 515 488
23 31 39 14 393 544 146
48 41 16 31 479 738 217
49 50 21 19 58 315 97
48 36 21 46 307 524 311
15 31 39 38 488 716 458
12 16 41 25 274 572 55
23 10 18 31 166 383 301
37 13 38 21 111 290 488
17 23 10 19 113 363 273
11 29 48 13 253 515 114
38 15 46 19 226 379 142
43 28 24 20 407 696 268
23 17 36 18 14 188 108
45 22 28 46 118 345 176
25 15 12 16 358 505 103
36 27 44 22 282 515 173
23 26 27 24 177 386 108
44 41 48 27 358 497 98
36 34 42 18 103 276 465
18 37 10 43 342 576 130
47 14 22 35 360 641 335
14 18 20 24 204 407 446
34 40 27 13 344 518 78
11 35 45 33 410 558 178
49 18 12 11 259 391 454
26 26 12 24 175 313 154
42 25 26 31 17 284 160
18 45 28 36 354 582 356
28 33 27 38 454 662 319
20 43 41 42 481 772 70
22 15 32 42 495 684 282
25 44 39 44 169 425 213
32 15 10 47 59 250 114
10 12 28 38 120 243 404
22 35 14 31 478 606 351
31 22 40 19 256 378 494
18 36 15 21 239 534 367
33 31 28 48 148 306 273
20 19 36 30 92 202 482
44 42 13 22 32 223 53
49 45 24 19 78 226 307
34 22 40 19 468 676 345
36 47 25 42 197 428 393
15 37 15 35 413 659 115
16 14 43 28 407 692 112
21 31 39 26 157 333 455
26 34 47 26 319 485 388
41 35 31 28 339 558 51
29 34 27 25 212 496 232
11 10 16 49 168 410 94
18 15 27 32 214 321 164
20 38 41 18 484 615 435
42 37 50 49 27 249 353
34 32 19 38 358 612 102
24 21 30 21 470 767 431
15 18 28 37 112 294 93
19 32 47 36 343 521 408
34 47 41 13 239 500 160
34 23 10 12 242 488 474
42 33 26 21 184 362 84
50 34 16 32 386 548 74
31 16 22 10 132 253 74
26 50 42 22 368 606 189
17 38 24 37 405 621 400
36 34 39 10 236 428 469
44 14 49 19 212 361 90
41 26 23 19 162 276 239
19 26 33 12 115 215 306
26 32 45 44 490 627 320
45 20 28 49 191 435 398
41 21 18 13 411 534 349
43 12 42 10 388 595 455
47 39 10 34 326 483 279
16 25 34 34 471 635 420
21 23 16 21 81 253 248
23 26 24 20 308 603 276
29 25 33 38 302 452 456
11 50 29 50 14 238 397
10 40 50 16 62 215 303
11 29 19 36 285 542 490
11 39 47 35 18 211 82
43 31 50 20 169 459 445
50 44 21 45 110 383 228
20 50 48 39 102 345 334
41 32 33 43 94 315 336
18 36 40 47 373 607 157
42 19 10 37 147 423 236
22 39 38 34 490 686 312
39 15 27 30 5 137 405
15 37 30 29 181 314 499
29 42 10 27 177 323 463
39 12 43 30 246 493 65
39 32 42 24 342 571 222
23 18 36 46 316 500 213
33 43 29 33 394 691 442
50 19 39 31 236 437 427
40 14 12 31 66 330 283
27 33 43 26 449 655 118
35 39 50 31 241 426 183
15 46 41 35 415 698 457
45 48 30 16 104 312 301
23 22 42 18 84 349 252
25 50 20 19 165 397 213
38 12 35 26 379 660 468
48 44 15 19 499 690 374
15 28 25 13 443 669 58
50 39 43 48 415 683 341
49 28 20 21 435 582 254
26 14 33 21 94 331 234
34 46 31 18 173 425 261
23 25 31 40 232 524 82
34 28 40 40 442 647 182
49 10 14 39 313 468 197
23 39 45 25 29 204 109
43 15 18 11 367 622 359
41 17 22 37 346 508 225
12 48 22 33 304 538 469
49 37 47 34 132 407 275
12 10 36 47 24 210 201
18 17 38 23 398 583 392
33 24 16 26 214 460 176
16 22 14 37 466 597 489
22 28 15 48 258 372 99
44 41 24 38 0 203 61
42 49 17 24 39 308 287
22 21 44 28 423 582 345
20 47 22 15 210 318 87
19 44 29 42 35 153 379
12 14 40 19 108 340 149
37 20 24 40 136 395 397
27 46 11 36 200 437 287
31 50 43 29 334 465 233
23 11 32 45 467 602 206
35 42 29 16 236 394 252
50 37 22 12 260 364 304
50 30 27 33 356 640 144
30 19 31 19 443 575 389
24 18 18 15 274 491 497
17 50 16 49 416 660 421
32 28 33 41 45 343 261
48 35 41 39 389 530 461
27 29 27 48 377 628 492
12 30 49 32 410 709 433
22 13 13 47 389 686 440
28 23 36 39 35 300 428
32 47 25 24 278 570 227
50 26 19 19 256 518 340
49 41 45 35 438 731 202
19 42 27 49 15 231 392
40 20 30 43 239 501 102
33 48 29 33 85 196 356
40 22 17 47 95 233 314
40 38 29 23 55 281 150
34 22 21 21 359 492 353
46 49 32 44 340 618 161
29 10 34 47 386 569 467
23 11 14 41 158 442 454
26 24 39 43 482 688 321
10 16 37 28 68 350 356
35 45 43 46 333 446 189
16 25 15 18 259 509 52
13 20 26 23 39 334 278
35 41 20 11 53 227 137
19 22 10 35 181 318 92
20 29 47 39 143 316 319
31 38 31 30 439 675 437
34 35 15 39 81 286 164
23 40 25 10 183 424 426
10 13 22 19 221 472 411
49 29 27 16 220 320 414
41 22 11 28 452 746 96
16 10 42 30 110 303 403
12 45 39 32 494 626 481
21 18 10 47 301 417 217
41 47 23 41 215 495 175
31 36 25 31 498 615 354
13 50 17 10 37 311 470
42 38 20 18 190 319 68
15 29 22 26 53 341 69
21 37 34 12 232 390 138
21 41 29 33 127 301 76
10 15 35 25 159 411 345
12 42 43 48 140 314 420
12 36 22 38 436 645 63
43 11 28 50 164 318 76
16 46 10 20 347 594 137
14 12 17 37 92 246 98
22 46 38 45 229 503 106
34 48 45 16 377 612 299
39 16 14 12 106 231 100
25 32 36 17 160 336 410
36 26 43 11 343 463 458
30 22 36 46 317 576 141
11 40 48 12 360 653 346
29 47 30 44 15 202 176
21 18 22 21 304 488 307
30 29 35 46 6 304 374
12 30 36 47 251 416 454
46 39 47 32 364 597 111
49 19 20 38 136 307 323
40 18 15 25 45 176 358
15 41 31 19 282 384 105
14 22 29 33 251 423 118
43 41 14 34 388 638 419
50 24 29 44 306 446 122
37 25 14 27 220 446 429
10 36 42 35 401 639 87
38 11 24 20 289 424 151
16 16 41 22 429 550 342
11 13 12 21 85 193 202
16 19 28 25 1 117 55
26 39 37 14 249 547 77
18 15 40 13 213 468 125
43 38 50 38 61 202 353
14 31 23 36 87 365 132
29 33 14 37 142 297 176
26 32 49 31 46 302 331
35 13 19 28 195 307 387
13 31 43 27 145 406 88
41 20 32 41 319 515 462
46 25 39 32 173 464 488
11 23 30 26 32 324 325
26 47 41 24 91 334 424
34 24 26 47 378 667 218
40 44 20 32 131 243 183
12 35 43 45 208 444 137
44 16 36 31 71 239 292
14 14 17 50 63 230 498
41 23 39 43 449 637 406
48 29 46 25 94 343 195
44 41 37 26 316 556 58
32 11 12 10 287 408 284
30 27 20 47 141 384 237
35 10 48 12 314 583 433
13 44 50 45 80 211 272
30 44 30 38 45 170 198
39 39 27 38 92 301 186
29 36 17 21 482 641 339
33 16 14 36 189 387 308
28 37 32 37 140 437 275
47 35 36 37 394 524 373
21 31 30 31 351 511 470
38 17 14 45 10 252 171
48 14 43 44 258 358 185
48 48 27 13 184 306 150
37 28 28 34 125 370 221
43 17 30 14 179 368 290
35 12 14 25 312 598 107
10 38 32 33 93 331 166
10 43 29 32 280 546 410
34 12 42 45 107 386 184
16 15 21 20 104 383 280
48 24 38 11 232 414 465
21 26 50 24 306 511 354
29 39 41 12 194 394 310
16 13 22 31 30 227 246
42 16 34 11 4 212 180
10 34 22 18 84 273 313
32 10 30 24 107 376 218
11 36 40 25 319 575 477
42 17 10 34 489 592 292
24 50 35 18 309 538 53
30 19 50 24 353 532 314
46 26 11 20 139 351 122
28 33 18 48 430 712 363
21 34 45 34 340 581 125
43 47 39 28 485 634 432
45 19 36 23 166 355 61
22 48 47 29 143 346 224
10 10 27 45 243 358 333
19 19 38 44 246 355 302
27 15 21 37 312 438 149
19 33 37 43 50 312 159
28 13 37 14 449 590 477
33 49 49 20 11 194 218
33 11 19 32 4 125 362
22 50 21 33 473 727 91
39 22 20 39 40 208 201
41 43 31 39 336 612 442
33 11 47 16 24 155 330
13 16 35 17 139 323 298
42 47 26 31 258 469 370
39 49 48 27 418 607 208
43 28 49 10 430 671 460
37 24 16 11 102 322 352
28 42 38 45 400 669 277
24 13 46 35 356 541 333
46 45 45 14 106 360 153
15 48 13 32 24 221 122
