150
12 11 10 3 2 32 786
6 4 10 1 25 75 796
5 10 2 7 14 74 559
6 10 4 3 45 85 930
1 9 3 2 46 56 895
14 7 7 12 40 77 722
13 14 14 6 31 93 831
3 4 14 7 6 19 85
3 10 12 14 32 34 424
7 7 2 7 11 59 268
12 12 7 10 10 33 447
2 14 2 6 82 100 351
3 11 4 7 5 23 822
13 2 3 1 8 70 687
6 4 6 2 40 75 38
14 6 7 4 11 31 723
13 11 13 3 6 29 882
8 8 2 3 49 80 36
3 10 2 1 47 86 451
6 13 5 4 25 31 689
1 12 3 8 15 90 419
9 12 1 2 18 22 172
11 9 7 14 19 21 809
13 5 3 14 7 74 725
11 13 9 4 72 96 858
6 2 11 14 20 45 470
14 2 11 10 34 95 313
15 6 11 1 8 21 409
4 11 10 14 46 97 386
11 10 12 2 21 74 197
10 12 12 15 8 83 425
15 5 12 7 19 51 825
4 11 4 14 64 92 576
15 13 7 12 22 28 163
8 4 11 15 77 90 927
6 6 14 2 7 30 749
13 3 3 8 23 38 885
4 8 1 4 21 33 58
4 6 5 15 12 40 109
15 2 13 1 3 11 524
6 10 14 8 78 84 525
11 9 2 6 79 90 333
13 14 10 1 24 61 949
13 15 7 5 26 72 92
5 1 13 9 60 91 620
5 13 11 8 10 16 28
8 3 7 10 9 12 198
14 13 5 10 0 90 509
7 7 3 12 27 62 474
14 1 12 10 7 81 879
7 1 2 6 27 49 230
2 4 3 12 44 72 718
12 5 5 4 94 98 979
13 10 5 4 46 70 323
13 11 1 1 25 78 26
3 14 5 2 29 93 341
5 5 10 7 7 94 364
6 5 2 9 9 12 820
14 3 8 13 9 13 367
15 2 2 2 10 12 609
8 15 5 11 11 36 830
6 3 13 11 22 57 51
7 3 13 14 66 90 279
11 8 1 14 26 70 627
15 4 15 3 17 56 333
14 10 12 9 1 14 62
1 1 4 15 16 44 340
10 10 1 15 5 46 665
9 8 6 4 48 78 858
3 15 6 2 8 17 264
3 6 12 7 12 30 653
11 12 4 12 4 73 329
10 2 15 4 6 23 190
15 7 7 4 33 87 272
8 6 3 3 23 57 139
9 12 14 8 58 74 82
6 9 9 2 1 54 316
1 7 4 5 46 46 884
7 9 7 6 7 10 122
10 15 4 2 23 72 655
13 2 9 15 7 47 164
1 9 7 12 29 100 569
5 12 11 7 5 19 119
13 13 14 8 28 57 82
2 2 1 15 33 40 18
8 11 9 12 21 78 707
11 8 11 3 30 95 643
11 4 5 2 27 34 461
14 5 9 6 6 40 785
2 9 11 15 33 55 208
3 15 3 12 55 58 166
2 5 11 8 68 77 72
3 14 10 15 86 89 568
1 3 8 2 64 90 267
9 9 13 2 16 35 719
4 15 4 12 55 80 121
2 3 15 4 12 89 57
11 3 9 15 4 56 984
5 14 13 12 20 84 690
12 10 13 10 41 53 492
14 1 2 15 4 10 146
7 7 6 12 12 17 570
3 2 9 6 4 18 54
6 7 14 5 90 95 116
10 5 6 6 30 56 332
9 5 14 13 15 58 948
11 10 12 3 28 71 133
14 13 4 14 4 68 443
5 14 1 15 25 35 661
12 8 4 10 42 65 569
7 8 11 7 27 31 414
4 3 1 11 7 13 691
4 4 14 9 22 29 703
9 9 12 9 2 42 441
7 14 15 1 65 88 993
10 5 13 12 9 24 622
3 3 6 15 11 54 173
3 14 1 12 2 20 626
5 15 10 15 17 37 771
5 14 12 14 15 70 226
5 5 10 8 2 22 958
11 13 15 8 31 38 154
6 4 7 9 2 17 903
2 8 7 3 16 31 984
14 8 11 1 62 97 279
4 5 3 15 1 18 296
14 14 9 12 52 60 237
4 15 8 1 45 99 997
15 11 4 4 40 71 15
13 11 11 12 30 75 281
1 6 14 4 1 100 593
9 7 11 13 20 83 496
13 10 9 4 16 29 771
10 13 11 2 51 62 538
9 13 7 10 17 33 688
2 7 6 15 4 17 145
15 6 11 10 3 25 504
2 4 8 13 69 69 949
12 7 8 10 5 27 274
10 4 11 3 8 79 845
5 3 15 2 0 10 1000
8 5 11 3 63 77 350
11 14 9 9 63 73 358
2 13 15 13 11 49 959
8 12 9 9 19 30 537
8 14 12 5 62 76 656
13 11 14 1 8 10 564
4 14 9 15 44 88 377
14 11 1 6 24 25 71
1 5 5 9 5 93 436