400
13 126 172 65 281 289 9
41 160 193 166 120 347 10
156 149 177 87 13 34 8
34 57 101 99 91 171 5
9 10 113 146 186 317 8
66 121 25 83 388 457 8
186 100 160 169 97 197 2
104 191 66 181 185 521 2
115 6 76 179 74 202 3
138 27 110 148 312 703 3
61 75 70 55 137 374 5
62 179 159 199 382 564 4
193 19 148 143 217 259 7
29 141 63 190 44 117 5
200 164 113 59 192 563 8
45 10 40 95 84 189 4
25 153 146 33 188 522 7
164 123 9 150 238 658 8
182 93 108 194 155 403 6
3 17 175 37 47 105 1
89 28 54 94 243 284 4
119 58 198 95 25 37 3
43 185 80 76 302 902 3
92 51 70 2 125 288 7
161 113 24 44 240 590 4
16 93 83 39 272 498 2
164 178 145 127 253 721 9
94 98 42 132 211 251 9
95 138 46 80 360 361 5
63 170 81 45 361 371 2
178 79 182 18 366 853 3
138 76 70 48 271 410 4
31 171 20 182 49 115 3
169 140 17 187 47 127 5
109 199 77 76 81 193 1
56 38 9 123 296 575 3
96 184 124 101 360 569 10
48 173 39 160 61 161 4
10 111 59 127 95 165 1
59 107 85 104 397 857 10
70 168 9 93 351 504 3
16 93 27 85 329 869 5
72 160 125 89 345 617 10
21 150 135 78 200 474 3
12 177 6 114 163 221 9
9 164 169 185 46 104 1
59 101 178 91 34 72 1
195 53 126 158 178 316 1
77 71 193 113 203 535 10
32 187 69 150 189 471 1
82 43 47 78 15 43 9
130 176 48 152 341 678 4
44 50 89 102 213 245 8
91 62 22 182 7 10 5
145 141 90 94 313 495 7
110 2 10 51 367 1086 7
190 105 36 81 305 644 1
172 37 3 25 86 212 4
108 50 106 179 165 398 10
158 185 66 85 93 94 7
42 48 107 30 337 622 9
130 89 101 68 20 20 10
94 159 162 120 60 65 3
30 41 60 17 107 186 3
168 95 173 93 290 557 1
168 129 197 116 336 517 7
25 5 175 156 106 112 3
116 175 129 49 13 39 3
130 61 125 105 200 257 1
64 152 153 87 298 444 4
64 65 174 64 23 66 5
105 177 59 113 74 194 4
7 141 148 6 29 61 4
167 82 168 177 78 93 10
109 22 26 55 263 512 1
127 158 13 66 264 322 1
82 66 17 144 59 78 9
180 62 111 109 365 785 6
159 62 178 100 68 81 5
25 134 139 59 395 532 7
198 23 90 159 244 563 9
168 191 146 163 269 312 10
196 78 190 90 6 11 3
141 24 108 26 315 665 9
150 134 147 109 338 991 2
47 169 64 60 58 124 7
168 36 103 168 70 129 10
61 2 134 164 165 366 8
11 153 131 46 168 473 3
95 153 29 26 175 218 2
95 110 16 32 167 277 2
19 89 184 42 27 61 3
48 110 190 47 382 792 1
38 115 128 2 47 124 5
46 173 37 163 289 330 8
1 178 160 29 34 90 7
137 191 190 112 69 94 5
117 165 119 53 17 27 7
109 110 195 170 314 764 9
151 149 173 94 132 352 2
22 170 166 59 318 641 4
39 199 22 1 138 150 7
126 49 77 52 317 358 1
119 191 46 30 310 702 3
38 16 101 160 135 138 5
96 200 118 8 181 401 5
134 156 131 36 219 439 2
19 37 113 115 308 681 2
160 76 102 1 26 31 6
97 129 4 146 30 44 7
182 106 24 78 347 373 1
12 185 139 156 355 813 3
41 90 147 97 88 234 1
17 90 182 14 272 776 5
31 51 100 108 312 932 7
109 56 15 133 348 366 10
77 162 80 125 278 699 4
59 188 70 27 312 655 7
159 92 66 178 380 571 9
107 28 159 9 43 82 5
68 46 77 162 368 827 5
34 22 51 5 30 52 10
143 17 176 84 234 317 4
182 158 138 157 375 412 1
101 61 29 141 130 329 7
61 93 158 145 49 65 5
163 162 100 29 18 29 6
52 90 83 172 47 116 5
170 83 95 51 274 603 4
29 135 133 130 1 3 1
187 171 76 149 26 55 1
2 84 53 176 254 743 7
81 163 170 111 142 266 10
78 102 48 163 37 39 4
97 40 60 71 260 706 4
119 92 152 199 387 517 5
77 180 65 149 163 475 10
166 162 87 7 132 383 3
141 125 29 80 19 26 4
122 170 139 124 61 83 10
156 166 158 45 23 25 8
4 186 13 47 192 205 5
145 194 71 15 319 434 8
32 34 67 18 226 564 7
56 169 70 40 203 295 3
28 76 180 109 330 849 4
127 96 74 63 334 624 1
2 141 116 133 231 402 1
99 195 196 195 370 659 1
83 120 135 156 115 322 2
20 66 15 34 208 536 3
34 4 199 101 196 451 1
171 179 100 184 209 261 2
192 137 160 170 308 609 3
35 15 32 6 105 131 5
27 167 200 57 264 788 2
192 189 114 119 390 738 5
180 76 45 70 132 373 4
93 19 114 49 37 72 4
115 76 37 124 270 762 9
179 80 138 166 105 300 5
4 1 161 170 176 177 10
35 31 144 27 200 525 2
63 55 178 168 247 667 7
70 132 58 49 341 353 3
175 65 176 26 323 859 4
183 25 160 12 287 365 7
135 63 145 140 119 341 8
190 24 72 109 378 1123 9
3 91 132 98 54 135 10
52 20 69 199 123 307 4
86 42 96 153 63 63 4
28 171 75 116 58 93 8
125 126 31 132 56 90 6
166 168 174 192 305 336 10
8 123 49 124 140 143 5
55 9 67 116 351 905 5
67 141 127 102 165 196 7
200 64 58 42 324 869 4
176 55 76 63 347 827 6
23 127 33 123 78 158 9
13 81 61 83 317 943 9
93 182 92 145 131 230 2
113 118 59 180 204 417 1
12 77 120 34 88 244 1
153 22 92 79 114 166 5
84 124 21 122 359 956 4
193 152 89 96 47 136 4
37 53 135 146 13 32 1
183 99 150 43 5 13 7
45 132 7 150 21 59 10
91 89 144 8 367 1035 4
168 192 177 136 51 63 8
197 79 167 186 384 590 8
70 196 32 29 153 377 5
16 159 41 41 89 104 7
198 162 139 10 44 119 8
25 127 136 9 303 775 5
147 190 162 11 172 197 6
195 145 171 113 45 54 3
38 103 84 162 217 547 10
51 80 178 138 388 694 4
136 60 8 55 156 349 2
119 189 18 152 312 686 8
40 45 66 152 342 812 9
23 19 63 108 84 111 5
57 177 63 1 110 123 1
120 68 91 20 122 144 6
192 80 67 116 5 11 7
97 61 132 153 336 748 4
83 148 87 57 89 174 7
168 186 159 109 256 721 3
192 155 79 165 318 945 2
144 85 110 79 87 191 3
197 44 148 118 133 228 5
82 4 100 126 190 489 6
194 130 43 109 300 809 3
147 37 159 126 52 152 8
151 46 185 97 257 532 2
157 152 55 121 226 602 1
82 72 111 192 81 115 10
118 132 100 92 286 718 1
182 183 140 163 2 2 9
172 196 192 181 91 136 4
61 138 197 184 18 31 10
80 197 62 157 360 782 3
88 182 164 104 201 498 7
30 169 129 52 285 454 3
133 72 2 139 367 940 5
2 58 11 70 9 22 2
54 144 67 193 334 857 9
105 184 122 80 69 132 3
175 170 26 139 64 82 7
56 101 82 125 343 985 9
167 152 182 164 377 856 6
104 4 6 154 290 755 1
9 187 113 143 12 32 2
11 160 173 186 90 100 10
53 62 139 23 232 470 5
195 88 65 147 64 162 2
84 52 20 16 136 241 7
81 176 154 12 382 582 8
9 18 68 197 225 628 8
73 54 188 109 53 130 9
128 185 81 89 284 433 7
80 42 82 157 221 244 9
29 8 36 127 255 256 10
131 170 163 63 283 598 10
38 84 180 178 225 356 3
105 32 190 112 356 762 2
103 56 81 28 318 831 6
136 121 163 157 223 239 6
89 147 45 83 129 184 1
122 73 170 6 43 98 10
43 159 36 196 119 312 4
111 62 10 154 148 335 10
61 157 172 127 138 250 8
113 127 14 68 235 455 4
50 71 63 38 18 47 5
33 97 26 72 19 31 1
139 188 154 2 33 77 9
135 89 192 39 40 68 6
131 100 185 118 113 175 3
153 171 15 191 325 792 10
116 66 79 32 42 96 10
120 109 62 45 25 60 5
174 66 187 27 39 99 9
147 107 89 15 181 456 2
173 127 36 171 265 618 8
141 142 177 35 336 687 4
86 173 99 56 362 617 9
38 90 122 84 368 540 5
100 65 7 146 193 316 2
75 51 87 81 14 29 9
114 185 121 199 80 138 10
6 86 57 68 335 418 5
175 154 169 91 356 571 6
175 104 37 151 117 202 9
44 124 162 23 183 360 7
32 79 119 83 16 37 6
40 177 9 7 45 97 8
62 108 25 49 139 160 4
20 78 20 38 241 679 3
51 27 177 158 147 275 3
68 98 13 109 310 842 10
142 75 60 184 32 64 3
31 29 160 80 192 408 2
76 43 65 172 369 634 5
157 181 148 126 364 983 6
67 137 10 78 204 500 8
186 44 77 98 388 783 3
15 11 78 103 109 177 4
90 174 160 3 224 243 10
23 12 194 174 193 391 7
73 144 61 104 106 113 5
45 135 69 6 383 455 6
196 32 12 42 245 439 10
53 75 161 95 361 861 1
107 130 19 118 128 230 2
20 65 22 148 301 586 5
19 66 66 11 293 861 3
26 145 170 185 196 532 5
176 68 85 108 118 170 9
41 186 190 120 365 1081 7
169 89 59 168 375 514 7
12 21 198 13 9 24 3
14 121 80 135 237 331 2
52 106 13 189 66 122 3
123 50 13 19 341 954 7
45 13 25 146 28 45 1
28 84 20 34 61 178 8
185 24 114 46 19 29 3
174 120 28 149 151 187 1
139 66 137 11 113 305 7
186 23 120 169 223 450 1
109 102 155 18 167 295 6
154 100 28 148 170 250 7
121 78 106 40 51 152 8
74 147 139 78 53 155 3
70 142 85 20 127 177 9
60 127 10 98 132 230 4
154 163 49 55 315 810 3
112 153 61 141 107 228 4
59 121 84 144 360 1074 8
105 103 98 30 163 308 1
31 75 115 15 320 775 6
197 158 10 114 119 212 10
112 190 91 43 106 173 1
193 156 17 196 247 324 9
151 36 26 38 85 115 4
55 58 25 161 30 37 7
158 8 200 7 94 140 3
89 16 189 132 18 21 6
143 79 129 132 253 269 10
40 187 137 42 268 500 10
177 136 4 188 48 91 9
126 190 9 32 363 640 2
194 2 26 84 264 704 2
183 38 61 30 254 335 5
157 98 70 67 77 94 4
144 52 107 66 78 206 2
159 142 117 59 84 216 2
74 197 145 139 45 68 8
39 110 50 85 142 350 10
54 187 74 158 48 65 8
22 11 23 188 146 267 10
132 84 175 135 258 678 6
102 22 129 94 399 1162 5
8 180 120 95 162 226 9
196 53 115 114 327 836 9
39 61 4 98 253 757 10
106 169 133 44 263 329 9
35 15 42 178 202 286 6
193 88 150 145 87 243 3
198 67 194 193 2 3 7
101 156 27 76 346 827 8
32 111 8 186 278 768 10
132 95 23 72 362 744 10
163 175 46 81 144 394 8
44 80 128 156 321 792 10
147 92 135 77 396 524 8
47 121 144 67 314 514 9
188 139 66 180 175 345 4
31 174 85 42 87 196 4
30 74 29 14 46 133 2
172 195 133 100 19 43 1
50 132 156 85 207 508 4
121 176 141 120 192 574 3
138 101 133 94 162 394 2
23 6 177 16 240 569 8
71 189 49 40 340 991 9
4 4 45 109 108 132 9
86 136 45 45 359 760 4
66 78 23 132 261 688 6
29 61 134 164 71 118 8
145 53 91 155 317 746 2
67 140 133 17 100 142 4
164 72 94 174 43 94 1
71 92 150 14 102 257 10
26 96 77 85 212 259 2
17 110 89 43 152 163 3
47 187 52 119 170 171 9
137 137 64 18 324 467 10
7 145 139 19 123 124 2
34 23 157 139 273 655 4
176 11 92 30 149 162 6
15 148 145 55 35 92 4
113 184 154 149 338 858 5
155 53 87 21 31 78 9
157 32 7 6 363 721 10
192 185 26 1 274 741 2
195 116 40 122 100 273 3
79 158 1 34 169 249 3
116 172 145 194 247 298 3
30 113 15 187 204 321 4
140 91 7 147 263 414 9
62 93 33 95 151 251 5
116 72 6 36 267 485 8
147 156 43 142 368 1062 5
175 7 177 51 93 135 2
