300
23 23 26 22 2416 2582 79
14 10 11 10 5371 5464 55
14 13 11 14 5362 5452 56
24 24 23 26 1551 1696 85
10 13 11 10 5453 5561 57
24 21 16 23 3069 3216 69
12 10 11 13 5256 5366 54
15 15 11 14 5285 5383 55
16 21 18 20 3281 3411 66
21 23 18 19 2610 2765 72
14 14 12 13 4524 4634 58
21 22 18 22 2719 2844 67
13 11 12 14 5382 5485 52
15 12 10 14 5335 5446 53
10 15 15 14 5536 5638 54
25 23 33 23 762 905 91
26 34 29 33 776 946 91
12 11 13 14 5365 5468 54
14 15 12 11 5452 5555 58
12 11 13 15 5400 5506 55
15 17 16 16 4232 4361 60
20 23 21 17 3476 3604 66
29 31 22 22 1025 1190 89
10 11 14 12 5390 5499 58
19 18 20 15 3533 3664 67
15 15 15 17 4074 4182 66
11 11 11 14 5445 5530 50
26 21 25 24 1630 1781 85
14 13 18 13 4466 4566 57
14 18 12 13 4449 4548 64
10 14 15 11 5283 5384 54
13 10 14 14 5331 5430 52
10 10 15 14 5292 5395 58
26 23 25 24 1585 1733 85
13 14 19 17 4172 4285 67
17 16 19 18 3588 3705 64
21 26 23 25 2310 2475 79
11 14 10 10 5491 5593 54
28 24 29 30 1519 1704 85
20 20 27 25 1577 1731 85
17 16 17 15 4820 4928 55
12 13 15 16 4602 4728 57
15 11 15 12 5326 5430 59
29 27 27 22 1973 2118 83
23 25 27 29 1523 1698 85
22 23 24 17 2803 2946 72
14 16 16 15 4318 4439 67
25 23 27 28 2229 2393 81
13 10 15 13 5550 5656 53
10 12 14 11 5276 5362 52
25 26 28 27 750 911 91
16 19 18 22 3426 3575 67
17 15 17 14 4612 4727 65
11 10 14 15 5488 5588 59
27 24 31 23 729 890 91
10 15 11 15 5399 5489 52
27 29 34 26 793 971 91
14 16 18 18 4637 4752 63
15 20 22 21 3609 3752 69
21 23 18 21 3299 3438 64
14 13 14 12 5279 5399 57
14 14 11 10 5503 5619 55
16 21 21 19 3764 3912 66
15 18 18 13 4230 4337 59
26 30 30 28 1550 1711 85
17 18 18 16 4504 4628 58
13 11 14 15 5303 5393 49
13 13 11 13 5529 5637 52
13 15 13 13 4372 4490 65
22 23 22 22 1884 2035 83
15 12 12 13 5477 5580 55
10 15 11 11 5332 5431 53
18 15 14 17 4603 4718 64
15 17 16 14 4591 4699 57
13 14 13 15 5402 5525 53
19 19 21 20 3297 3427 67
34 25 32 30 726 912 91
12 14 10 15 5264 5369 52
20 24 20 23 2531 2663 69
26 25 30 23 727 900 91
19 19 21 25 2565 2719 72
21 22 20 27 2390 2536 79
18 18 16 18 3394 3504 67
26 26 23 19 2651 2793 77
23 29 27 23 812 980 91
15 18 19 14 4273 4388 65
30 25 34 24 520 698 91
19 24 17 18 2847 2976 72
16 13 19 13 4359 4480 64
24 29 25 25 1833 2003 83
21 16 18 20 3720 3865 62
13 14 10 13 5472 5566 58
24 26 31 29 1261 1420 87
12 13 15 11 5357 5467 59
24 27 22 24 1943 2079 83
14 10 12 13 5537 5633 54
24 22 24 24 2678 2827 77
18 13 19 17 4348 4484 61
16 20 17 21 3540 3660 64
18 15 12 13 4457 4554 62
12 14 10 10 5345 5462 57
33 27 24 32 667 844 91
23 23 31 24 545 697 91
21 28 29 25 1948 2124 83
11 13 14 10 5289 5407 51
16 15 17 15 3485 3596 65
29 27 27 24 516 666 93
15 15 10 11 5502 5610 50
10 10 15 11 5338 5421 50
18 20 16 21 3681 3795 61
27 29 28 30 1157 1318 87
11 13 11 14 5378 5479 49
25 34 33 26 532 715 91
11 13 13 14 5288 5393 59
22 23 18 20 3029 3180 73
21 23 18 17 2696 2845 70
24 33 34 30 510 700 93
14 11 15 15 5258 5372 50
13 15 11 12 5414 5503 50
13 17 14 15 4187 4310 62
24 21 22 23 3090 3220 75
14 15 10 11 5349 5442 51
19 18 22 18 3348 3486 65
26 32 28 28 325 482 93
29 22 22 25 1935 2093 83
11 13 13 14 5330 5453 52
15 10 12 15 5356 5453 50
13 14 10 10 5482 5590 58
12 15 11 15 5531 5652 57
21 21 23 23 2488 2639 74
10 12 13 14 5483 5580 57
17 26 21 22 2653 2785 76
13 17 18 20 4277 4414 65
28 31 25 27 0 170 95
15 15 14 11 5303 5397 56
17 16 18 19 3466 3574 72
18 18 16 19 3324 3442 70
31 33 26 27 346 531 93
21 19 18 16 3302 3436 71
14 18 13 17 4371 4502 61
30 23 24 28 1600 1751 85
16 12 16 12 4464 4578 65
20 27 22 27 1627 1793 85
13 14 13 17 4404 4508 64
12 13 12 14 5334 5453 55
15 12 10 14 5411 5530 54
19 26 23 19 2590 2728 74
23 31 24 23 520 687 91
11 14 13 11 5263 5366 53
14 20 14 18 3891 4026 61
13 12 12 18 4438 4553 62
20 20 26 26 2584 2714 79
18 16 20 22 3523 3664 70
18 15 17 15 4402 4525 59
30 29 33 32 568 750 91
19 22 18 17 3676 3804 67
23 19 18 24 2565 2709 71
34 27 26 31 598 774 91
15 14 15 10 5271 5385 56
11 13 12 10 5392 5498 51
23 17 22 19 3341 3461 72
24 30 36 29 0 156 95
25 21 17 25 2714 2874 73
23 29 26 23 1911 2076 83
15 15 18 18 4098 4225 59
15 13 11 13 5470 5584 53
25 25 23 27 2240 2387 81
18 20 16 18 3340 3473 70
17 14 18 15 4415 4526 63
13 12 14 12 5305 5421 57
24 31 32 27 1114 1300 87
16 18 12 14 4477 4582 65
22 24 23 21 1607 1770 85
21 25 23 26 2390 2545 79
15 13 11 14 5433 5555 57
10 12 11 12 5496 5613 58
12 12 15 14 5505 5622 58
26 31 32 28 1163 1317 87
10 14 11 14 5432 5532 49
20 21 17 15 3732 3858 62
22 22 17 21 3720 3871 66
14 11 13 11 5275 5378 50
23 25 30 30 1593 1769 85
22 26 21 24 2784 2914 77
13 18 17 17 4449 4576 62
18 12 14 12 4376 4505 61
26 25 22 19 2712 2853 77
11 13 15 12 5525 5638 55
20 23 19 21 3268 3424 63
15 17 16 16 4114 4228 58
11 14 13 11 5544 5660 51
17 12 17 17 4655 4791 61
20 24 20 25 2390 2548 73
15 16 13 13 4395 4491 57
31 26 32 22 918 1077 89
15 16 18 12 4524 4657 58
15 13 17 15 4541 4639 64
22 20 25 27 1569 1721 85
26 28 21 31 1291 1455 87
29 30 33 24 562 723 91
13 10 10 12 5510 5613 54
18 17 22 18 3450 3572 70
16 19 17 20 3549 3679 65
10 12 11 15 5475 5586 59
25 29 31 31 735 892 91
13 20 19 19 4289 4403 57
14 10 11 12 5280 5394 52
15 11 13 11 5360 5484 54
29 25 23 30 682 843 91
15 13 13 10 5532 5633 50
17 15 15 16 4558 4680 65
10 10 11 12 5291 5385 54
13 12 13 18 4586 4696 57
21 22 26 25 2684 2842 77
25 24 21 20 2360 2509 79
12 12 13 16 4560 4671 63
15 12 11 11 5400 5492 49
13 14 14 11 5386 5512 49
12 12 18 12 4559 4675 57
11 15 13 15 5260 5371 54
14 19 16 19 4147 4263 60
23 23 22 29 973 1114 89
14 10 12 10 5303 5417 52
28 20 19 22 2025 2163 71
17 21 19 17 3753 3892 61
19 21 18 17 3695 3841 66
20 26 19 24 2521 2647 75
20 30 25 30 1607 1785 85
23 19 23 26 2337 2502 79
18 14 12 12 4462 4569 57
11 12 11 10 5260 5359 52
15 14 11 15 5285 5389 54
32 29 30 32 686 882 91
14 16 16 17 4383 4499 58
20 20 19 19 3459 3575 63
22 26 27 27 1717 1891 83
19 22 22 20 3705 3841 71
21 26 23 20 2392 2543 79
14 13 18 14 4567 4685 63
21 21 21 25 1669 1824 75
29 32 25 30 793 975 91
15 16 17 14 4431 4549 59
18 25 23 24 2633 2761 77
27 28 33 25 278 430 93
14 17 18 12 4517 4635 60
14 14 14 13 5323 5437 59
19 22 18 22 2632 2776 71
24 29 29 31 615 771 91
16 16 16 17 4252 4356 66
16 16 19 15 4303 4435 62
18 14 20 15 4353 4473 66
13 10 15 15 5447 5539 53
15 19 17 14 4159 4294 59
15 14 14 20 4287 4423 59
12 11 10 10 5379 5472 54
25 18 18 21 2541 2668 76
29 27 30 23 1624 1777 85
15 16 18 14 4274 4381 64
26 27 29 23 1680 1857 85
12 15 14 11 5472 5586 50
13 14 14 13 4604 4722 65
11 14 12 13 5347 5450 53
18 16 17 16 4471 4584 62
26 25 26 21 1605 1765 85
23 23 19 18 3203 3356 72
13 15 15 12 5322 5415 57
25 26 26 24 0 158 95
12 13 13 15 5274 5374 54
12 13 13 14 5527 5630 54
31 28 30 33 355 533 93
18 20 22 22 3655 3791 71
14 13 11 12 5482 5581 51
16 14 16 18 4106 4214 63
23 16 18 21 3445 3593 66
25 25 25 20 2541 2703 79
15 13 12 14 5322 5425 55
10 10 13 11 5379 5485 50
15 10 14 13 5537 5640 50
21 25 24 20 1934 2067 83
22 21 22 15 3553 3686 68
25 30 29 29 1679 1858 85
16 12 13 11 5197 5321 51
31 32 33 25 736 902 91
14 15 17 18 4576 4706 62
10 10 11 15 5268 5375 58
18 21 23 21 2974 3100 70
17 18 26 24 2862 3005 67
24 25 31 24 1317 1477 87
30 30 35 33 0 173 95
12 15 18 13 4395 4521 58
13 14 10 10 5516 5630 52
12 17 12 15 4539 4643 62
16 23 21 18 3354 3471 68
15 22 20 16 3628 3763 68
18 18 20 20 3377 3516 63
18 24 22 24 2430 2560 77
13 10 12 14 5407 5517 52
15 11 13 15 5311 5427 50
21 21 30 20 1441 1577 85
18 14 18 15 4577 4683 56
