100
10 11 11 14 39 88 369
5 1 1 14 10 85 126
4 9 9 10 16 55 302
15 9 11 2 51 84 87
11 1 5 10 27 28 242
11 13 12 14 17 17 320
9 12 3 10 44 83 799
12 14 12 10 2 78 65
2 2 5 5 4 45 80
14 6 12 2 39 92 80
10 7 14 6 8 20 810
4 5 9 4 51 92 654
6 12 12 6 4 10 58
10 10 4 13 33 73 607
12 13 13 15 25 61 496
4 1 11 11 23 83 188
1 15 6 8 1 27 593
14 4 10 15 7 49 294
13 15 5 5 21 24 902
6 11 11 13 49 89 814
10 1 13 5 14 96 29
12 5 8 14 50 64 976
7 6 3 13 76 76 693
14 15 7 2 35 68 745
9 11 9 9 32 100 23
5 11 6 13 33 40 400
11 9 8 9 15 56 638
15 1 4 8 30 81 100
9 5 1 1 34 70 70
7 3 8 12 65 92 28
14 4 11 1 2 15 133
14 10 10 8 45 90 347
14 7 10 11 10 78 949
14 6 10 6 11 46 650
6 14 13 4 49 53 267
10 3 6 1 3 60 701
4 11 15 7 15 17 457
6 13 5 8 26 37 229
9 7 11 2 4 35 743
11 7 4 3 42 64 265
1 10 10 3 35 76 800
11 5 1 14 47 68 656
2 4 13 3 15 55 800
10 14 8 5 57 90 24
9 3 1 14 7 44 651
9 10 9 6 26 37 679
15 12 6 3 10 10 356
4 8 12 7 58 83 548
12 14 1 9 4 32 518
13 5 1 9 5 13 796
15 14 9 3 5 19 115
8 15 15 10 6 11 359
8 7 9 7 10 68 740
14 13 10 15 5 32 62
15 12 6 10 4 67 687
12 8 9 3 8 57 670
12 1 7 11 36 41 235
11 3 11 1 27 82 710
9 3 12 8 7 11 432
1 3 14 3 18 64 505
10 12 15 14 56 63 526
5 9 13 8 4 35 98
8 7 10 15 35 49 685
7 9 10 14 12 49 185
5 1 10 5 13 58 942
3 13 10 15 64 86 471
15 9 4 14 6 90 867
1 10 14 7 18 76 383
15 15 2 5 17 26 512
9 1 7 9 8 28 305
6 6 8 8 16 44 771
13 11 7 12 6 28 267
13 9 15 14 49 77 10
6 1 6 4 36 63 46
13 2 8 12 47 58 953
7 2 15 15 8 83 822
5 12 14 11 25 44 207
2 1 6 2 14 97 414
14 1 10 15 30 53 515
7 9 2 13 24 54 36
8 10 5 4 10 59 690
10 14 7 10 10 30 62
15 15 7 7 10 80 738
12 2 13 13 35 78 119
11 9 9 1 3 85 14
9 7 6 7 45 67 359
3 13 4 4 13 14 844
7 1 2 7 30 73 18
11 11 5 6 0 12 923
4 13 3 15 43 73 636
12 3 15 3 51 71 963
4 4 9 4 4 25 429
4 11 14 11 73 77 514
3 11 3 6 7 11 431
4 15 1 5 17 27 89
9 5 1 2 16 73 827
4 4 6 4 3 20 367
15 7 5 5 6 37 146
9 2 8 4 18 56 660
7 10 1 3 64 80 200