300
43 31 79 40 0 202 477
48 10 37 12 0 96 709
57 62 24 79 0 260 940
80 79 70 51 0 276 520
47 48 46 45 214 403 908
24 50 83 42 264 436 228
13 32 75 82 348 643 488
64 36 72 75 394 720 331
21 33 65 73 611 878 635
62 76 56 33 612 839 601
53 84 73 91 769 1204 504
28 42 95 60 850 1054 158
38 48 29 78 875 1153 503
85 44 53 85 1174 1361 991
80 32 92 13 1152 1378 686
38 66 17 51 1466 1860 758
70 20 27 77 1268 1426 622
61 39 52 44 1349 1729 952
71 83 70 16 1394 1918 525
96 97 64 59 1742 2129 433
97 72 97 14 1707 2147 183
34 71 65 68 2160 2753 684
44 62 43 16 1926 2310 970
96 35 72 85 2107 2358 204
37 73 87 21 2608 2831 570
32 61 54 58 2696 3013 309
72 61 65 18 3030 3010 925
59 75 71 23 3025 3188 651
62 61 37 95 3040 3148 225
15 57 66 73 3129 3659 675
40 46 39 47 3901 3902 610
31 38 44 54 3642 3835 148
63 14 63 57 3551 4123 687
21 97 81 29 4063 4952 587
86 95 67 99 3848 4928 357
11 69 31 98 4341 4247 946
30 55 34 83 4402 4173 614
28 26 11 98 5227 5475 283
41 64 55 75 4523 5355 315
43 21 44 67 5011 4980 372
85 62 74 92 5006 5115 971
13 98 81 21 5336 5870 884
18 58 33 98 5949 6574 662
50 46 14 13 5049 5905 333
68 88 88 79 5881 6246 810
93 88 71 37 6631 7063 416
83 66 72 29 6520 6134 610
68 55 35 47 7283 7382 230
63 80 34 29 6592 6292 858
13 33 72 85 8241 8161 595
71 87 83 80 8471 10150 388
24 87 70 44 9178 11215 974
50 77 24 21 8289 9698 639
42 95 76 82 9270 9140 810
22 37 85 57 9551 9762 474
20 69 78 85 10643 11934 990
25 88 19 79 9406 9668 903
28 11 49 43 10172 9688 463
54 25 34 11 10818 11346 724
87 12 25 64 12204 11166 983
36 93 64 67 12239 11286 777
83 10 100 96 13218 15365 642
26 56 53 62 14386 16872 822
73 85 28 31 11995 12359 554
65 58 27 60 14968 16125 134
21 86 32 13 16425 16601 130
45 61 75 33 15159 17369 834
52 89 31 11 17624 18380 106
61 54 11 93 18126 18801 297
45 25 88 96 15627 16262 251
67 85 13 53 18791 20903 373
90 100 22 91 19391 19312 471
90 93 31 50 21161 19535 552
60 14 38 53 21181 25488 335
27 57 15 76 19241 23141 890
71 49 69 31 18497 19543 848
74 32 17 56 19101 22537 372
59 35 82 93 21739 25873 813
24 92 18 16 19145 20516 763
79 55 64 57 19379 20301 250
18 32 33 10 23730 26147 939
29 73 85 97 24853 28975 803
77 94 62 74 25807 30152 498
72 11 70 46 21711 21732 562
91 41 76 42 24265 23828 581
21 25 25 60 22557 24195 754
83 15 48 16 27610 31020 504
44 55 41 94 27656 33242 324
50 29 65 84 29255 31331 958
44 34 97 93 27319 26001 690
10 47 85 56 27073 28887 637
80 100 99 11 30526 27762 313
55 64 99 43 31148 37212 580
82 27 82 85 28606 32746 742
35 42 91 70 29704 35698 287
75 64 81 24 28393 31636 781
78 71 70 34 32290 38242 225
65 84 85 56 28550 27576 714
15 61 86 91 33269 40004 185
13 48 97 79 36610 43470 644
14 81 13 25 34663 36294 112
94 77 69 71 38929 45072 145
33 56 74 73 38238 35704 970
27 32 80 61 39534 45073 756
66 24 85 90 35293 39952 201
91 11 30 31 41040 37881 136
74 52 59 66 37181 39508 615
56 20 65 65 35002 38918 964
58 58 80 54 43928 45591 938
53 91 72 85 42846 47975 387
25 67 96 95 47800 43622 290
49 60 64 21 50870 59067 589
93 74 11 41 49557 45937 705
64 98 82 25 57294 60978 384
15 11 51 73 56379 64670 130
59 94 33 53 54934 62448 293
74 65 33 85 50988 52194 860
93 24 59 93 56406 52522 322
15 37 45 35 54800 55669 806
42 34 82 100 57823 69681 698
48 32 53 80 53477 49063 831
68 16 96 28 52471 50655 569
22 57 54 54 60936 55259 463
50 68 45 100 64004 58747 839
16 57 56 91 55327 55657 186
42 91 45 19 55857 64684 443
98 56 19 75 69625 75410 742
52 32 96 97 71499 70518 224
77 59 74 42 58920 65165 362
67 61 42 46 75336 88226 110
90 17 12 82 73101 78087 928
99 65 19 82 70743 67216 524
50 15 48 71 71255 83615 805
63 43 22 43 86895 92223 441
18 19 32 66 77877 75223 395
92 40 33 83 74453 85414 560
26 27 88 74 77284 92393 950
74 13 89 84 80375 72932 909
13 58 78 77 89201 94124 361
78 43 60 75 80759 89430 868
83 83 62 47 87300 86278 329
42 92 99 24 97976 109093 157
30 19 50 63 91560 100682 843
83 96 38 15 100599 101355 329
27 18 53 62 91855 97401 433
54 70 65 68 95090 89759 446
23 24 62 62 105082 106819 346
95 100 67 48 98263 99335 935
65 42 84 21 93488 98171 975
87 80 36 41 95813 94904 605
89 51 53 49 116678 124662 370
43 44 18 26 111770 126790 630
80 42 90 61 104541 122913 341
55 34 25 91 102185 109124 479
85 66 57 67 114457 116352 474
95 62 92 72 116638 137336 271
90 49 44 17 108408 127460 147
56 87 59 66 131208 156482 369
15 51 49 39 111819 127198 712
53 55 29 52 118314 116411 817
30 57 46 22 117920 130134 793
71 95 49 89 113685 110752 949
50 53 48 85 109301 110986 414
97 19 85 25 123811 121002 557
75 48 69 54 109260 123417 356
12 14 78 79 115680 109353 136
84 47 22 100 116906 140195 733
23 98 88 100 132098 129121 284
30 30 81 58 134005 143165 903
85 58 52 87 139533 150717 891
40 74 91 26 134106 132969 214
31 20 86 12 127958 135404 893
36 86 88 34 130145 144074 214
24 69 44 46 147802 149025 656
39 13 28 92 151244 172034 294
86 62 90 54 132021 120657 714
59 28 46 46 155325 181303 267
99 41 66 19 150912 138736 366
22 100 24 28 169734 190088 900
63 61 46 62 155077 173538 437
19 96 18 60 177412 182776 876
45 92 19 74 169088 197494 930
87 40 41 66 180538 164558 711
49 39 64 98 203707 212564 113
33 69 74 82 219325 260261 600
22 51 27 49 191658 200559 280
45 97 86 73 199323 222567 197
90 33 27 82 222396 232323 392
54 15 43 65 234386 241852 885
51 85 93 35 225435 219182 606
87 94 91 95 223111 212844 588
33 39 78 81 212660 205364 333
67 92 15 21 214092 193784 861
16 38 31 68 214563 239635 954
10 46 35 47 255203 268102 343
82 40 63 14 207507 192809 427
16 55 24 50 262802 247980 234
58 17 77 84 247747 283951 133
63 48 35 20 244144 226418 633
63 18 46 30 220889 224432 494
38 59 60 97 279150 285975 524
46 20 22 40 289800 341613 512
56 71 85 14 251588 273322 937
18 94 83 10 290786 318639 541
90 100 56 67 284805 272203 512
90 30 80 47 281833 266454 947
85 18 69 65 269326 307824 920
93 67 74 94 262576 254398 744
25 59 30 23 318576 334814 243
58 39 90 77 264172 286633 303
82 45 78 76 307916 348159 860
75 60 94 80 322595 359122 879
54 67 75 51 317546 322435 252
54 50 55 96 331687 311006 889
91 49 55 71 314929 346949 167
37 80 95 86 337263 332956 765
96 11 59 33 307115 321187 417
23 94 44 33 382112 383179 798
82 55 74 18 308653 282571 153
27 28 71 11 332972 357640 139
70 82 88 67 398676 391363 474
26 71 89 22 336134 385700 190
23 88 68 70 399827 443262 866
49 39 100 35 383322 382254 659
44 76 88 50 429409 512442 720
76 95 82 10 352388 358640 500
15 97 10 89 432313 419112 798
65 70 35 99 436459 440809 925
95 85 68 80 393523 398133 934
86 57 63 59 417205 413106 500
37 62 70 50 475515 521963 641
42 100 53 33 502120 567223 815
20 37 59 17 439437 421083 740
50 75 20 33 499464 510480 354
81 82 85 49 495688 537950 359
37 77 97 22 441115 486386 886
19 68 80 70 479409 570097 481
56 12 31 16 521123 597679 253
34 15 50 54 450159 533682 586
36 90 87 58 544920 511817 237
87 16 13 33 451809 523663 703
60 13 85 76 543857 517035 890
41 26 75 61 483480 505188 805
65 61 94 72 602405 649972 245
58 74 44 92 522170 526561 863
35 47 21 48 568918 543235 105
45 65 59 60 578629 569237 289
92 23 91 74 636502 666985 373
62 59 41 27 598627 649290 205
90 24 97 36 687653 650343 382
56 27 93 17 687462 768347 177
30 39 55 81 650900 597445 454
17 25 50 31 715233 670056 394
60 11 79 51 773705 818641 115
35 91 13 32 739956 740530 760
17 43 74 60 667197 722609 972
62 54 66 99 767676 778352 585
94 65 91 78 777118 711324 849
47 77 78 19 739020 784200 152
36 72 72 71 863447 958286 295
91 44 93 62 743822 743779 443
39 62 59 87 773825 715057 518
99 69 88 48 836485 967097 777
83 47 54 59 939647 860450 393
29 98 92 60 933725 1095911 693
52 92 76 70 923440 1026752 861
58 33 13 19 954969 986373 293
68 45 83 61 1081036 1263944 624
82 100 100 26 1006618 932920 658
93 97 23 21 933761 1001964 400
84 53 72 66 1142280 1033134 866
83 78 62 23 1104293 1221165 385
18 96 91 83 982053 1037048 974
81 63 63 29 1089188 1305250 414
48 71 95 33 1085916 1138663 163
94 67 44 75 1009549 1080503 739
64 19 17 41 962421 876262 393
27 24 54 56 1197666 1227467 390
73 88 49 98 1019211 1005676 417
29 52 51 19 1135366 1190680 190
49 25 49 36 1205980 1142611 990
58 86 47 60 1338804 1239466 729
18 77 82 32 1360527 1324110 578
24 91 12 79 1377450 1480379 271
76 84 53 81 1312854 1227309 607
50 41 46 48 1402077 1569702 736
52 55 12 32 1380568 1476429 678
73 72 22 98 1522304 1533931 527
77 97 99 96 1531083 1620595 531
97 88 56 50 1682805 1741619 498
61 13 39 38 1779208 1899681 939
67 27 22 91 1468201 1637107 755
29 24 69 48 1732681 1963830 496
100 23 74 36 1657210 1811237 838
89 11 75 54 1519189 1407192 241
39 83 20 94 1632404 1890499 502
93 35 91 44 1512533 1406552 632
97 46 85 10 1568496 1418033 620
41 58 43 37 1649784 1739858 827
82 56 10 89 1653458 1870698 352
