500
117 176 56 244 327 531 5
171 4 206 24 463 604 3
152 237 137 234 294 763 2
33 248 63 171 255 317 6
139 173 133 69 241 558 7
35 191 53 154 500 1484 8
176 3 116 75 494 1329 4
28 23 123 114 310 663 7
175 236 178 47 233 274 1
211 198 110 43 177 242 7
244 7 196 183 349 365 3
42 67 245 188 304 407 2
90 199 131 229 82 232 7
65 182 191 123 452 961 4
202 71 226 205 282 356 9
8 19 243 212 5 8 2
79 110 189 169 435 587 1
216 99 178 12 301 411 8
90 206 63 102 461 1040 3
227 31 50 210 191 227 4
217 56 209 191 101 111 8
231 116 100 61 381 623 9
103 206 154 62 65 144 9
158 193 10 231 108 282 1
81 115 44 166 154 319 10
4 63 173 23 62 70 6
95 192 219 67 53 136 4
224 179 64 44 335 670 8
125 90 132 185 293 518 3
121 181 101 138 339 937 10
192 177 13 131 313 470 6
85 1 7 222 2 3 3
170 221 22 40 56 76 2
26 76 133 206 444 1155 2
2 185 50 41 294 852 6
33 199 167 204 483 1098 8
73 107 93 131 498 781 7
117 134 126 40 12 24 10
137 55 191 44 362 372 4
211 8 97 32 20 43 2
92 161 55 173 225 294 1
179 204 73 25 485 908 8
61 47 71 20 376 1122 6
53 180 34 97 91 174 6
30 117 136 182 132 317 10
32 39 139 72 497 960 8
231 211 165 48 352 527 5
162 92 1 113 81 165 2
16 236 14 105 287 645 10
228 42 108 116 64 173 8
44 160 237 57 248 469 5
93 41 95 244 412 1064 4
194 55 7 210 408 1078 4
26 144 116 99 22 48 10
41 95 115 195 216 453 5
191 125 20 247 477 1177 2
132 217 122 119 356 773 7
250 123 173 47 438 623 2
72 66 182 80 98 290 1
96 121 6 141 354 904 7
22 145 238 191 39 56 5
64 60 145 246 344 522 3
164 249 145 129 393 680 6
18 188 46 125 389 707 3
22 82 136 149 346 378 10
230 214 226 221 300 685 5
148 194 238 2 399 533 2
89 135 21 156 3 4 5
3 64 57 178 151 167 5
184 45 215 217 348 927 5
154 156 136 178 2 3 8
186 221 231 96 151 324 8
244 94 239 250 87 239 2
102 164 205 209 128 286 6
233 195 105 100 37 50 2
198 79 3 14 494 1185 9
127 68 163 173 483 730 2
112 247 119 241 306 654 7
184 248 215 118 276 766 10
81 166 155 97 137 245 2
82 199 225 8 47 125 1
56 182 117 238 227 584 5
83 36 65 166 227 469 2
183 81 142 78 260 503 4
200 204 150 221 318 407 4
232 64 189 76 238 355 8
95 83 113 124 133 152 3
181 76 126 59 82 217 7
22 97 164 12 327 938 10
204 193 105 248 440 1007 7
248 38 15 130 298 764 8
149 35 186 107 112 173 6
99 98 225 118 460 612 2
73 180 193 227 399 977 10
45 203 49 151 396 765 6
238 89 232 75 211 252 8
208 244 82 215 38 81 7
234 81 170 109 20 24 4
164 177 210 63 335 983 1
184 161 204 95 44 95 5
116 29 85 249 21 46 10
167 217 145 10 355 397 8
125 90 108 119 334 417 8
16 130 48 209 111 314 6
175 170 228 232 249 483 6
181 26 162 97 248 493 5
140 239 145 181 172 498 2
190 152 40 237 491 1115 5
187 218 135 189 210 247 7
61 105 9 58 246 494 9
160 44 237 183 74 110 4
234 67 25 250 265 714 7
147 219 138 93 102 290 3
162 64 7 166 24 63 3
132 126 119 124 486 829 1
101 204 151 72 265 280 8
57 87 226 200 193 527 4
98 169 231 133 47 70 5
36 23 1 43 450 934 1
90 240 102 131 132 283 3
133 153 32 216 211 556 1
37 4 233 85 363 745 6
246 74 175 41 351 656 2
77 156 246 100 134 187 7
241 23 220 185 60 66 4
157 203 125 66 377 434 4
101 21 191 39 411 1084 7
145 28 44 107 403 651 8
11 164 199 129 216 342 7
232 71 58 1 133 156 5
130 193 48 222 381 1118 3
247 11 157 210 336 643 9
180 96 197 93 404 1159 3
185 98 215 103 252 542 7
48 38 142 132 254 295 1
198 16 233 87 8 13 6
99 146 181 13 16 21 5
149 129 181 4 295 681 8
205 199 53 140 349 578 5
177 104 50 37 370 1096 6
101 55 33 47 244 546 1
50 158 181 217 146 153 8
225 79 39 207 94 143 2
176 204 171 3 202 590 2
52 13 26 44 214 408 8
239 145 174 5 193 239 5
98 235 126 45 335 728 9
145 123 166 33 421 1177 6
109 3 43 116 102 281 10
103 57 236 214 289 630 4
64 230 36 173 279 757 7
64 200 199 247 179 416 6
250 51 86 202 269 572 2
151 181 171 8 221 296 4
49 48 21 35 415 915 6
46 121 178 148 1 1 9
125 165 17 65 471 500 3
193 51 134 133 265 602 9
48 190 114 172 37 64 5
97 247 23 97 420 1201 6
73 27 63 216 183 379 8
189 229 144 89 434 1092 6
229 109 231 198 78 135 6
4 209 180 127 46 52 9
164 199 117 58 239 302 7
167 90 177 59 318 798 8
126 37 237 238 453 557 7
138 96 51 94 461 1349 9
121 76 16 130 354 632 5
153 70 53 34 247 440 9
75 138 152 62 448 1200 2
138 29 42 239 496 590 6
177 131 172 200 334 772 5
192 99 5 242 245 344 9
105 135 178 124 2 3 6
117 246 39 178 96 253 4
87 46 147 108 260 453 8
78 97 186 68 308 624 4
168 72 78 238 429 807 3
40 237 112 247 106 265 9
56 225 176 152 333 672 2
105 85 131 117 7 21 5
194 219 215 49 481 1428 10
65 191 152 157 313 751 8
102 40 178 57 225 659 8
64 243 193 61 182 187 3
215 12 85 171 451 728 9
163 193 78 210 62 112 2
56 118 16 107 286 422 6
39 22 11 161 436 672 2
13 84 97 28 157 425 9
27 199 13 82 332 602 6
85 47 175 2 424 821 3
87 149 186 224 22 52 3
220 112 73 250 218 320 9
17 131 134 205 141 364 3
2 63 157 211 53 91 3
144 95 83 62 318 915 8
13 200 191 41 358 731 2
142 100 2 15 453 771 2
12 150 144 249 332 718 10
190 126 210 94 480 821 2
53 152 157 60 450 841 4
57 174 72 192 298 676 5
4 76 14 184 13 27 1
32 181 15 117 183 442 9
125 210 192 51 18 36 4
15 237 14 236 108 256 3
175 37 53 74 214 629 10
86 13 173 248 158 276 5
250 21 100 27 329 417 10
204 94 146 174 238 569 6
241 41 132 51 30 82 3
160 188 188 224 291 391 9
195 224 202 201 43 96 6
199 85 152 106 471 667 1
182 39 36 39 350 531 10
84 4 59 202 124 198 4
21 143 108 45 318 329 8
78 148 24 2 337 555 1
227 8 134 14 490 967 9
117 213 231 139 5 6 2
80 82 20 168 450 543 8
127 90 135 7 315 820 3
106 31 110 209 266 721 4
34 35 101 9 133 396 4
173 206 250 11 159 274 2
36 2 212 160 159 477 4
106 193 78 181 43 115 2
227 35 78 61 377 928 7
209 100 32 53 262 681 2
156 96 203 162 173 434 1
81 69 186 22 293 838 4
243 81 242 44 301 755 4
234 145 214 24 51 114 7
102 171 5 88 411 815 1
212 83 218 96 385 451 3
140 180 54 30 316 832 9
52 173 226 185 273 648 4
54 211 83 194 137 385 1
243 165 222 186 431 838 9
219 1 187 242 116 195 10
213 59 221 16 201 545 6
22 231 55 177 207 258 1
125 134 1 154 131 274 10
4 36 2 130 315 738 1
98 247 160 188 308 790 6
24 62 128 10 68 129 7
132 25 25 101 384 390 9
121 192 126 7 354 548 1
9 150 220 64 380 469 7
13 206 112 89 311 833 7
71 73 158 62 240 590 6
243 234 131 179 240 629 4
240 216 146 187 426 486 9
176 214 9 196 392 683 2
158 153 99 126 57 114 7
194 216 19 192 476 1297 2
245 61 40 54 143 329 8
89 66 135 12 293 450 2
238 36 230 137 59 90 5
226 158 190 206 442 921 1
81 163 56 237 355 727 4
3 59 241 159 165 391 1
13 53 119 165 376 793 5
158 115 219 215 308 415 1
172 237 110 173 29 77 1
119 177 60 180 216 400 9
83 93 55 241 205 311 4
92 95 32 183 167 178 1
130 61 138 42 87 189 8
232 13 225 168 310 778 7
54 94 204 248 374 709 5
247 2 131 63 310 614 6
175 47 61 137 409 1111 8
59 200 23 161 139 361 4
11 53 122 249 410 806 4
8 75 165 207 97 232 9
24 43 127 238 75 96 8
13 134 137 18 66 68 1
10 186 42 177 413 711 5
224 158 28 202 232 417 3
129 18 164 160 393 1136 2
181 133 112 80 321 335 6
150 25 225 27 412 785 6
152 144 140 55 63 79 4
167 230 218 195 217 524 10
185 145 168 139 355 424 2
235 8 159 205 157 206 8
79 160 70 247 449 1314 5
55 65 153 146 350 951 10
102 107 12 188 417 778 1
78 158 153 28 359 927 3
197 92 28 159 46 67 6
60 83 131 75 153 305 9
6 21 124 16 402 1029 6
197 186 167 196 209 562 8
50 249 144 68 138 270 7
41 26 208 212 164 264 3
112 89 201 139 238 387 9
113 110 110 54 268 449 9
120 207 239 101 173 250 9
200 249 244 153 370 1098 5
52 106 96 199 273 812 9
190 179 203 130 433 474 8
118 95 203 113 230 245 1
21 118 216 1 347 374 1
42 245 191 39 267 426 3
171 203 110 189 51 79 8
50 241 89 203 81 91 10
109 20 226 26 56 72 4
40 18 211 79 426 1006 3
121 163 55 102 288 527 9
84 225 56 130 493 1336 7
104 177 108 4 177 461 10
223 57 30 65 467 481 7
137 172 28 17 271 677 9
51 92 104 37 176 215 1
155 203 17 212 89 161 2
156 206 130 70 415 1063 1
220 72 229 175 85 188 1
48 131 208 22 3 9 9
24 128 180 68 94 129 7
70 10 37 163 369 669 3
14 29 232 235 325 736 7
55 70 174 169 262 378 6
235 95 245 177 321 913 6
41 12 156 221 364 985 8
187 22 188 210 167 207 9
118 60 15 36 180 344 6
225 244 139 195 62 82 1
73 203 156 21 350 708 2
233 249 17 234 108 245 6
184 123 116 247 312 586 10
120 188 63 149 34 59 3
89 89 210 37 297 648 3
195 48 197 171 493 1186 1
49 156 204 68 436 837 2
227 110 135 33 369 931 9
18 187 177 28 149 184 4
19 178 140 106 337 953 5
72 43 192 51 359 687 1
161 229 240 204 245 401 1
55 44 194 229 200 589 7
30 225 159 223 135 239 8
67 116 2 96 432 1072 8
203 199 41 114 313 508 1
75 58 205 212 300 849 9
139 87 153 111 377 893 7
21 124 229 236 335 376 5
75 107 8 161 291 379 10
119 19 18 114 460 515 2
23 232 110 155 437 1040 4
32 199 196 178 269 295 9
1 222 39 24 66 93 7
246 190 102 239 114 330 8
220 116 77 161 377 1065 4
170 76 241 154 273 811 6
95 221 111 74 337 681 6
42 145 33 149 493 624 4
181 89 248 66 451 559 1
176 189 118 182 344 592 4
11 121 208 32 284 312 4
48 247 101 249 404 499 4
130 110 218 178 442 1169 7
129 124 224 61 412 645 2
227 144 199 227 116 172 2
184 182 173 235 16 34 6
135 78 104 77 205 479 3
244 79 84 236 252 715 1
5 130 56 140 35 43 10
63 220 64 81 162 459 10
128 203 164 106 441 1322 5
11 55 235 46 268 796 1
91 171 82 194 225 419 1
184 34 135 234 422 500 6
53 110 190 28 422 983 1
92 196 54 129 145 286 4
177 218 87 174 365 549 7
238 126 109 158 402 713 8
66 190 240 48 319 359 10
84 162 89 165 186 275 5
209 2 5 41 217 522 2
210 106 35 72 359 393 7
74 6 4 83 450 874 8
101 52 30 114 25 57 7
78 7 155 192 259 354 9
170 73 120 47 126 181 8
13 197 10 247 377 577 7
149 187 161 152 40 78 5
5 138 31 51 405 1209 10
212 28 154 21 365 996 8
182 76 191 168 356 360 1
178 22 37 3 241 639 2
126 101 204 171 407 716 1
134 86 77 155 431 1134 7
71 153 16 110 438 780 8
36 37 35 70 475 1283 10
66 118 199 16 396 644 5
144 229 186 122 77 90 9
193 124 220 138 370 1051 7
188 224 66 38 437 970 6
219 186 31 106 235 319 2
112 177 78 58 145 288 4
63 167 113 172 196 228 2
199 201 60 155 206 524 7
102 65 210 77 389 907 3
31 234 246 63 479 1327 10
228 158 100 50 371 1072 3
227 156 221 193 238 350 9
146 149 228 149 405 680 7
153 126 84 171 448 554 4
106 146 242 148 216 447 8
247 131 158 188 401 682 4
32 15 146 211 308 365 9
161 117 171 157 30 76 5
5 9 230 190 123 184 5
233 80 148 85 218 347 5
182 216 197 80 96 208 1
46 142 87 173 247 258 4
112 224 62 40 175 428 1
246 43 126 80 299 575 5
189 140 186 167 3 8 8
6 82 81 53 78 169 7
187 163 99 143 113 233 5
145 225 46 74 193 473 9
96 53 159 167 484 523 8
237 158 217 70 145 396 3
94 199 143 132 156 315 7
92 22 131 114 16 20 7
46 223 108 127 475 658 10
191 183 105 220 5 13 4
41 248 239 189 429 813 5
186 51 112 101 230 561 3
128 161 86 29 344 739 8
242 77 118 166 246 510 7
70 230 154 180 28 29 3
5 162 157 202 130 253 3
183 195 20 82 205 356 8
3 27 249 227 159 466 9
97 13 128 105 476 672 7
87 67 87 162 329 514 3
180 75 12 70 69 153 3
11 58 238 184 425 657 4
46 47 142 57 363 482 1
246 89 56 250 66 198 7
59 228 82 73 362 853 5
219 127 36 156 447 603 8
220 174 156 45 178 206 10
213 44 39 174 62 71 3
204 42 10 129 83 197 6
101 102 212 71 397 627 4
123 32 139 91 159 403 7
10 234 184 118 82 123 3
20 115 157 123 422 1024 10
232 221 160 167 370 780 7
156 9 108 152 71 77 7
84 43 149 214 93 167 5
161 17 42 61 286 827 4
170 197 168 248 147 201 2
41 154 12 236 431 1111 10
4 84 15 233 361 497 4
122 183 220 171 28 83 10
207 48 238 192 17 22 10
67 160 49 125 467 816 5
189 67 213 33 486 1003 9
236 204 120 110 106 187 6
43 122 176 222 164 214 8
5 172 193 198 416 448 1
16 164 52 152 12 24 3
245 73 162 57 338 432 5
184 104 56 225 455 1125 10
172 120 71 19 276 679 1
132 39 11 176 72 141 3
152 110 197 64 149 405 6
136 212 54 237 426 629 10
29 91 76 116 135 383 6
62 5 205 243 393 1163 2
60 218 68 20 202 341 9
151 21 17 176 241 394 7
153 62 242 69 47 120 7
210 236 38 135 343 752 1
127 126 204 180 466 1192 7
72 190 176 97 421 526 5
95 24 205 98 260 717 9
97 63 96 78 306 431 5
216 211 232 108 203 457 1
89 158 21 239 369 916 5
213 45 74 108 494 928 3
86 174 182 183 145 351 4
130 245 218 188 287 633 5
122 128 65 17 377 1106 4
143 157 235 55 159 225 8
93 18 56 226 217 312 1
197 232 51 21 148 380 1
131 49 213 34 475 866 7
171 215 167 3 415 1239 4
194 201 21 5 411 505 3
105 96 110 64 425 446 3
196 85 48 227 151 211 5
