100
78 45 94 61 1045 1703 49
9 7 20 89 176 750 67
26 36 34 19 815 1367 47
11 49 20 79 1017 1571 62
43 48 98 86 355 941 47
8 46 67 58 343 1119 67
21 22 48 79 76 536 39
35 73 65 7 81 529 50
84 47 87 21 652 1252 91
85 53 58 24 1158 1686 46
65 68 17 7 135 597 57
63 30 19 67 45 461 97
45 93 34 37 136 868 61
78 23 79 5 980 1508 10
30 59 9 94 522 1022 30
75 88 100 24 901 1553 37
91 2 93 86 104 560 64
95 10 62 68 294 916 54
69 37 84 33 121 775 30
10 88 23 73 1140 1778 98
2 81 46 77 615 1199 52
36 27 66 63 881 1477 17
22 29 91 52 1174 1604 3
72 11 21 99 786 1414 76
78 36 91 95 254 954 37
75 25 66 93 225 951 40
47 86 42 94 468 1054 12
27 36 10 39 139 863 46
28 74 12 100 137 721 39
67 9 3 14 58 838 77
92 39 39 49 163 745 81
84 36 74 93 332 934 61
30 93 45 78 1155 1813 90
85 43 80 97 925 1417 23
26 52 27 55 413 1053 93
21 6 100 92 6 512 34
5 35 77 57 108 892 6
25 43 51 64 485 955 67
2 39 38 75 319 813 35
14 23 60 99 433 1089 92
15 93 97 38 273 917 93
10 5 97 14 210 786 81
2 67 86 42 721 1247 22
20 71 76 16 164 888 87
84 26 74 33 937 1475 58
76 46 95 80 500 1238 34
7 90 57 28 116 794 59
82 3 22 9 32 506 1
75 36 3 52 802 1340 52
73 50 22 60 1131 1557 91
39 50 37 64 869 1595 91
96 10 64 29 662 1090 32
14 6 68 38 567 1039 17
46 29 11 20 893 1527 60
77 77 73 91 1076 1752 35
57 33 51 72 923 1463 36
39 4 26 20 859 1301 65
88 70 82 81 516 944 42
68 38 46 49 495 1231 26
13 94 56 20 1024 1454 40
89 97 79 11 60 660 72
20 97 40 23 1067 1703 35
14 66 63 18 312 986 18
89 67 23 95 504 1256 58
10 81 19 51 604 1142 30
79 30 51 18 823 1613 54
20 83 42 65 1037 1767 44
46 11 55 96 665 1083 20
95 15 70 63 920 1562 1
57 71 89 14 723 1441 82
23 7 75 26 103 859 46
56 59 43 13 460 976 16
43 87 10 33 1008 1688 39
29 96 25 50 1033 1621 40
47 37 74 33 463 1047 19
10 6 48 5 773 1567 71
77 78 15 77 137 735 100
67 62 93 33 1032 1714 55
23 53 61 45 885 1591 31
23 7 31 12 779 1531 48
31 3 6 31 330 1094 40
79 94 56 12 1053 1467 80
9 38 75 80 201 715 54
79 88 38 41 52 766 23
67 21 91 27 433 1031 26
29 48 68 50 906 1450 78
47 56 74 56 544 1128 70
65 4 91 14 948 1702 87
56 16 19 16 159 693 79
13 55 56 56 224 904 50
2 66 52 16 889 1671 72
7 93 99 37 933 1661 76
63 24 99 52 136 566 39
49 69 3 45 542 1094 53
97 16 15 20 663 1425 23
22 68 95 48 944 1362 35
72 68 4 78 155 849 81
24 64 7 77 743 1237 95
22 99 48 61 1178 1826 40
24 8 55 28 770 1340 18
