250
46 61 64 51 1909 4489 966 
41 28 88 56 2967 5758 291 
86 78 38 71 2897 4612 962 
90 90 50 43 110 2185 617 
39 22 40 80 3418 4565 667 
46 91 34 36 344 4554 648 
43 46 66 41 1183 2179 121 
70 90 53 73 755 1669 863 
87 33 81 33 168 5863 979 
28 61 44 53 1103 3026 792 
89 93 63 22 2192 5491 769 
61 88 26 99 3557 5879 318 
20 53 74 71 1533 3190 234 
34 74 59 81 419 6017 273 
39 98 77 77 936 2544 724 
94 37 57 72 3306 4695 559 
82 51 20 96 304 1548 240 
82 44 39 36 905 2109 868 
38 27 21 35 3253 5794 994 
37 68 63 43 687 1785 162 
38 56 84 72 2364 4520 456 
56 72 70 73 1385 3691 371 
65 32 32 72 1483 5901 926 
88 90 21 99 2970 5727 791 
89 67 75 79 1990 4328 866 
83 58 81 56 128 610 265 
98 77 43 62 569 5968 771 
78 81 47 79 1676 3588 786 
40 51 54 97 1972 2544 237 
55 25 61 50 588 1513 900 
95 49 92 99 1538 3894 369 
29 94 81 60 2139 3518 655 
26 75 77 24 535 5232 510 
35 88 62 68 1790 4891 579 
52 87 73 47 139 4416 701 
44 59 42 81 1577 3904 897 
51 74 42 34 3067 5308 128 
26 48 82 65 3356 3989 199 
80 89 97 80 353 4261 158 
76 95 32 79 1109 5216 114 
42 99 59 30 228 2481 576 
94 30 48 55 2357 5741 619 
95 90 43 80 258 4650 864 
96 97 50 60 2845 3632 987 
42 40 71 79 743 2551 675 
20 92 23 69 163 5749 632 
85 35 29 42 272 4132 882 
90 21 63 23 2187 5775 497 
72 86 85 95 2484 4068 501 
71 75 71 31 1994 4664 959 
99 39 51 27 3076 5447 178 
57 59 56 40 3434 5173 198 
47 20 33 52 311 634 733 
27 29 80 49 2888 4483 646 
43 70 67 92 112 6144 331 
40 41 75 71 2681 3342 762 
35 20 20 68 702 5805 244 
89 87 84 52 2800 5218 772 
74 48 42 51 3003 3678 190 
31 97 38 35 400 5812 206 
24 68 72 67 3267 4690 122 
42 81 60 45 799 2240 529 
97 90 59 90 1078 3089 738 
82 55 72 32 890 5667 419 
25 76 64 53 638 3564 864 
24 48 60 74 250 6070 112 
50 20 41 29 2566 5867 661 
31 70 48 89 2256 5914 507 
53 54 28 75 2783 4284 485 
99 66 88 23 2869 4255 947 
71 85 99 69 594 1318 674 
64 92 25 74 1126 4558 724 
20 40 69 39 415 5652 241 
74 45 66 93 3297 4242 460 
82 98 43 39 2777 5657 226 
78 62 37 51 2219 3099 716 
91 64 90 30 1155 3903 414 
21 73 85 100 2243 4929 585 
50 43 78 67 3057 3426 312 
34 48 24 71 2239 4088 779 
74 68 85 25 2334 4243 336 
93 21 56 95 1756 3419 454 
32 96 50 34 2205 3082 604 
51 68 90 47 2956 3528 510 
49 85 73 41 2710 3938 975 
60 50 68 91 2099 3612 585 
58 35 49 54 2265 4245 383 
96 33 85 68 437 4106 447 
57 77 64 29 3391 4155 674 
34 84 60 22 3049 4805 297 
48 62 23 96 3206 4439 374 
34 39 100 41 3181 5029 435 
94 76 56 36 1486 1929 830 
31 57 90 55 1501 5032 715 
86 79 32 48 1811 4179 852 
21 27 54 64 462 1869 311 
90 80 93 73 3311 3886 615 
37 36 58 96 1014 6066 197 
22 78 97 51 2844 4831 255 
23 97 50 83 2568 6089 162 
60 48 62 71 2374 6069 205 
46 99 61 53 3513 4280 745 
73 93 67 52 2129 2691 223 
58 76 79 59 3084 4217 941 
66 93 78 98 1715 3855 321 
48 76 95 23 2431 5636 670 
37 91 88 70 3246 4182 926 
66 96 45 63 468 2669 272 
38 54 98 40 2366 3508 895 
87 87 57 41 2102 2982 264 
77 33 28 38 849 5766 608 
29 35 31 79 849 5914 964 
97 64 95 60 3253 6098 798 
77 58 34 57 3708 4498 176 
95 80 27 84 2959 4692 250 
26 72 36 61 2274 5535 293 
23 77 100 27 2728 2989 668 
76 46 85 68 1829 2127 741 
92 63 85 37 560 1391 347 
20 64 77 72 3557 5245 780 
51 69 33 50 1318 3288 689 
60 33 22 23 50 2319 936 
87 86 33 51 801 3237 307 
61 61 74 44 808 1108 230 
78 26 45 92 2635 2991 565 
34 88 38 50 1987 4254 669 
77 47 74 25 1250 5467 687 
79 96 96 87 2020 3279 602 
24 56 50 60 1156 3026 339 
74 43 94 100 2343 2987 407 
98 41 23 53 1639 2106 765 
65 34 64 43 2131 2355 299 
64 100 79 64 919 2125 524 
22 93 20 22 356 6113 535 
49 65 29 79 2059 5220 812 
56 52 76 40 1373 2959 424 
77 84 57 55 1901 4383 725 
32 24 26 52 1940 2521 780 
88 24 85 57 1144 2845 407 
31 35 22 41 539 4546 491 
97 71 36 31 1550 2915 876 
93 28 76 32 1570 3432 686 
24 33 69 61 3190 4311 538 
37 23 71 75 1323 5177 752 
77 56 34 48 3605 4815 854 
70 54 57 70 2431 5917 363 
23 96 60 30 2106 5188 193 
58 49 94 81 817 5029 983 
60 51 90 76 1369 2467 372 
42 46 85 40 2780 4478 691 
65 64 62 67 108 837 764 
43 76 21 49 684 982 670 
45 22 100 91 1782 3520 618 
34 77 60 99 2782 3619 386 
89 67 38 29 2457 3887 642 
100 29 24 99 3050 5482 431 
34 85 50 98 3321 3862 667 
78 93 91 30 174 807 187 
32 68 98 21 2584 3731 896 
28 69 32 67 89 795 133 
31 99 87 42 3016 5896 570 
35 72 66 46 2801 5653 380 
72 33 59 67 3639 4672 624 
56 38 83 62 1206 2028 595 
100 66 57 77 1921 3472 249 
89 27 41 53 3616 4872 561 
61 89 29 78 957 6019 668 
46 33 34 68 1836 4401 884 
35 23 22 74 1275 2125 827 
42 67 52 57 3608 4170 762 
91 84 37 23 1158 5395 498 
83 73 69 39 2119 2867 812 
73 58 80 60 2787 5906 448 
85 25 46 79 2238 2756 484 
86 59 44 41 3451 4286 227 
99 86 23 63 2306 5608 589 
23 46 99 51 3051 3459 264 
24 70 69 44 3242 4796 383 
90 69 54 69 3305 5655 317 
83 54 78 59 3666 4045 197 
96 47 90 26 2 5717 561 
51 38 100 93 1216 4167 691 
80 76 75 50 1277 4416 565 
78 87 76 92 3287 4555 583 
20 41 80 37 291 4786 887 
50 73 29 79 1421 1935 541 
58 39 74 71 2215 4064 728 
63 79 25 68 143 4191 628 
44 24 29 63 519 4802 867 
72 20 89 58 2547 4656 789 
67 80 95 47 2675 3939 727 
73 81 95 96 2030 5346 211 
97 85 72 65 401 893 426 
22 91 52 77 1767 6037 285 
46 26 51 39 1953 4052 985 
28 73 92 68 614 3941 504 
40 63 25 84 1507 2428 650 
98 50 58 88 1538 3685 735 
87 43 35 86 2708 4930 600 
63 41 58 40 2277 3743 285 
87 23 30 44 2199 2749 539 
61 68 93 91 1980 2593 205 
34 83 33 83 984 2890 408 
44 32 94 69 265 5063 180 
25 72 53 55 2905 3635 864 
76 21 88 64 2193 2609 304 
22 83 77 100 514 4859 321 
56 97 52 43 857 2478 217 
83 71 82 83 2318 6191 351 
98 33 20 75 2602 3594 989 
74 74 84 85 1398 2486 949 
55 74 31 70 3667 4598 675 
71 69 80 76 1038 2926 930 
65 91 58 25 2660 3512 109 
92 58 84 31 631 2564 223 
25 26 30 63 67 572 281 
20 58 34 73 3468 4741 676 
72 54 56 83 1267 3176 718 
47 87 34 63 946 2282 744 
88 86 59 27 3614 5679 735 
73 40 76 77 604 1459 907 
58 53 21 92 302 1093 780 
62 22 35 57 716 3546 956 
71 42 44 72 802 1079 611 
86 21 99 94 1673 5234 504 
22 35 72 26 3270 4535 727 
28 30 84 89 3652 4719 746 
81 35 22 93 767 5743 815 
76 55 79 44 1963 3873 372 
54 24 84 83 2154 6010 152 
60 49 75 86 3652 6007 281 
74 94 79 36 3414 5315 369 
40 33 55 49 1990 3613 234 
75 41 44 55 2480 5009 478 
53 60 97 36 821 4992 868 
21 88 99 59 1991 4174 489 
45 97 62 85 1285 4829 461 
88 64 72 90 2457 4278 766 
71 58 43 32 1998 5084 676 
25 34 41 48 3048 5109 106 
49 77 53 64 332 4626 688 
30 26 87 60 2214 3153 194 
36 28 63 35 1206 1774 482 
55 26 51 53 3100 3501 679 
63 46 24 86 2860 3732 577 
21 82 57 40 3697 3994 743 
31 40 24 67 2542 4075 209 
86 76 81 52 2456 4647 271 
64 79 29 34 2657 5239 792 
65 44 28 83 2053 5593 138 
