400
31 42 24 7 1741 1801 80
20 12 27 42 1162 1238 90
14 39 14 36 1969 2188 100
7 25 42 12 114 291 70
41 15 15 34 1656 1811 80
19 19 9 41 1683 1840 60
14 36 8 16 2818 2888 60
47 47 8 33 427 586 90
30 24 40 48 1255 1363 100
13 18 23 48 2616 2802 40
6 42 11 46 2899 2976 90
46 41 28 11 1764 1836 60
22 8 19 46 336 402 70
20 18 10 24 336 507 50
49 32 33 15 1699 1907 70
27 38 27 6 1436 1673 60
41 32 45 44 1466 1611 50
9 16 50 15 2397 2482 70
40 36 14 22 0 166 80
22 45 48 10 2508 2596 70
30 49 40 9 575 625 70
34 28 23 17 2304 2512 100
31 9 44 42 381 546 70
10 47 29 45 551 668 40
14 13 36 8 1553 1641 50
45 41 10 10 1294 1399 70
40 49 21 30 2151 2296 80
20 9 10 34 315 408 80
40 10 15 43 163 354 80
30 50 29 26 1825 1987 70
43 11 25 40 1794 1878 40
45 17 22 18 2290 2466 40
39 48 47 42 1539 1685 50
45 21 17 33 2973 3110 90
28 44 5 43 2861 2955 90
22 5 41 49 2967 3161 100
34 34 40 48 2210 2434 50
20 34 18 6 387 533 90
7 22 43 48 246 303 100
9 23 27 15 2915 3020 50
9 16 25 37 1544 1602 50
24 42 23 16 3066 3250 70
32 39 47 46 1202 1426 60
26 29 11 11 3031 3242 40
34 7 16 39 746 820 100
35 49 46 16 365 483 70
41 5 48 25 3074 3153 70
22 38 44 24 3194 3263 80
45 43 41 33 31 232 90
9 41 22 31 2322 2524 90
6 11 29 37 1555 1732 80
15 22 9 21 2548 2674 60
25 8 19 17 1223 1463 70
26 8 39 32 573 765 80
37 40 17 5 709 772 50
19 12 39 37 2912 3000 100
19 30 16 23 2371 2575 70
11 7 39 39 585 809 40
25 20 21 26 16 88 40
15 34 44 28 2824 3058 80
50 24 5 49 219 348 40
29 37 11 23 1230 1382 70
45 42 42 14 1799 2034 100
25 47 44 8 593 749 70
13 8 23 21 2803 2989 60
16 12 17 43 2684 2830 70
19 14 50 16 1518 1593 50
33 49 31 30 3158 3378 90
19 30 6 18 1168 1304 80
7 16 7 5 383 491 100
9 36 31 24 278 396 90
9 11 15 28 604 699 90
40 45 45 15 3142 3268 80
15 46 49 35 288 487 80
28 28 10 19 165 301 40
15 6 15 33 1599 1827 80
14 47 40 18 1910 2039 60
18 28 46 20 1794 2025 50
20 44 37 27 2146 2275 50
10 21 9 49 3019 3069 50
35 16 43 22 1701 1922 80
24 28 28 41 973 1206 60
10 11 11 36 1193 1359 70
28 6 28 27 1860 1997 100
29 33 13 19 1953 2203 40
36 21 10 9 2975 3205 50
19 45 42 30 262 405 40
50 13 33 8 238 414 40
23 50 14 16 1026 1160 60
33 41 40 7 2483 2625 100
29 44 32 6 2493 2686 90
47 20 25 8 894 1031 80
35 45 37 21 1082 1324 50
20 6 48 6 2469 2686 60
41 35 25 49 3029 3130 80
15 30 41 22 2985 3039 70
48 38 30 38 2221 2354 70
13 8 9 36 2857 2918 70
42 23 11 11 462 590 70
29 35 19 21 1782 1880 40
21 39 38 8 2059 2198 40
31 28 43 34 1455 1529 90
15 26 21 35 2677 2851 100
39 16 35 16 1309 1483 40
20 44 46 6 1510 1577 50
36 29 46 17 2777 3014 50
34 27 20 37 2860 3108 90
21 48 35 46 1715 1911 90
21 40 19 42 762 1000 100
46 44 16 23 2772 2826 40
13 5 24 16 2159 2289 70
40 16 37 34 498 728 40
48 8 23 37 1402 1608 90
38 42 35 48 737 814 90
44 11 40 17 789 882 90
16 15 31 28 1793 1935 50
8 21 38 33 102 247 100
30 23 21 5 1131 1209 40
43 36 11 6 2864 3112 100
29 12 29 15 2139 2254 50
34 30 46 36 2303 2361 60
20 44 45 12 2298 2367 60
47 27 26 14 169 311 100
47 19 38 25 75 292 50
13 19 5 11 3067 3136 50
9 22 37 35 1572 1705 60
49 33 36 30 2884 2964 50
31 17 14 18 971 1159 40
6 23 19 31 2748 2802 50
27 43 12 49 743 874 80
33 9 28 14 255 445 90
46 32 49 14 581 744 80
7 27 21 46 1287 1479 50
8 33 8 16 2313 2533 40
49 14 50 44 1268 1363 40
7 45 31 28 411 467 90
25 11 47 25 2204 2441 90
7 37 42 17 1966 2060 50
43 32 11 32 1434 1530 100
47 37 37 48 768 957 60
38 27 9 41 1720 1791 40
34 50 16 15 2045 2136 100
20 7 47 32 2490 2720 40
36 18 46 26 77 324 80
11 49 40 9 1630 1844 50
6 49 20 9 1706 1764 100
19 19 34 6 847 963 40
7 22 42 42 173 341 80
37 43 20 44 3015 3214 60
44 37 11 28 21 104 90
24 24 21 23 2588 2667 40
17 25 17 45 3057 3194 50
28 11 28 44 672 895 100
5 40 38 19 2528 2606 60
29 45 20 11 3117 3238 50
40 23 50 17 1741 1864 60
9 6 23 35 912 1016 80
29 27 38 31 1347 1406 70
36 18 8 12 2002 2212 80
44 15 17 48 2806 3006 80
9 26 35 21 3068 3156 70
10 8 47 20 1504 1559 40
29 28 23 20 2487 2684 90
37 6 32 5 2646 2806 40
19 29 5 50 1362 1506 60
22 34 37 23 1248 1302 60
28 47 13 13 882 1095 70
40 22 28 32 1742 1884 40
38 22 23 20 1475 1529 80
11 12 11 28 270 520 50
24 42 25 34 2388 2542 70
31 10 13 49 396 575 90
20 40 31 7 209 342 50
45 21 17 10 1198 1376 100
9 37 13 12 105 200 40
28 33 50 36 2226 2466 70
24 29 17 24 2371 2434 80
35 16 23 27 2119 2329 60
46 8 27 43 2093 2209 100
12 5 29 35 2792 2983 80
15 31 21 31 2387 2470 60
37 48 5 9 2431 2517 80
16 9 44 24 2605 2783 40
26 32 16 8 1990 2086 40
18 49 32 18 662 892 80
9 6 14 46 424 617 50
21 8 49 48 2551 2750 90
24 42 23 50 145 302 50
42 6 40 19 2605 2835 80
32 35 44 25 1587 1711 100
25 25 21 10 512 693 80
28 38 44 49 1163 1312 40
33 42 24 5 3122 3350 80
10 9 10 8 281 365 100
12 33 37 46 2658 2888 50
39 6 44 23 116 304 80
31 20 8 19 96 296 70
38 9 23 28 520 573 40
50 33 47 39 102 218 90
6 22 39 30 685 765 90
15 20 17 33 2014 2209 50
17 12 15 15 744 872 50
32 39 5 28 1884 2075 80
23 31 38 8 233 404 70
39 42 43 44 92 341 40
50 24 32 27 373 590 80
11 9 33 49 1231 1362 50
35 47 31 10 2345 2435 50
17 48 15 29 1028 1209 90
47 6 11 25 2601 2706 50
48 44 25 5 1190 1440 70
46 17 48 39 1802 1977 90
13 46 17 29 2453 2684 40
50 29 16 11 1126 1250 80
29 39 15 25 944 1117 40
9 26 20 28 340 418 70
18 16 45 24 2642 2734 60
38 27 10 49 2122 2205 50
28 44 41 19 1153 1390 100
14 25 23 22 2692 2809 70
34 41 41 45 2052 2212 50
28 22 27 6 2519 2630 40
29 25 21 33 1293 1445 50
37 26 39 33 1952 2046 40
41 19 17 45 1790 1860 90
7 10 21 24 1054 1114 50
34 50 45 40 380 570 90
10 5 46 32 1786 1892 100
47 32 46 17 684 934 100
7 9 6 46 2768 2922 60
35 19 29 45 322 503 50
36 43 43 37 1242 1297 80
27 41 14 10 3072 3247 80
20 28 7 30 2696 2860 90
18 10 13 49 509 679 80
30 24 12 8 3 103 50
24 12 47 46 975 1103 90
32 46 25 50 659 755 70
16 42 33 28 1616 1732 40
22 10 35 27 1463 1681 60
27 27 46 45 726 937 50
39 9 5 23 480 720 80
9 42 48 15 2665 2724 50
10 42 32 31 592 684 50
29 47 9 41 1999 2189 60
48 18 20 43 3067 3126 80
21 21 50 39 1840 1897 60
50 24 34 25 53 218 50
5 16 26 31 613 788 80
39 45 30 40 1951 2057 70
39 22 5 44 2508 2754 100
41 13 31 18 819 1015 90
10 25 33 9 1756 1846 50
8 19 47 6 2896 3074 40
41 11 16 25 227 474 40
43 47 33 45 1507 1596 60
6 38 43 38 2591 2672 70
37 43 42 27 803 904 40
33 27 22 36 633 786 80
37 13 24 27 3059 3227 70
14 36 17 20 1908 2158 70
28 11 27 38 2463 2578 80
48 14 13 9 2032 2255 60
43 28 23 6 2111 2241 100
45 17 23 43 1502 1559 100
29 17 6 24 2408 2496 90
5 5 10 22 215 277 50
10 20 29 47 927 1089 70
39 26 14 50 663 819 80
44 28 48 8 2056 2193 100
50 20 46 25 3054 3294 60
38 25 24 27 2130 2340 80
19 50 31 37 1088 1216 70
47 33 10 24 2049 2124 90
18 32 49 7 646 799 90
45 17 35 32 2216 2423 60
26 7 32 15 2541 2667 70
47 46 41 15 385 606 100
49 31 34 46 2290 2433 40
12 29 42 13 1850 2068 100
29 46 34 8 1239 1380 90
15 41 44 22 1844 2020 100
24 38 8 22 622 817 60
46 23 5 35 2952 3126 70
25 50 29 15 336 570 80
20 42 46 18 341 402 70
5 35 42 42 2335 2526 50
9 29 48 12 1570 1785 90
11 8 10 48 802 980 70
9 17 39 41 3119 3265 40
46 27 31 43 30 135 100
20 48 24 15 2592 2825 70
39 14 45 7 2112 2190 50
35 12 19 48 2372 2456 80
22 48 43 15 1187 1406 40
46 10 35 6 2830 2968 90
28 7 25 12 1777 1912 90
17 27 45 25 2373 2487 90
50 45 12 43 396 599 70
50 47 37 36 2902 3127 50
23 37 39 16 1478 1703 60
41 19 22 6 2470 2543 60
28 16 34 30 1047 1185 100
46 6 12 43 1443 1687 100
43 26 22 34 2115 2215 50
49 24 45 41 1502 1669 80
26 42 48 32 1555 1750 80
18 39 14 49 2257 2412 90
48 23 23 44 1459 1615 50
6 32 13 8 227 287 60
39 34 22 6 2702 2814 70
36 20 39 39 1787 1908 80
11 35 37 7 2308 2470 60
34 20 43 18 910 1143 70
17 46 12 20 564 758 60
15 29 49 33 1924 1984 70
42 25 46 44 346 540 90
44 41 48 6 911 1011 50
47 21 48 35 270 339 40
20 32 27 25 1829 1964 70
36 14 42 34 2136 2258 50
35 19 47 38 2720 2863 100
15 33 49 11 2890 2954 80
48 31 32 40 184 365 80
7 12 25 39 2979 3200 100
22 13 20 44 1432 1496 100
49 20 30 36 2218 2287 80
5 29 20 32 2609 2772 40
28 38 36 50 227 410 80
23 17 17 16 1205 1371 90
21 11 29 16 665 824 60
30 36 27 6 926 1170 40
6 33 40 28 822 947 80
33 19 6 19 3042 3260 60
37 14 19 5 2952 3171 90
42 26 6 34 1155 1331 50
48 15 31 13 2187 2256 40
42 12 17 13 1453 1649 100
12 13 22 14 1283 1406 60
34 13 23 17 2562 2750 60
36 14 39 10 2369 2565 60
21 25 26 41 2990 3105 100
31 48 50 20 3073 3150 80
31 50 48 45 3124 3207 80
36 8 40 28 2617 2833 60
39 7 37 43 1324 1560 100
39 13 32 29 1958 2191 40
23 7 21 6 2914 3066 50
25 10 34 30 1313 1396 50
26 11 26 12 2791 2976 40
26 50 43 33 174 281 80
42 32 50 39 838 888 90
31 40 22 13 524 699 80
21 36 32 14 1725 1947 70
34 39 29 8 439 565 100
33 48 15 41 598 670 70
24 37 49 33 2305 2442 70
42 21 44 43 1839 2060 100
47 7 11 35 2485 2732 90
40 49 34 36 1395 1583 80
23 35 26 15 764 947 60
14 34 38 16 3193 3346 60
19 30 26 27 452 541 60
47 48 38 44 280 413 40
13 16 11 44 2168 2275 50
30 18 12 43 1462 1670 60
14 50 23 24 798 899 80
15 50 29 13 1268 1341 50
7 49 31 30 2720 2935 40
38 18 36 38 2608 2669 90
43 45 22 6 403 506 40
31 18 43 25 1928 2041 100
22 27 39 50 1483 1605 40
39 42 31 20 489 694 40
41 10 49 24 1037 1232 40
46 18 40 7 2682 2837 70
42 43 8 50 233 456 40
35 22 16 15 1606 1723 80
15 20 46 43 2053 2129 90
30 47 47 27 1246 1413 60
16 18 21 14 2521 2752 40
5 47 42 15 1948 2111 70
48 47 16 12 1437 1584 70
30 24 32 46 2974 3047 40
36 21 34 17 2992 3229 40
32 19 8 6 2684 2916 100
15 33 26 31 1253 1405 60
23 20 14 14 298 414 100
18 27 21 12 2210 2349 90
41 23 36 19 2970 3103 90
7 36 18 27 1578 1771 50
18 21 15 29 734 843 70
22 36 21 43 2634 2727 90
19 50 17 17 2925 3055 70
13 12 43 49 161 219 50
45 30 16 41 2070 2209 70
49 12 38 31 2042 2251 70
48 8 27 43 785 896 100
21 7 21 26 3073 3239 70
49 24 46 31 3169 3239 40
