50
7 49 43 13 137 276 80
24 45 40 43 120 170 100
44 36 31 44 106 242 70
42 10 46 50 156 283 90
42 44 36 34 116 337 50
21 41 9 48 134 314 80
19 16 38 18 15 115 70
14 42 10 21 16 260 60
20 33 32 17 343 476 100
23 25 42 23 317 458 40
26 47 10 13 170 407 90
14 38 17 42 48 149 40
26 39 9 34 264 354 100
34 33 42 32 31 91 40
24 12 43 46 82 250 100
36 42 21 26 345 451 90
16 45 7 5 379 620 70
49 32 24 12 53 241 70
41 39 10 23 304 411 80
34 28 17 25 166 384 70
29 10 7 34 102 244 100
33 10 40 13 136 346 60
35 33 42 19 16 95 80
40 35 46 37 145 242 100
34 15 10 37 325 511 90
44 14 37 9 48 252 40
22 5 34 33 88 171 90
23 13 10 21 336 487 100
50 48 19 13 354 431 70
21 44 29 13 60 248 100
20 48 43 29 154 394 60
45 25 27 14 145 296 40
50 37 35 35 182 292 90
15 8 21 26 191 306 50
10 22 10 26 389 504 70
30 18 40 46 337 471 60
6 13 31 21 256 359 80
6 5 41 8 251 450 70
42 10 41 36 246 463 80
16 47 31 25 46 153 80
45 22 32 50 323 544 70
19 41 35 21 82 141 70
31 38 27 47 351 586 60
32 27 10 46 130 212 50
39 16 20 34 211 351 70
42 49 37 48 0 109 40
5 37 28 44 197 349 40
9 43 25 32 222 471 50
18 36 46 40 81 271 60
6 30 21 15 304 494 70
