150
61 89 64 81 3001 3407 177
74 56 80 41 874 1142 337
14 41 21 67 1737 2136 361
36 82 48 12 5489 5705 272
84 28 91 69 1008 1526 349
49 100 35 52 4239 4498 192
75 52 55 88 47 736 326
12 58 80 62 990 1210 281
91 91 54 65 5404 5711 173
20 64 54 65 4421 4768 217
26 68 56 14 267 506 279
61 81 54 84 2518 3086 234
21 47 32 20 702 828 323
89 28 90 28 6716 6993 166
21 78 77 14 626 972 233
74 17 45 90 3215 3546 281
55 14 57 81 130 421 296
16 23 50 18 800 936 367
79 92 95 100 4154 4743 350
34 15 87 33 2878 3079 282
71 32 91 100 1370 1714 257
71 27 99 22 6628 7028 167
55 66 20 87 3624 4121 243
47 44 19 24 4169 4374 359
56 79 66 83 108 433 325
74 52 49 29 846 1086 242
34 18 31 62 6071 6364 251
25 70 41 14 914 1302 388
35 75 32 20 4956 5272 394
14 82 54 77 778 1219 262
58 83 91 48 2605 2965 163
56 71 100 37 2094 2603 175
53 32 45 36 6280 6549 331
100 19 72 51 497 819 224
42 78 44 48 1201 1766 347
23 93 38 52 2357 2797 269
91 92 46 99 734 1074 175
83 77 88 78 4006 4374 185
29 95 83 52 5266 5615 345
31 23 18 50 1601 1891 390
90 95 98 73 3636 4008 241
42 40 51 68 3031 3625 222
72 55 82 52 3941 4506 327
58 48 54 18 4612 4830 262
65 78 73 24 1922 2176 250
35 20 37 24 782 1080 215
43 46 93 35 1311 1741 224
29 97 91 52 78 428 249
28 48 55 61 463 800 252
87 20 83 53 3033 3283 230
31 39 73 83 440 861 321
80 94 80 83 2071 2675 150
25 40 86 22 396 587 196
37 81 26 71 3662 3934 237
94 53 86 24 283 696 190
88 49 47 92 2171 2605 183
54 50 83 92 4587 5023 204
16 62 95 66 229 585 211
72 46 98 78 4607 4909 280
28 10 74 46 3992 4174 157
91 48 44 67 354 758 225
81 45 92 66 1863 2372 271
52 11 80 43 3894 4395 308
71 51 12 88 934 1188 310
90 84 63 18 1349 1669 239
22 26 27 69 970 1360 327
39 64 88 35 1313 1745 306
40 86 37 70 3095 3348 258
52 85 97 95 512 883 204
36 51 85 60 4082 4368 270
99 14 82 66 1637 2058 393
12 90 15 47 2379 2903 221
48 53 30 88 5216 5579 329
27 82 96 25 898 1196 153
21 25 89 28 486 955 386
64 55 11 59 1718 2098 251
57 71 20 98 1056 1530 320
18 61 27 37 23 249 314
91 68 17 20 1105 1355 294
23 73 67 62 7379 7793 338
45 72 55 89 330 819 249
82 29 96 63 1006 1287 382
21 91 69 77 334 826 194
56 26 26 99 334 747 289
55 93 55 62 6043 6406 343
81 70 88 70 3076 3385 321
72 50 43 80 1180 1532 333
46 69 82 79 68 444 324
83 97 40 84 2542 2942 398
34 84 26 37 1085 1419 342
33 16 84 61 3475 3715 289
99 80 53 96 1389 1758 155
78 43 52 22 4398 4831 334
15 67 56 78 198 416 326
45 65 25 46 4733 5006 353
26 28 52 67 82 460 195
17 87 46 60 3003 3316 209
19 100 33 54 1797 2118 388
43 72 96 76 6142 6436 207
98 82 38 11 1397 1743 254
74 59 22 99 4083 4359 374
30 26 90 95 1538 1845 207
93 89 18 90 456 761 151
29 66 17 84 2320 2673 263
69 47 39 66 1763 2170 241
100 84 45 57 4714 5015 220
59 92 75 40 1256 1572 265
13 19 99 86 2791 3229 352
91 33 64 38 3394 3844 297
72 31 76 91 966 1515 390
43 38 16 12 455 895 212
85 59 47 61 647 946 151
77 21 27 69 2814 3062 355
51 53 80 85 905 1337 322
64 39 100 35 28 268 235
10 70 90 38 900 1115 376
60 39 74 39 1004 1220 260
90 67 96 40 133 556 208
96 23 95 79 497 803 227
98 71 71 89 618 1206 197
47 84 63 61 1890 2518 256
95 68 94 47 1512 2158 208
64 28 53 80 433 709 167
89 54 96 79 6308 6708 230
47 20 31 52 4749 4912 282
56 100 67 37 215 536 268
93 47 84 83 2382 2813 213
10 30 38 18 5024 5406 327
44 41 21 84 560 933 328
88 70 52 75 335 633 293
39 94 77 38 368 682 394
41 100 87 95 3251 3578 260
92 15 74 50 4839 5215 207
28 43 16 18 1551 1661 169
19 37 80 29 1829 1997 272
80 22 13 23 4712 5021 186
32 92 66 23 150 378 162
68 18 39 26 244 441 398
75 82 64 13 6938 7175 188
40 50 44 43 1150 1345 233
78 58 13 66 1609 2195 396
49 84 65 47 2033 2293 208
38 50 17 13 7099 7505 254
94 71 68 37 4264 4566 233
67 69 95 22 577 921 348
90 39 45 53 2871 3211 246
54 78 12 23 19 369 292
59 10 19 62 541 697 192
48 98 64 83 4376 4744 158
18 29 46 51 4707 4861 158
