100
7 14 9 13 811 911 3
15 12 15 7 471 549 6
13 14 15 5 569 639 7
13 11 11 6 206 290 7
13 10 9 10 523 617 1
10 11 9 12 847 889 9
9 9 9 15 44 176 2
14 12 11 10 371 502 6
7 12 8 5 495 578 2
7 11 11 7 126 233 2
7 9 5 5 860 936 6
7 12 7 6 208 258 4
11 11 10 9 429 497 8
6 15 5 15 149 267 5
10 15 13 7 754 873 5
7 6 5 5 475 528 7
12 6 5 11 615 691 8
12 10 7 8 808 888 1
9 12 10 11 314 395 8
7 12 13 13 13 130 2
6 10 7 14 414 453 4
6 13 11 5 768 866 6
15 7 14 5 343 418 4
8 8 8 15 717 804 3
14 11 14 14 878 1004 3
9 12 9 12 615 729 5
5 14 6 9 2 57 1
10 10 15 9 21 142 1
6 5 9 8 255 319 1
5 5 9 10 277 334 9
7 13 11 10 248 324 3
9 15 9 7 899 1020 3
10 13 15 8 482 564 10
15 7 6 8 745 798 1
11 6 9 7 434 467 2
7 6 8 7 96 153 4
11 11 10 12 354 472 1
6 14 10 7 814 856 9
11 5 6 11 212 278 6
14 12 7 7 292 377 10
12 9 10 12 771 892 7
10 5 12 14 296 382 5
12 5 9 7 168 238 10
12 5 15 10 388 482 4
7 11 5 9 539 588 6
8 12 15 5 11 98 7
5 10 9 5 591 623 2
14 10 6 10 291 403 3
15 9 6 15 576 672 5
10 10 7 12 769 889 4
7 14 10 6 382 454 4
7 12 8 11 824 895 1
11 12 6 7 659 695 6
10 10 14 5 407 455 8
15 11 15 14 700 776 9
9 7 9 6 133 202 1
6 7 15 9 50 166 6
12 10 11 5 233 293 4
7 6 12 10 43 120 2
14 15 10 7 317 372 1
15 13 10 6 423 501 1
5 10 11 9 4 52 1
10 12 9 8 385 455 8
12 8 10 13 72 116 2
5 8 15 13 254 336 1
14 11 14 9 175 273 2
9 13 9 11 891 1019 4
8 14 8 8 704 818 9
7 6 5 7 848 903 1
8 9 10 10 669 775 4
6 6 11 13 439 502 4
6 11 9 15 454 499 6
8 11 8 11 601 713 3
13 14 13 13 119 217 1
12 13 6 12 697 832 5
9 14 9 15 160 255 1
8 14 11 9 902 1031 2
8 8 13 14 248 381 5
7 10 6 6 233 296 9
9 14 14 15 178 248 6
6 13 15 11 689 802 3
14 14 11 7 522 615 3
13 9 9 14 565 663 1
5 10 5 7 450 488 10
13 13 5 5 104 156 2
10 15 9 12 804 886 6
8 7 12 10 516 603 10
5 12 10 11 754 822 3
5 8 7 8 541 611 10
8 13 10 6 339 448 5
14 15 10 14 438 563 8
14 12 11 13 146 209 5
15 7 7 11 605 647 4
9 13 7 12 556 603 8
8 13 9 7 885 924 2
13 6 7 15 316 373 8
9 6 11 15 497 543 6
10 8 14 14 502 631 10
5 10 11 8 53 112 4
7 9 12 6 894 939 6
