150
1 34 1 30 88 143 9
20 65 44 11 49 121 10
66 17 42 6 14 41 2
59 60 31 27 124 289 6
56 41 46 4 51 107 10
50 58 49 44 45 121 10
29 6 4 37 78 89 1
61 20 18 50 96 287 5
59 56 4 22 75 127 8
70 5 23 13 122 344 9
47 16 73 13 7 13 4
29 4 34 69 127 186 2
26 40 50 68 121 246 10
1 23 12 51 27 44 2
48 38 62 64 113 157 1
73 54 40 3 44 73 4
4 72 33 40 100 160 2
7 39 55 24 67 147 10
21 4 59 16 106 294 1
45 11 23 68 86 136 7
73 50 7 60 78 158 1
8 37 8 10 30 89 5
74 64 63 37 69 95 9
72 26 67 17 82 189 9
30 15 47 39 90 111 2
6 26 38 17 77 126 8
73 59 40 6 116 218 1
5 40 17 20 106 241 10
67 12 53 69 79 162 5
61 22 65 26 35 72 1
72 75 63 70 30 40 8
71 18 60 67 109 147 4
59 61 4 31 125 138 8
52 67 13 26 34 92 3
72 7 69 42 116 234 6
24 25 59 51 13 26 9
59 11 73 35 71 110 10
73 27 26 14 28 55 7
27 75 66 20 133 141 9
62 26 7 1 37 95 7
68 53 8 62 63 160 4
46 4 17 66 59 124 5
5 65 24 17 60 137 1
65 45 19 25 129 150 3
68 73 68 28 77 117 4
62 50 15 42 76 186 3
8 61 30 30 120 141 2
73 12 54 23 66 106 9
43 43 67 11 105 237 8
49 4 12 13 62 123 10
22 50 2 1 65 143 4
17 24 67 45 112 261 6
56 1 35 20 106 211 6
46 10 50 13 127 369 4
2 45 74 73 15 35 5
12 73 33 66 17 39 4
71 8 14 4 36 91 4
56 15 8 11 93 214 1
54 44 8 11 110 246 4
29 33 48 62 140 291 7
30 51 44 12 80 175 6
29 56 52 68 11 25 2
28 57 63 45 149 219 6
62 36 34 21 82 138 4
1 27 1 46 102 289 6
52 4 55 24 1 3 6
12 68 58 1 10 17 1
21 25 15 31 84 237 6
64 74 67 35 31 42 1
21 75 25 68 100 205 10
23 75 6 40 37 53 8
43 61 43 48 94 220 8
15 8 11 42 81 145 2
57 33 32 11 124 235 3
24 10 8 49 14 25 1
54 11 12 4 106 151 10
39 12 73 31 40 113 4
51 36 63 21 121 254 9
18 75 35 13 48 91 8
15 59 67 28 132 272 5
57 59 67 39 50 117 7
54 11 30 47 24 33 1
29 14 50 23 140 363 8
58 37 29 40 130 179 3
39 60 67 7 50 106 1
41 11 70 19 110 273 5
47 2 31 75 66 141 10
44 53 20 44 20 60 2
9 28 72 19 127 129 8
10 58 20 8 97 218 8
67 74 50 14 141 403 8
32 23 10 43 144 198 5
46 62 73 17 9 13 3
74 58 58 63 7 14 6
8 12 22 44 149 371 7
69 62 48 26 112 137 7
28 57 11 52 12 30 5
31 54 54 67 88 152 1
14 33 75 47 90 132 2
18 3 53 51 140 222 2
7 22 34 15 119 157 3
59 28 57 41 47 125 10
73 21 38 23 103 161 4
10 74 45 64 3 7 2
13 10 65 74 131 203 8
6 56 35 68 77 217 8
37 7 59 23 129 300 5
36 11 41 32 65 79 8
64 68 62 58 97 273 2
1 16 20 71 111 284 8
35 10 18 67 38 59 7
48 42 27 68 127 247 5
1 73 46 65 121 232 5
45 13 70 58 131 211 2
39 67 7 14 64 73 3
74 34 30 60 72 197 3
29 54 18 31 75 143 2
39 60 63 19 93 238 8
40 74 30 3 140 326 5
55 18 24 61 109 220 4
40 19 16 60 18 38 7
1 45 72 29 121 130 6
38 61 32 51 75 202 3
35 1 16 12 1 3 3
41 14 4 8 100 190 2
16 33 51 43 94 280 5
10 31 68 2 99 191 7
42 74 73 69 27 45 2
48 43 23 3 124 348 4
25 58 26 1 133 240 3
32 34 18 30 82 149 9
39 61 59 4 104 126 6
31 61 47 18 85 115 7
44 22 6 19 74 217 2
58 69 12 55 139 200 4
32 7 64 32 111 305 4
30 40 48 21 121 155 7
3 35 12 44 131 355 5
38 65 38 2 126 206 2
41 29 49 16 98 104 4
67 22 40 67 60 65 9
23 53 20 10 8 18 7
1 28 17 26 125 209 4
67 2 33 41 18 44 5
27 15 61 54 97 215 9
50 58 24 8 3 9 9
69 33 68 65 137 232 9
24 28 11 45 112 192 5
64 73 44 41 70 167 8
61 68 67 30 133 259 10
