50
52 11 85 13 385 827 11
28 75 95 39 394 1130 93
9 32 34 76 299 1073 56
54 11 17 87 261 663 50
32 21 6 89 543 1053 91
75 27 100 48 593 1259 50
79 43 100 29 454 988 93
59 89 71 66 519 1303 99
79 33 74 40 162 630 64
84 60 31 49 106 856 20
28 7 3 81 173 623 57
68 94 28 25 242 702 55
20 48 47 60 459 1153 92
68 63 75 16 503 1069 77
6 21 21 32 485 1205 31
81 89 14 69 203 975 66
14 48 6 93 379 1059 32
80 12 51 19 5 735 91
76 57 70 56 399 1107 25
47 80 68 82 371 1105 54
41 70 50 65 595 1245 7
36 53 63 49 183 897 14
55 100 28 55 353 1029 9
83 5 78 97 511 1169 38
49 99 87 45 51 589 73
40 25 86 100 178 828 40
13 86 84 76 379 865 96
35 25 89 43 470 986 85
2 28 24 15 378 782 24
8 32 56 12 403 919 47
96 91 16 38 151 803 63
19 79 98 40 310 862 2
26 18 48 40 255 871 20
95 8 19 84 103 623 69
86 84 64 5 322 942 66
66 82 93 47 436 1006 26
32 66 10 12 272 846 17
57 78 13 99 440 1096 68
23 46 21 92 546 1014 77
2 35 44 26 73 701 93
61 82 80 88 242 664 15
93 92 24 87 118 770 14
33 48 61 11 71 779 85
99 76 64 67 240 902 38
36 88 72 20 66 670 63
74 66 83 95 153 723 76
34 20 17 66 131 545 8
66 19 18 34 261 955 89
10 86 81 26 538 1160 19
23 40 53 23 488 1268 23
