250
110 80 14 116 71 211 4
83 3 85 112 85 219 9
71 74 47 98 154 266 1
74 82 43 10 34 52 4
70 118 43 5 10 22 6
58 43 4 52 12 13 1
79 61 73 41 54 146 9
33 33 107 63 246 495 10
107 123 43 41 77 210 4
33 115 63 68 101 300 6
23 59 30 2 86 250 5
90 87 22 83 137 320 4
79 73 86 12 193 413 1
106 28 18 88 128 189 10
88 110 72 49 198 313 9
8 93 71 100 121 217 5
121 61 56 13 79 160 3
79 56 95 34 207 241 5
83 11 60 1 231 328 8
63 99 31 110 7 20 8
32 1 64 120 192 297 6
45 21 84 106 186 322 10
124 61 109 120 106 235 9
93 43 125 94 232 542 5
111 101 34 4 202 257 6
96 121 113 35 152 172 1
44 52 75 29 167 280 9
10 114 38 40 42 86 6
77 12 62 124 145 338 3
109 86 68 53 107 154 8
18 91 120 90 223 616 3
13 36 85 11 42 57 10
46 110 89 67 240 718 8
44 82 63 24 158 458 1
122 42 90 42 92 159 2
16 35 42 49 65 100 7
9 110 78 17 203 264 2
107 80 24 28 69 98 4
2 94 1 22 147 171 8
51 81 42 120 238 311 7
115 91 13 56 62 101 1
3 102 28 29 148 301 8
45 110 92 110 218 483 1
74 3 28 110 45 62 10
29 58 124 41 226 285 5
32 113 30 111 68 86 10
13 95 27 53 36 80 5
86 69 47 65 133 317 10
114 6 29 121 193 199 2
77 19 39 24 30 73 7
61 71 20 22 45 120 3
17 56 110 15 44 127 8
104 12 8 56 83 223 3
30 64 106 19 208 566 9
13 23 83 118 34 57 6
14 97 86 91 35 36 2
102 22 22 4 227 593 4
60 99 110 79 26 55 7
122 122 12 61 218 546 2
43 44 51 110 61 82 8
1 18 11 46 170 401 9
23 26 105 111 62 92 8
27 94 75 33 129 236 4
96 85 111 98 229 431 2
44 39 55 20 9 24 3
27 27 74 103 111 228 1
56 27 115 69 3 9 10
15 118 9 59 24 32 4
68 100 25 81 4 5 8
99 92 75 94 49 107 6
58 115 90 110 187 240 6
43 105 60 36 176 324 7
90 44 118 54 57 159 4
28 37 43 70 126 372 4
12 121 15 55 148 429 4
29 17 56 64 155 422 7
10 107 64 48 67 125 8
75 102 15 101 188 545 1
67 120 15 8 155 299 7
108 64 23 16 172 297 1
8 3 91 48 125 349 5
51 23 4 61 152 311 6
56 14 6 110 213 336 5
8 86 75 108 15 41 5
112 17 96 29 204 224 3
58 84 11 73 113 148 3
79 112 16 61 84 252 9
47 79 74 85 140 260 9
36 30 24 37 1 3 7
14 107 64 11 41 114 6
1 109 104 41 76 99 3
33 45 27 25 179 338 5
4 37 74 10 122 250 3
115 112 108 116 77 103 7
23 9 65 95 51 86 8
4 36 7 116 38 103 2
69 48 14 31 120 175 7
110 16 118 50 206 340 1
1 11 118 22 100 181 1
70 18 118 15 66 153 1
84 116 90 9 89 132 8
6 88 78 104 25 62 4
110 87 115 116 8 15 7
78 85 118 96 125 275 5
121 67 70 91 7 19 1
70 41 93 103 183 247 4
99 18 86 73 178 307 8
50 78 44 72 116 123 10
35 52 11 80 237 324 2
92 57 14 49 165 406 6
93 125 34 22 4 12 1
111 54 35 70 17 41 9
39 88 9 37 2 6 6
62 8 31 113 141 253 9
20 65 4 46 86 143 2
110 124 33 63 1 3 2
78 24 66 8 197 360 7
73 26 117 19 231 581 10
111 73 91 31 228 404 8
53 111 110 110 5 14 8
78 91 58 67 151 214 8
111 7 99 117 25 47 5
63 10 80 87 35 70 6
125 26 24 7 153 206 9
94 74 121 72 114 228 9
64 110 48 40 104 294 2
115 35 85 27 225 484 3
42 37 33 17 87 150 6
62 125 68 104 108 201 7
87 93 71 121 222 303 6
114 3 52 53 190 345 6
39 62 41 67 248 627 3
48 68 36 112 169 354 1
41 75 35 97 7 10 4
74 116 42 82 81 157 9
29 83 118 110 67 175 1
33 45 89 96 214 514 7
119 64 71 16 156 465 8
19 27 52 64 244 424 6
18 47 13 120 101 158 10
93 78 2 59 165 321 6
6 117 78 62 111 239 1
21 54 4 34 200 300 8
77 119 121 29 166 381 3
94 92 51 121 157 234 10
15 101 64 38 212 611 8
13 104 5 94 200 490 4
2 105 46 21 177 277 3
68 52 49 120 62 97 8
4 8 65 51 225 564 3
90 32 64 70 221 617 6
78 61 121 120 184 259 1
8 6 107 66 43 122 1
66 104 116 3 247 308 2
68 95 32 26 106 198 3
85 93 51 88 109 234 9
23 93 6 5 88 234 2
99 44 53 65 83 215 9
83 95 35 117 116 317 10
17 29 6 76 45 82 4
10 53 88 44 193 309 7
110 46 30 48 47 72 10
15 102 77 13 164 261 6
52 34 18 26 30 76 4
102 22 121 76 241 314 5
2 22 72 32 149 410 1
34 86 40 63 29 59 3
109 62 66 88 242 697 7
110 39 80 84 228 288 10
64 68 13 51 40 54 7
101 3 52 67 125 186 1
93 123 26 94 6 14 8
55 55 64 47 196 244 9
110 94 100 106 6 18 1
7 74 1 50 168 238 7
55 99 44 36 98 107 2
47 102 114 91 103 165 5
38 113 95 19 3 4 5
113 45 30 32 110 173 10
4 80 25 103 86 238 8
106 15 116 6 245 453 9
66 103 32 12 114 262 3
86 60 66 12 131 330 6
45 48 85 82 195 408 3
48 67 41 121 233 666 3
86 24 44 62 193 245 7
94 71 73 27 42 47 8
17 63 3 5 130 321 7
24 64 64 33 137 380 10
77 115 39 48 202 274 10
60 87 57 28 91 163 5
108 101 62 78 176 343 5
81 56 22 64 210 590 2
49 29 21 38 47 108 9
76 54 77 103 105 163 8
105 38 42 88 187 187 7
3 46 109 86 173 180 5
119 101 74 2 92 270 5
125 22 75 64 5 8 7
58 110 71 125 188 314 1
124 92 123 90 65 127 3
34 125 15 118 128 352 4
79 117 90 112 57 60 7
66 109 34 63 245 252 3
83 10 17 24 171 382 5
124 66 20 61 126 183 6
90 83 91 93 176 508 6
13 31 24 53 213 266 6
58 1 56 34 65 92 3
16 73 99 105 28 41 9
1 122 111 108 123 193 4
96 71 16 113 187 199 4
15 9 101 55 51 65 4
102 19 103 96 150 248 7
100 35 48 10 48 67 10
42 4 15 122 228 401 5
2 115 37 33 54 147 10
28 82 75 57 118 334 7
32 2 47 35 202 394 10
74 88 51 16 13 27 6
112 117 5 27 134 351 3
48 89 103 102 54 109 3
83 55 78 61 36 53 4
110 32 39 47 8 12 4
85 36 49 107 26 50 6
57 78 125 20 232 452 4
101 95 38 34 228 652 3
94 11 83 71 68 109 5
82 36 80 47 153 341 9
88 88 72 116 97 221 10
102 4 42 80 201 313 6
95 63 29 114 174 270 5
28 4 66 61 89 199 7
96 92 95 97 87 226 8
69 95 14 77 82 176 9
41 54 8 111 2 6 6
49 43 67 17 209 407 9
48 116 35 7 204 461 8
71 14 50 123 98 138 7
35 3 75 65 134 271 4
25 53 8 81 124 275 6
67 23 68 45 123 187 8
111 73 94 101 147 274 8
69 59 34 74 78 134 6
99 60 37 108 28 63 3
45 38 76 28 227 401 8
9 90 116 43 106 156 6
71 90 123 28 224 289 5
107 13 100 121 145 375 5
125 33 120 82 172 248 4
