400
6 2 6 7 50 88 95
2 1 2 11 16 30 987
1 11 3 8 0 53 292
5 14 2 10 33 86 566
12 14 4 2 42 57 220
15 10 12 10 4 12 35
14 2 8 10 72 80 538
2 8 1 5 30 95 128
1 4 8 10 60 61 681
12 4 10 3 31 75 997
7 1 8 7 22 63 795
5 10 2 9 9 57 252
3 12 14 15 18 33 373
4 11 6 11 43 79 44
12 15 11 6 14 24 183
9 9 3 8 12 40 468
3 4 11 3 28 64 966
4 11 15 6 64 75 555
10 5 15 10 22 41 313
15 13 2 3 20 31 438
10 11 9 11 27 73 484
12 8 1 5 11 52 342
3 10 2 9 3 70 334
11 13 2 10 52 75 493
3 6 7 9 89 92 202
2 5 13 3 16 27 340
14 7 10 2 65 80 117
9 2 8 3 10 16 953
6 8 2 12 7 82 981
6 11 11 2 23 49 585
4 3 8 2 5 48 405
14 4 13 2 53 59 989
2 2 6 12 12 23 186
7 9 11 9 0 59 736
4 3 12 6 19 43 367
4 14 14 9 6 12 992
5 6 5 10 37 84 677
1 4 10 3 58 63 163
3 14 11 2 70 99 672
11 10 3 5 3 18 480
14 1 10 7 55 86 62
12 10 13 2 9 67 194
8 15 9 14 29 46 951
7 15 15 2 5 17 266
13 3 7 14 8 97 94
14 14 5 8 11 20 732
14 10 1 6 56 59 543
15 2 15 8 9 48 253
15 6 15 13 33 56 388
15 14 3 13 13 66 989
4 4 9 13 21 32 234
6 4 1 9 42 65 448
8 9 12 3 30 61 349
7 10 8 6 86 90 54
10 10 14 4 34 74 434
5 14 4 13 55 67 975
6 7 3 3 12 31 722
14 1 7 2 46 60 764
14 3 10 10 15 19 998
8 11 15 9 16 93 892
15 2 3 3 88 90 165
12 15 1 14 31 57 947
15 9 11 9 54 63 148
7 10 11 2 4 95 789
1 14 7 14 61 80 104
14 2 13 12 34 100 482
8 11 4 15 53 73 223
15 13 14 9 11 13 647
15 10 6 5 26 81 254
12 12 7 13 70 96 613
15 15 7 2 13 90 114
15 8 7 2 9 53 381
7 1 6 12 26 47 583
6 2 14 14 12 16 241
14 7 1 1 41 78 303
9 3 14 13 54 81 735
9 10 10 13 34 37 410
6 10 5 12 45 76 198
10 13 9 8 10 42 704
8 5 5 7 42 81 235
9 5 5 5 11 33 924
9 1 1 1 44 99 990
15 13 12 9 88 99 98
3 15 2 9 53 67 639
4 2 10 4 51 62 933
8 8 14 5 18 27 774
14 5 9 2 7 56 990
6 8 11 15 8 90 409
5 15 6 1 17 60 82
5 15 1 5 56 70 473
13 14 8 14 7 20 902
12 11 10 8 17 40 916
5 3 12 9 26 54 726
14 6 8 15 37 81 499
1 8 6 14 31 59 87
13 8 3 8 31 50 241
5 8 14 15 14 78 846
5 12 10 15 38 46 583
5 6 2 12 15 64 904
2 13 9 11 72 95 470
4 5 9 2 56 83 437
3 5 6 4 14 44 704
8 2 8 3 10 26 224
4 8 8 14 81 85 219
15 7 15 5 35 75 148
10 8 10 14 16 49 424
4 1 2 9 76 100 433
11 12 15 5 27 55 492
14 7 4 7 7 75 320
1 4 11 14 49 95 814
3 2 2 5 0 21 357
8 13 9 4 2 79 472
7 8 1 13 9 32 141
6 6 13 4 8 51 755
9 7 1 3 54 95 177
14 14 4 14 13 13 332
14 12 3 6 13 27 744
9 5 10 5 7 89 722
15 3 1 5 21 42 151
6 5 1 3 36 41 508
14 15 15 15 21 29 118
11 3 13 1 1 13 776
12 12 11 6 5 53 935
1 3 1 15 30 72 598
3 6 12 3 30 53 762
11 3 9 8 34 45 944
14 12 13 1 0 13 764
13 5 3 13 51 70 254
14 5 8 13 0 16 170
12 12 11 13 2 69 182
13 5 15 6 45 48 672
9 7 8 8 1 83 264
4 5 12 11 9 46 351
4 2 4 7 66 94 57
9 7 3 9 28 32 996
14 4 5 10 68 76 766
13 5 14 8 32 33 394
8 9 15 9 8 68 277
1 6 8 15 66 88 478
7 3 9 11 41 95 438
7 2 13 6 15 38 435
12 5 10 2 27 28 815
5 13 3 12 69 86 217
9 13 13 6 33 64 919
14 8 11 7 13 55 697
14 5 5 6 55 78 734
5 12 11 1 19 76 191
3 15 11 2 38 95 512
7 5 3 8 6 43 687
4 9 6 7 45 45 940
13 11 9 4 20 71 625
5 14 9 1 46 52 61
6 7 6 6 8 48 187
8 1 8 6 70 76 91
10 4 1 7 86 90 826
10 8 2 9 5 14 218
15 9 4 14 48 48 968
1 10 3 4 42 89 175
7 6 1 4 54 84 338
15 8 10 2 47 86 541
5 6 12 1 19 46 831
7 1 10 13 8 25 418
9 1 12 12 0 41 790
13 3 9 5 13 24 156
14 2 4 12 87 93 505
6 11 5 10 0 59 270
1 7 13 14 9 34 745
15 2 10 12 69 100 735
12 4 6 9 79 94 873
4 3 1 3 59 61 736
10 4 12 3 78 83 397
6 9 1 1 47 68 975
8 12 7 15 35 97 246
11 15 7 5 19 77 605
5 11 15 7 6 64 164
7 13 13 11 42 47 196
7 7 1 13 7 44 306
4 2 9 1 12 34 185
8 13 6 12 9 31 874
7 15 1 15 87 97 533
6 3 4 9 22 61 592
1 12 15 2 7 70 344
12 11 10 1 25 81 932
8 9 14 9 0 18 274
15 14 14 11 8 41 971
11 14 1 15 13 51 720
5 2 8 2 0 41 737
12 2 12 11 2 22 825
13 7 2 12 15 36 833
9 11 1 1 32 81 117
1 10 12 7 9 20 275
11 9 9 3 36 72 549
5 7 9 7 5 36 312
6 7 10 9 63 68 86
9 3 14 4 34 36 352
10 8 13 8 29 70 343
5 11 11 8 41 52 37
4 1 15 5 41 75 738
5 14 12 15 40 89 599
10 4 1 8 59 75 31
11 1 1 10 16 21 402
13 2 10 13 7 58 632
1 13 7 4 60 61 833
1 13 9 4 8 23 785
8 5 10 1 21 28 576
12 2 15 5 7 55 759
9 12 3 14 35 59 472
4 6 1 4 11 75 700
12 11 2 7 12 25 553
14 8 14 11 16 16 256
3 4 1 8 15 42 432
6 14 2 1 7 30 105
10 13 2 2 8 11 107
13 10 12 9 21 54 135
12 5 4 6 23 62 883
13 10 15 11 38 58 509
11 4 8 10 23 75 709
2 12 14 15 3 88 651
12 3 6 15 48 76 27
7 3 4 15 55 80 191
12 13 9 6 16 21 583
2 2 7 15 11 23 900
7 8 15 11 20 43 322
10 14 13 1 27 53 406
3 7 4 2 24 89 558
12 6 7 8 61 80 796
8 11 4 6 11 96 283
5 15 13 10 34 43 495
2 10 11 5 3 18 653
5 6 8 8 42 52 12
12 14 3 12 9 24 18
7 5 15 12 44 63 745
10 1 11 9 0 99 710
2 6 4 2 2 24 954
2 4 15 10 42 94 179
7 2 2 6 28 53 274
11 8 3 7 31 41 581
10 11 4 3 80 95 809
7 13 9 5 43 67 713
5 4 3 15 15 88 898
15 7 3 9 80 88 333
14 8 7 3 16 17 181
3 12 11 15 38 97 900
7 8 10 11 28 52 601
8 11 15 1 4 80 981
12 1 11 6 21 39 729
8 8 9 1 3 49 698
3 2 2 5 0 29 420
6 7 15 12 79 86 429
14 6 9 10 51 57 123
9 11 14 9 4 11 275
2 14 7 4 18 18 811
3 14 8 1 20 85 331
2 5 13 3 1 23 827
1 15 9 9 7 66 497
12 2 1 8 2 83 945
15 12 3 13 14 63 823
9 1 7 2 0 23 626
12 6 15 11 21 23 302
6 3 4 10 6 32 121
15 12 3 11 64 83 363
15 1 9 10 59 59 947
15 5 8 6 12 66 434
3 9 6 12 7 38 204
2 2 9 14 14 27 322
6 14 13 15 76 80 795
8 4 15 1 54 58 230
11 11 10 10 26 35 307
10 6 8 1 4 49 807
3 15 12 1 8 31 89
1 2 5 8 27 96 814
7 12 13 12 46 77 19
7 2 15 5 1 40 407
11 11 8 9 4 19 921
6 10 9 3 1 55 625
4 3 6 5 23 75 274
14 14 6 15 46 55 232
14 8 1 10 69 100 743
13 14 7 8 33 74 971
3 11 8 13 39 51 533
9 6 13 15 53 68 263
15 14 6 7 37 61 980
5 10 8 7 2 50 313
5 2 3 14 19 36 548
13 10 11 5 0 34 437
2 9 9 13 36 42 657
4 4 11 11 6 53 977
1 10 4 11 8 84 811
6 5 2 11 66 77 573
6 1 15 13 16 30 975
10 9 10 15 43 62 192
12 9 10 14 15 16 980
4 10 7 14 30 57 77
12 4 7 2 56 56 314
14 3 5 7 20 21 703
5 7 10 14 3 81 333
12 8 15 15 24 37 364
4 4 14 6 11 24 166
14 15 15 12 24 25 710
13 7 14 12 54 77 613
3 3 14 11 5 10 950
15 14 11 9 17 28 660
5 10 7 1 35 55 440
2 5 10 14 35 41 680
7 11 3 11 32 37 813
11 14 12 13 0 41 163
7 15 11 11 58 62 161
7 4 11 8 45 66 448
2 14 14 6 16 34 408
1 10 4 9 41 42 395
3 13 4 13 61 73 364
2 3 5 6 39 51 294
7 11 1 15 15 94 803
2 13 14 4 69 97 25
2 11 14 4 70 74 536
1 15 2 12 4 52 806
5 2 6 4 45 80 461
6 4 6 13 67 71 788
14 15 8 10 6 67 466
12 14 2 9 39 40 459
10 11 1 10 9 36 864
14 3 1 8 3 12 721
2 13 13 3 0 83 278
5 11 4 8 9 12 479
3 1 9 15 21 28 205
2 2 14 10 15 39 120
12 2 8 15 25 37 486
9 14 8 14 3 45 759
8 10 3 2 26 45 25
9 2 5 1 1 11 713
15 9 3 1 8 38 547
4 12 3 6 0 21 768
12 14 1 8 16 20 994
8 9 15 1 50 79 565
1 5 5 8 16 28 823
6 6 4 6 13 91 202
8 9 7 14 15 65 281
6 10 2 5 41 41 461
15 12 2 3 11 11 898
6 2 2 2 7 15 581
7 13 9 1 42 100 415
12 14 14 12 9 42 965
7 11 11 14 15 32 932
4 1 9 9 12 14 33
3 8 2 8 15 37 796
4 5 12 13 19 24 74
15 11 6 6 39 78 280
1 1 5 1 7 17 870
4 5 9 9 50 87 688
3 2 9 9 34 36 618
13 6 3 8 3 49 733
8 9 7 10 5 19 452
13 9 8 11 15 65 782
13 11 6 2 61 74 139
14 7 12 2 30 58 120
7 3 13 14 0 51 788
9 2 6 4 10 82 450
8 7 15 2 14 18 529
6 10 15 15 0 21 399
11 3 4 9 25 39 411
6 12 13 2 57 71 640
13 6 5 14 50 94 973
11 5 5 14 26 100 81
10 5 10 3 6 83 831
6 11 8 9 39 45 799
8 9 7 8 39 98 776
8 4 8 4 11 24 337
4 9 7 5 9 10 407
6 3 5 8 8 36 293
11 13 1 1 27 29 382
5 5 15 1 19 29 355
9 6 12 15 33 46 221
13 5 13 15 13 72 158
4 5 14 6 2 26 591
7 1 11 8 41 43 339
6 2 8 4 19 21 758
2 15 10 7 84 99 119
3 11 2 10 1 86 437
2 13 12 7 51 54 942
13 1 14 6 58 76 681
8 2 9 6 55 66 646
8 1 4 6 6 24 436
1 8 2 7 2 71 532
12 11 12 1 12 85 783
1 1 4 1 16 20 908
15 8 8 11 0 26 730
8 14 6 14 19 26 880
10 13 11 5 13 13 774
7 11 10 13 25 34 983
13 6 13 9 57 68 195
3 10 10 5 3 88 305
4 5 9 1 27 45 267
9 5 2 3 7 45 898
1 5 11 10 3 25 832
5 9 11 2 36 78 568
4 6 12 4 11 29 621
11 13 12 7 7 14 907
2 2 3 1 15 20 868
11 11 6 6 5 47 759
3 13 11 5 9 21 650