200
64 72 70 28 38 857 2000
24 42 56 20 115 1150 2000
48 62 71 56 254 3414 2000
34 61 39 51 103 2122 2000
70 22 32 44 37 363 2000
50 46 40 74 68 2423 2000
30 15 18 73 241 1316 2000
57 20 51 38 149 538 2000
19 44 16 66 72 2818 2000
65 53 67 71 174 3129 2000
67 60 69 29 169 3179 2000
56 18 20 62 221 1721 2000
64 40 68 69 139 2695 2000
21 60 54 59 108 2104 2000
54 72 68 54 209 1994 2000
49 56 24 21 101 721 2000
30 33 36 48 208 553 2000
41 50 16 24 224 3057 2000
25 60 28 18 244 1105 2000
24 31 58 32 154 2565 2000
47 70 74 41 212 2570 2000
61 70 65 34 269 2662 2000
74 65 57 17 107 2463 2000
40 24 54 54 113 2411 2000
64 35 34 23 289 524 2000
64 30 52 40 60 2033 2000
21 45 68 23 114 3518 2000
35 62 64 50 123 1629 2000
44 25 38 35 76 2931 2000
53 46 74 26 33 816 2000
29 61 27 50 52 880 2000
66 45 56 39 41 2355 2000
72 46 18 28 270 2703 2000
73 71 72 57 61 3367 2000
34 27 45 46 243 3672 2000
55 41 36 19 281 513 2000
17 61 27 31 141 2408 2000
72 40 43 24 116 728 2000
56 18 30 32 44 439 2000
69 52 25 24 118 373 2000
36 45 21 61 289 3483 2000
59 50 46 68 111 1656 2000
41 55 38 20 143 3191 2000
56 20 26 58 114 2484 2000
69 43 51 18 180 1311 2000
27 73 56 69 36 2892 2000
44 19 32 26 100 3722 2000
61 37 41 25 29 862 2000
31 46 16 70 175 516 2000
21 17 29 60 12 2917 2000
57 74 65 26 241 2266 2000
58 29 71 17 258 3064 2000
15 36 61 61 232 3266 2000
38 72 15 56 113 3699 2000
60 39 46 39 52 1599 2000
46 47 58 73 101 679 2000
49 53 24 21 94 1173 2000
36 16 27 62 164 1499 2000
51 42 16 38 26 862 2000
37 16 22 15 89 1323 2000
49 55 40 38 98 1581 2000
16 16 17 61 171 713 2000
32 74 32 74 269 1132 2000
73 62 34 24 295 3723 2000
69 16 29 50 149 1216 2000
66 71 38 72 243 2921 2000
51 34 53 54 213 893 2000
45 38 33 70 63 2275 2000
60 46 68 63 286 1782 2000
32 26 50 61 120 1568 2000
56 24 71 74 34 3149 2000
71 29 36 24 128 1957 2000
58 26 38 57 195 2893 2000
16 65 31 55 5 2612 2000
44 62 57 19 89 2520 2000
57 51 53 23 160 797 2000
16 43 26 49 194 855 2000
70 63 29 40 26 1168 2000
58 35 15 42 267 3334 2000
32 18 71 67 2 3459 2000
29 47 31 72 205 2442 2000
58 20 42 15 217 619 2000
72 16 61 72 95 1036 2000
27 71 38 27 171 1660 2000
57 30 65 28 80 3029 2000
73 45 58 43 45 2022 2000
60 17 53 46 93 2711 2000
41 53 43 65 254 2834 2000
54 28 68 44 295 3513 2000
54 55 51 72 21 1629 2000
47 33 54 25 282 1458 2000
73 15 49 25 153 891 2000
39 63 35 51 150 1489 2000
60 54 60 63 45 1585 2000
31 18 67 40 45 2097 2000
58 28 36 55 103 3509 2000
50 72 61 43 12 3451 2000
60 50 60 60 36 759 2000
37 39 57 32 183 2518 2000
58 70 38 43 64 2288 2000
43 57 30 62 21 3407 2000
41 38 32 17 201 2289 2000
23 62 35 67 296 3226 2000
58 35 47 57 217 2289 2000
43 21 18 69 12 2150 2000
61 62 36 50 272 2490 2000
39 70 18 22 76 1462 2000
47 57 36 18 292 658 2000
59 68 17 70 182 307 2000
47 47 34 74 37 1108 2000
59 60 53 36 154 1229 2000
66 50 73 70 127 565 2000
27 40 67 46 184 2661 2000
24 41 17 47 66 1644 2000
17 51 27 34 156 2324 2000
56 65 15 33 116 1814 2000
42 34 66 49 6 725 2000
72 56 30 26 124 3077 2000
32 27 67 19 261 3451 2000
35 71 59 72 264 1099 2000
20 56 53 28 210 2465 2000
71 47 30 48 247 2403 2000
34 44 62 55 192 3304 2000
59 23 48 32 295 1843 2000
74 15 64 67 104 1546 2000
73 40 58 43 197 3570 2000
50 25 69 60 252 1760 2000
43 71 64 38 214 3468 2000
59 60 63 28 279 3497 2000
45 68 54 67 251 3721 2000
59 61 41 60 129 1018 2000
15 43 46 21 285 1308 2000
66 39 26 48 92 3505 2000
57 48 16 45 251 2623 2000
26 16 63 58 179 3503 2000
54 21 29 66 16 566 2000
16 64 48 45 25 2272 2000
36 27 56 17 283 1451 2000
62 20 59 38 174 1924 2000
28 41 63 41 293 3114 2000
19 60 27 50 159 327 2000
51 55 34 58 114 881 2000
34 55 27 15 116 1387 2000
70 59 30 34 150 3109 2000
25 60 58 39 103 920 2000
74 47 48 16 209 2053 2000
53 49 74 26 142 3048 2000
17 38 17 56 42 837 2000
56 33 32 46 4 2445 2000
57 68 66 39 72 1968 2000
52 36 59 27 127 705 2000
32 67 27 66 23 1516 2000
61 73 45 55 11 1088 2000
30 54 68 73 14 3181 2000
60 16 55 72 244 521 2000
70 47 24 39 133 3345 2000
51 27 33 59 112 2248 2000
21 22 56 44 137 3100 2000
61 56 57 32 226 1220 2000
38 31 35 25 37 3704 2000
16 64 66 63 197 675 2000
58 54 32 23 101 3370 2000
24 48 16 23 65 3010 2000
32 15 41 69 268 1536 2000
44 21 25 35 160 2798 2000
43 23 49 46 9 2287 2000
40 43 71 68 263 2759 2000
52 73 15 25 241 1805 2000
50 45 44 61 22 654 2000
59 20 19 70 21 2719 2000
54 70 31 15 264 1153 2000
28 20 34 25 275 3024 2000
52 37 62 58 206 349 2000
25 48 23 15 5 2242 2000
49 23 45 26 66 2254 2000
30 57 23 45 203 1906 2000
67 26 20 26 81 1850 2000
71 70 42 43 266 725 2000
34 56 27 26 157 1621 2000
64 65 41 50 197 1659 2000
49 39 39 65 290 3460 2000
39 41 73 27 183 2933 2000
65 51 73 22 115 559 2000
33 55 18 57 64 3677 2000
15 50 23 68 292 3512 2000
66 44 26 59 233 2627 2000
72 46 66 41 0 1231 2000
33 44 58 70 85 2220 2000
24 23 54 32 82 3559 2000
50 41 42 21 254 2037 2000
62 74 38 41 155 2189 2000
41 68 15 25 55 1750 2000
30 20 30 37 242 931 2000
57 36 32 67 70 3071 2000
30 61 58 44 174 2336 2000
69 29 72 28 7 1731 2000
53 57 29 46 81 2151 2000
35 35 70 23 106 989 2000
52 39 21 60 71 3607 2000
55 48 57 36 117 1706 2000
