500
62 77 15 28 0 213 377
59 93 59 98 0 317 275
43 66 51 33 0 202 281
69 54 76 18 0 232 675
17 14 82 34 240 395 485
29 29 31 86 261 458 443
94 89 46 81 315 710 230
84 66 26 58 482 738 894
67 60 57 16 632 750 210
24 99 54 38 596 811 316
98 43 43 24 854 1138 814
75 24 55 40 917 1308 503
90 93 45 83 1026 1513 876
21 50 92 80 1074 1329 354
52 59 65 66 1272 1434 964
69 31 99 82 1229 1726 400
11 54 37 44 1336 1338 570
12 87 63 78 1639 2199 536
60 33 90 96 1640 1736 609
56 21 19 99 1563 2105 765
86 97 46 12 1761 2005 219
72 30 75 88 1874 2067 470
85 53 50 57 2151 2327 150
37 23 65 33 1937 2116 896
13 37 68 29 1998 2049 785
72 32 86 86 1974 2306 142
61 71 89 14 2629 2898 783
79 84 97 17 2552 3182 497
27 76 23 98 2819 2749 301
59 64 28 40 2810 3146 129
53 84 76 64 3329 3840 463
67 38 59 53 3346 3917 674
71 12 61 73 3552 4246 416
55 41 35 99 3200 3474 581
99 53 69 96 4154 4793 479
83 53 97 95 4245 5309 319
62 33 57 90 4642 5793 485
84 14 19 82 4534 4486 388
84 11 47 97 4959 4939 102
41 69 96 21 4676 5020 158
86 30 80 28 5870 5993 174
13 15 26 38 5204 4967 532
78 92 61 28 4930 5287 973
30 71 87 30 5685 6536 789
30 67 85 82 6272 6458 525
70 46 83 100 5396 6003 465
92 46 94 80 5947 6212 137
26 65 72 38 5663 6160 494
98 88 73 70 6980 6713 998
29 87 25 69 7241 6977 575
32 71 55 57 6533 6452 881
51 56 43 100 7209 6816 315
72 57 21 58 7785 7384 782
84 65 44 85 8017 9891 431
87 91 71 67 9004 9132 387
35 35 45 77 9804 9927 993
70 82 16 48 8172 7559 134
65 76 86 77 9625 11068 753
68 11 30 74 8742 10130 523
43 66 100 54 10260 10040 568
47 45 99 71 10876 11311 663
68 58 38 83 9244 10707 121
44 72 78 88 11217 12822 712
85 40 91 26 10350 10183 363
33 96 85 23 9842 9371 445
53 84 39 41 10746 11477 693
93 25 22 69 9997 10174 587
46 88 43 89 9736 9105 551
23 73 63 81 10939 11966 786
29 91 70 91 11956 12428 660
29 15 23 42 9864 11095 180
41 46 75 52 10041 11253 370
40 73 76 41 10831 11733 398
79 64 70 39 11810 14422 545
61 69 71 61 10249 11851 898
50 88 65 13 12417 12791 780
92 58 62 61 11361 11708 195
78 28 25 23 12595 14684 929
49 36 98 34 12248 12883 506
56 82 63 36 11547 13145 197
22 23 11 27 11255 10766 452
10 19 25 12 12064 13556 211
61 76 85 46 11507 12385 229
88 82 28 95 12008 14074 477
14 35 78 35 10861 10022 486
72 74 96 86 11853 13205 588
43 21 11 86 11604 13997 464
68 12 57 98 13945 15870 923
58 50 96 57 14659 17509 349
68 78 36 65 13825 15025 825
48 75 50 18 15701 18893 710
52 72 82 99 15303 15260 242
21 73 71 95 14620 16180 447
34 11 29 90 18025 16698 612
61 29 65 78 16931 18007 217
13 94 69 50 18607 20515 974
63 96 43 19 18710 19218 184
31 80 33 13 19207 18902 187
80 74 70 11 17203 18430 262
36 71 73 61 18775 21356 417
18 72 47 22 19883 19699 694
78 81 12 13 19250 17722 389
82 49 28 89 20297 23522 168
49 36 11 53 18114 18105 727
43 20 13 74 19327 19077 361
53 69 18 82 18809 22824 548
92 16 23 100 21323 23268 196
59 24 73 30 18237 20090 272
25 57 29 89 20338 18720 599
55 74 39 17 18608 21002 249
41 61 79 39 19518 19424 799
67 38 86 32 19980 23354 305
21 38 72 88 18426 19645 318
17 65 80 57 20585 23834 191
45 14 16 89 20354 22177 717
91 96 88 51 23852 23757 601
74 91 31 32 20298 19369 866
12 12 32 38 22350 20987 328
39 92 95 65 23628 27576 976
90 12 65 70 24607 25523 115
12 88 10 35 25039 30000 615
75 41 95 44 25486 27024 354
52 100 39 67 23328 21940 791
10 89 37 49 22604 20787 927
37 75 98 61 23192 24541 328
25 93 59 53 26942 32449 867
50 21 100 54 24420 24719 596
86 92 79 83 28553 26928 703
35 81 26 85 27876 26769 838
20 75 62 89 26101 24982 735
96 51 13 60 31000 30370 575
89 22 37 40 32513 38397 851
34 65 39 37 30811 36311 522
68 55 58 13 34659 38787 499
44 42 32 75 29326 34064 946
76 14 18 86 36244 41305 745
100 43 69 28 33221 37807 906
30 59 85 52 35227 35304 232
92 96 83 94 30639 30791 868
26 80 33 35 37573 41883 303
48 50 51 50 34796 31527 457
66 57 20 82 31374 34433 407
72 31 61 56 32957 32598 637
16 83 64 28 35023 39091 891
26 62 46 16 39428 38374 744
46 90 10 100 40982 46879 638
90 43 54 38 40584 38551 158
58 74 15 15 37131 44537 719
19 92 46 80 45253 43735 317
96 71 25 78 42590 39262 734
65 40 88 13 44868 51941 946
93 64 35 68 39725 39465 204
72 49 31 66 42867 51155 386
88 67 22 87 43009 39779 969
22 21 30 46 39119 41984 236
86 78 44 74 40760 37130 523
73 34 20 10 40018 36227 902
25 60 54 85 45195 52842 702
86 32 79 14 48168 50905 551
66 48 58 39 43823 41629 460
17 61 21 72 51914 48214 122
88 78 13 62 45924 44975 179
81 14 72 14 53239 63826 640
17 97 68 45 50419 52021 816
88 54 59 28 52826 56351 357
68 77 100 47 50743 57581 396
20 67 49 93 48598 49823 529
10 97 16 85 49492 44833 590
74 21 67 26 49131 50959 785
21 62 58 36 56235 57533 197
13 92 31 21 52763 48749 682
42 71 45 33 50834 53733 536
15 69 89 38 60835 59686 165
17 31 56 99 55020 58613 941
40 44 58 35 59349 60804 570
61 68 12 26 58577 65062 526
53 57 71 75 57185 56503 112
13 28 26 59 52256 47652 280
27 21 22 89 65637 62920 843
18 66 21 40 53477 63623 917
10 34 83 70 53056 50137 481
38 47 72 55 61090 62879 921
46 92 91 58 67999 70939 608
84 74 19 78 55499 66637 854
94 75 48 59 64530 74065 914
69 16 22 60 65439 76554 460
98 63 12 24 73573 72710 620
14 48 44 77 73292 71493 173
20 84 98 39 68626 80942 317
73 52 73 73 79029 90218 834
57 25 34 50 86026 102444 405
80 16 60 33 77433 88582 793
92 28 40 63 84916 85698 859
72 29 76 31 97158 105482 372
68 83 72 15 95025 91550 900
46 45 17 61 83699 83264 309
37 96 38 77 85081 78334 130
11 69 83 59 89978 102078 212
23 12 36 25 94644 88191 427
28 65 21 70 81282 76512 858
69 44 29 35 90831 92151 367
30 31 55 53 94418 102569 198
46 78 38 77 83866 84150 332
30 35 58 73 94304 94395 830
18 71 16 94 88282 99832 230
73 12 27 62 91725 106588 362
35 31 57 76 83482 97312 588
28 95 50 81 81586 94780 204
66 67 26 100 86802 88304 642
45 93 66 62 86775 100871 681
18 38 10 32 80108 73536 922
30 59 53 70 91402 105826 579
32 21 15 56 99979 103721 861
11 29 38 67 94205 103484 556
36 71 92 99 91586 101316 519
58 49 64 11 101650 117882 264
21 64 89 48 87523 82410 950
13 73 63 13 101579 115586 620
71 49 12 55 92017 86716 535
64 10 35 91 86756 96686 198
38 51 82 61 90374 105959 337
75 92 87 37 85208 94709 455
68 74 76 38 96868 108291 145
68 70 69 25 106334 124429 633
98 15 32 48 101606 101609 782
64 19 32 100 89188 95812 277
25 81 43 80 90817 108219 410
85 10 42 17 107112 122753 566
24 68 43 40 94918 100471 350
89 18 12 94 92201 105912 625
56 87 56 45 92099 109203 974
50 29 77 53 109401 116266 884
66 84 44 71 89442 100359 283
40 22 75 89 109335 123779 535
46 99 31 69 102988 111535 300
48 25 59 79 123045 125243 888
36 81 50 16 102062 103239 419
45 29 34 95 124784 114730 983
89 53 88 41 109807 111599 744
66 79 88 67 105016 98651 220
30 23 39 27 128706 151897 879
43 18 29 33 117520 121055 243
40 76 68 80 136023 160076 415
53 50 22 76 131249 130739 427
78 16 35 75 117192 122376 917
24 23 95 25 143058 162403 305
53 21 35 17 127480 143788 292
69 66 14 60 149825 149337 211
80 80 70 52 156064 171206 318
90 48 30 76 149421 170786 202
75 57 59 59 149374 144530 305
89 77 66 32 181003 199503 880
30 35 43 51 190492 217287 513
10 11 84 19 196456 217022 594
74 99 10 59 184994 218431 738
67 13 81 63 183164 184739 194
87 70 93 83 197179 188421 159
46 44 40 76 208474 245363 705
77 17 84 59 192082 226769 668
80 64 42 24 199481 211142 253
96 38 45 69 205225 227219 992
76 68 88 53 213908 224640 854
40 45 36 36 195268 226931 601
52 55 35 71 215621 203663 742
16 88 96 27 206938 210503 970
60 82 64 52 239561 282030 133
58 32 38 29 215908 232129 131
14 74 65 24 221797 241754 716
23 61 82 96 245582 293605 631
17 84 98 40 264455 294197 710
56 89 97 45 269012 274300 458
98 63 62 47 268883 249652 825
99 39 31 38 271750 249837 248
19 58 68 39 281156 260502 151
70 53 28 23 252153 256053 324
46 98 98 85 309945 283914 349
98 44 35 29 331216 384003 884
58 63 22 81 327396 373048 351
45 74 97 58 305500 364243 543
40 26 58 22 312500 314644 123
96 92 73 52 348773 316719 664
61 95 66 45 372323 411760 874
80 48 18 98 358159 336693 338
47 55 23 67 335089 322475 778
70 64 55 35 381363 344154 323
60 63 28 90 423311 457189 295
48 45 56 80 436120 438988 256
71 99 82 76 371307 375014 687
41 12 44 27 378051 391009 958
38 87 40 24 475372 508706 413
94 45 88 23 469962 509086 477
30 23 92 19 464807 495056 222
22 52 36 65 515658 586539 800
34 39 48 75 561661 650802 317
57 46 20 18 459526 518315 370
32 77 76 10 596651 714955 469
70 44 67 34 556488 535130 170
54 75 17 43 557786 633036 654
32 100 69 99 494212 524805 193
39 94 72 79 647073 672174 265
90 94 21 76 524100 491952 791
71 82 33 77 562796 617710 716
18 11 46 38 659378 771771 314
65 68 37 89 578148 644696 607
92 81 17 78 624362 686938 758
54 98 87 48 606351 573593 599
48 80 69 96 580582 696434 952
18 28 38 36 686237 670502 274
71 91 21 75 704735 696704 885
43 25 29 92 688837 742413 140
34 51 13 43 662325 794718 597
75 70 49 81 632837 695420 864
87 51 90 88 717695 677420 377
15 74 89 12 707209 770857 954
56 91 29 56 775217 715640 559
19 52 63 49 638465 718459 579
35 48 35 40 694189 630766 709
28 100 82 10 693671 803001 126
57 39 12 74 672358 804511 977
91 76 23 20 795188 948140 545
30 14 54 33 699830 821801 686
45 29 61 76 797719 902096 280
95 49 22 81 693917 647761 249
32 84 51 56 720810 671764 468
22 17 41 61 797639 772754 983
28 91 49 10 885766 1046334 634
77 51 12 100 723407 663768 137
22 100 35 69 853330 874941 143
21 100 52 61 942102 1084390 613
61 100 57 95 809751 734601 358
15 85 98 21 976959 1014756 209
81 38 25 43 1022722 1148128 701
45 71 69 40 1073711 1215206 543
24 70 34 44 873922 943349 507
97 52 51 97 1121291 1087698 462
39 11 44 84 1024293 1205580 810
85 56 71 67 1197902 1118633 566
45 97 10 50 1254124 1351957 143
29 87 28 57 1337931 1441854 305
20 49 76 40 1419336 1397681 345
13 71 75 89 1217115 1133861 796
41 27 75 16 1477290 1482771 237
60 25 55 25 1287968 1359463 202
77 29 61 95 1495587 1764921 878
36 80 20 46 1372997 1594591 215
78 18 37 93 1656648 1854689 641
44 96 30 36 1640731 1722263 946
70 42 18 76 1750072 2005074 611
61 70 29 40 1825186 1736360 279
63 38 22 75 2012494 1981558 103
92 35 62 23 1756087 1591118 366
77 77 61 60 1673236 1825453 259
24 10 54 96 2149167 1996221 486
93 84 86 80 1822576 1726059 708
15 62 79 77 1959630 2230558 957
62 37 35 33 2089343 1938655 586
35 73 17 16 2081462 2337402 395
76 41 56 13 1964022 2192459 227
12 35 69 11 2095496 2055973 605
58 19 21 45 2059178 2264299 905
12 36 38 27 2277777 2177019 280
37 50 52 19 2413887 2577383 335
74 78 28 22 2034064 2012474 885
33 87 24 31 2525718 2635375 909
45 13 28 31 2518488 2749323 481
93 43 96 75 2305608 2766637 955
77 39 19 75 2652407 2724176 532
56 40 14 75 2797821 2630757 831
39 94 94 80 2390938 2691535 317
42 91 79 38 2786744 2632757 154
53 36 39 17 3125675 3659454 779
91 84 92 71 2614680 3128497 567
21 25 48 73 2586982 2494336 931
66 89 24 74 2582272 2722284 675
84 55 95 21 2693881 2584320 228
94 42 83 72 2885015 3376011 699
16 92 76 53 2866256 2799003 616
92 98 47 13 2936066 2994760 432
56 29 47 71 2950470 2999441 590
68 52 50 71 2707007 2438654 834
21 91 91 18 2712422 3101302 156
95 52 34 85 2977408 3068380 666
32 74 94 33 2994425 3052802 773
36 36 46 66 2912783 2890007 845
27 99 84 14 2856014 2784295 586
34 64 100 77 2884092 2999564 981
94 70 11 58 2788199 3326124 243
88 66 75 19 3045624 2886378 478
21 22 53 81 3230123 3265005 526
44 86 100 76 3377636 3176492 775
70 88 17 36 3138899 3425608 517
67 76 79 73 3689854 3690298 604
59 56 23 86 3259267 3822690 662
66 13 80 100 3182839 3380949 761
61 25 97 92 3090954 3162945 807
78 87 29 83 3208291 3176362 539
12 35 14 81 3689839 4303927 534
15 75 79 100 2973024 3463385 210
10 44 69 18 3019120 2932005 366
90 11 100 86 3655167 3298677 624
81 34 68 10 3770515 3770623 330
10 64 77 25 3647285 3891025 124
83 16 39 47 4165068 4951145 549
27 28 48 57 3990773 3902199 448
34 62 57 28 4353246 4528180 845
66 76 18 97 4400998 4828350 773
55 97 27 47 4102835 4729312 428
81 50 96 59 4699303 5354491 761
60 17 71 97 4048695 4088468 338
71 70 68 48 4914130 5012522 375
88 62 35 39 4912998 5036028 956
58 49 96 24 5545389 5431768 532
64 39 47 28 4720478 4299655 989
47 14 62 35 5237179 5257588 425
89 43 67 90 5256132 5883570 498
71 78 65 32 5502953 5039099 615
40 46 96 100 5606411 6493160 458
60 12 56 84 4873647 4997594 584
84 99 60 76 5923806 6677872 200
10 15 48 51 6328310 7073280 792
44 76 67 93 6468336 6466768 476
85 48 64 99 6252582 7136585 754
92 12 17 25 6775500 6110558 692
73 48 53 20 6108706 6412659 994
10 23 19 97 6283813 6065424 628
75 53 50 15 7566948 7329197 865
26 73 19 43 6129160 6982755 321
56 17 83 38 6354058 6922954 244
100 17 78 45 7104652 6862154 206
91 85 51 84 7391380 8571404 984
52 77 23 100 6605109 7315720 646
42 17 33 30 6452781 7082677 116
82 17 59 62 6569527 7734316 188
87 58 72 20 6533410 7462202 220
13 64 90 29 7406149 6844767 155
55 67 95 84 7865840 7636175 767
92 27 50 20 6499375 7116388 334
14 65 89 30 8119638 7486890 111
18 13 36 44 6824221 7116172 939
81 23 57 80 7213866 7632159 325
63 73 24 43 6473289 6054380 687
13 22 97 32 7148261 6957534 406
59 20 49 81 6507303 6523764 386
72 84 30 86 6154888 6614624 159
63 43 72 62 7605893 9083872 365
38 48 50 24 8066410 7974430 822
24 99 18 30 6566247 6364324 788
79 80 69 66 8374315 8365071 308
41 16 51 61 9042543 8693190 270
43 64 26 32 8390201 9620308 396
21 32 31 56 8787281 10225839 921
73 46 72 16 8644358 9366794 474
73 99 12 20 9141462 9816434 331
62 29 86 38 8301390 8168241 623
70 54 61 99 9950467 11052888 214
48 68 73 91 8808053 9992055 311
94 48 35 36 10854287 12031434 345
10 63 81 55 10788723 12828884 362
85 34 63 72 11154376 12582901 584
37 79 95 44 11519954 10906764 213
45 15 17 100 10757756 9960470 924
70 23 59 54 11476785 10734051 449
54 61 84 71 12533530 11454337 237
77 54 99 97 13117998 13832993 244
74 18 41 60 10900771 11770928 335
36 87 14 69 13537879 14552401 903
74 40 55 75 13048491 13074423 147
29 91 42 71 13086788 12607700 571
48 72 74 71 14566535 17073575 556
90 57 34 36 14132954 13998040 508
79 89 84 35 14383488 14516594 200
57 77 19 55 16332436 17258231 999
20 98 46 98 15337312 15155376 356
85 35 59 70 17848812 18952505 424
98 42 58 42 14628301 16342179 148
27 75 20 31 15502296 15105440 979
73 91 42 98 15977738 15028223 588
37 33 11 44 16339119 16581836 634
60 18 87 16 15253285 14365849 390
43 34 78 93 17388825 19116678 664
54 17 63 99 16030174 16030772 448
89 38 100 94 19023156 17756461 674
98 46 28 63 16534567 18824866 665
60 82 56 50 19277058 20427473 187
30 81 99 13 16290883 16218506 929
30 57 44 32 17188449 16007673 841
10 22 47 60 17762632 20223711 175
39 66 40 10 16876284 18060280 942
89 52 94 59 16916822 17936502 705
60 14 88 97 17989173 18404532 449
69 51 74 41 19084028 20705211 278
94 37 65 65 16244110 19266980 185
23 64 23 84 19059036 22440931 264
46 76 59 33 17876022 21047576 251
71 98 65 38 16466041 18521024 144
38 71 79 23 17685278 18496727 489
50 35 99 53 16668671 16808457 605
62 65 56 65 18930455 19295448 314
25 80 28 52 18303826 18526425 919
39 51 47 37 18885840 19790463 790
