400
20 16 10 6 597 676 11
15 20 16 12 547 1258 11
19 20 11 17 92 1185 12
19 15 15 11 720 837 6
13 16 18 17 93 1068 11
20 10 10 17 780 840 13
7 8 7 9 657 757 5
10 6 8 19 421 1290 14
11 18 7 12 216 382 9
17 5 19 5 720 769 6
17 6 7 16 501 1164 2
8 10 19 13 387 444 9
20 17 14 14 70 1564 15
6 14 7 11 775 1493 2
10 15 11 7 249 1542 3
13 7 5 12 718 1282 1
19 11 8 13 182 576 14
20 19 5 17 799 877 13
16 16 19 9 421 612 9
7 15 9 5 704 1592 13
19 7 19 12 486 1336 1
10 10 11 6 5 1106 3
9 15 8 8 599 1345 1
16 5 13 13 211 1382 10
17 17 7 19 631 1378 6
12 13 14 5 168 213 2
20 12 16 14 89 158 10
19 15 10 11 277 352 13
20 18 12 6 353 942 3
9 17 12 13 540 607 4
9 5 8 20 285 909 4
15 17 17 16 786 922 11
20 16 11 19 146 1449 14
14 17 13 20 233 299 10
12 15 7 16 579 1164 4
11 18 11 5 123 946 9
8 14 13 17 763 1054 14
19 10 16 12 476 1132 1
6 17 15 5 72 128 15
12 12 16 16 776 850 9
16 10 19 6 362 817 6
8 6 7 18 364 1060 4
10 7 14 14 322 1293 7
18 9 11 8 136 483 7
6 16 9 16 129 876 3
14 5 15 12 17 1449 9
6 16 11 8 252 1466 15
12 17 17 13 26 1378 10
9 16 13 15 146 279 6
20 5 7 7 37 1253 2
16 14 19 20 490 1390 4
7 19 13 10 693 746 6
18 17 19 7 557 1128 13
10 19 5 16 657 1435 3
17 19 16 10 373 737 2
18 11 8 16 715 788 5
12 17 20 16 57 127 10
5 19 11 10 22 397 11
15 17 9 14 740 1456 9
6 10 14 5 65 337 7
20 10 10 11 532 715 3
15 16 18 12 97 878 2
5 17 19 14 796 1349 4
19 14 18 18 17 455 1
20 17 5 11 571 629 9
18 20 6 19 742 824 5
6 8 12 10 48 1083 15
5 17 7 18 120 736 2
17 14 8 13 184 660 1
11 16 9 12 249 1387 1
20 17 20 19 94 802 10
7 9 15 14 274 331 11
18 11 9 9 407 738 6
9 18 7 19 24 1013 1
9 17 11 14 26 1262 7
13 10 10 5 22 1491 14
17 10 13 6 664 1385 6
18 9 16 6 363 944 9
19 14 9 14 394 594 9
16 8 11 7 368 429 11
18 9 16 16 587 1130 2
11 17 16 7 316 1217 12
17 18 15 11 725 790 5
13 19 19 17 753 834 3
10 10 11 17 298 1433 7
17 10 7 16 776 833 8
19 8 18 19 375 1391 13
18 6 15 14 593 1358 13
11 8 10 6 482 577 13
20 16 14 16 762 1493 11
14 16 15 14 87 1125 11
7 14 16 17 32 1166 15
7 17 5 10 773 813 12
15 14 16 20 745 1492 11
11 18 18 10 507 572 13
10 19 20 19 51 661 4
19 13 15 20 514 1528 8
8 6 12 19 206 438 12
10 17 14 11 344 1495 3
14 20 11 15 692 771 3
6 12 11 14 461 509 8
12 19 11 5 681 734 8
5 20 13 7 71 485 10
9 10 15 8 282 358 3
13 19 11 16 203 1315 12
13 16 20 10 582 651 8
5 9 8 16 104 274 9
14 13 13 7 154 1113 1
19 10 10 11 82 193 7
15 11 10 15 188 489 6
17 18 14 15 75 718 9
20 16 15 17 564 1207 15
8 17 7 12 568 1391 9
9 6 15 20 705 758 6
5 20 16 12 129 236 8
17 18 9 16 691 754 14
20 17 19 18 616 1447 7
18 11 19 13 681 1090 1
9 6 16 7 506 546 15
17 19 11 6 723 877 13
15 15 8 20 113 787 12
5 7 18 20 217 1120 12
16 14 11 8 487 1348 11
19 12 6 5 591 653 13
7 5 17 20 432 1458 14
7 9 10 10 543 1404 10
19 10 20 5 402 1250 2
12 16 5 10 631 690 3
17 5 7 17 613 677 6
14 13 12 5 567 629 9
18 17 16 11 150 949 10
5 5 7 8 585 1344 6
9 13 14 20 352 1560 8
14 12 7 15 690 749 3
8 14 5 14 69 560 6
19 10 7 14 20 1075 5
6 17 5 14 41 990 11
14 12 6 9 167 371 8
13 18 14 12 392 1492 13
9 6 20 13 592 1488 15
10 9 20 10 434 837 8
20 15 9 14 459 1288 15
8 19 13 15 194 830 13
20 8 8 16 490 1521 12
10 12 10 7 43 323 3
18 6 9 7 789 839 4
11 20 6 9 263 492 10
8 12 8 12 792 1072 8
17 16 10 8 554 859 15
11 12 15 15 94 1211 7
16 5 20 19 378 453 8
15 15 5 8 247 1364 5
20 15 7 12 741 805 6
20 5 11 19 202 310 13
20 20 20 17 445 769 13
17 11 9 14 178 1132 9
14 8 17 9 664 735 11
17 14 10 18 230 609 8
16 6 12 20 345 870 11
11 20 10 17 103 903 3
7 19 12 13 234 449 6
19 8 7 15 577 630 10
5 5 19 8 657 708 7
17 17 6 18 176 249 13
11 17 6 13 685 752 3
16 7 10 6 416 466 1
17 6 15 20 752 1316 1
5 5 18 12 335 387 14
19 9 10 17 443 1193 8
14 16 7 7 393 635 13
20 15 6 11 498 731 5
13 18 9 5 681 1482 6
16 19 13 5 672 1413 15
20 18 8 11 260 1106 9
9 15 10 17 729 784 10
17 19 14 13 670 744 2
10 10 18 10 716 774 9
20 16 11 17 640 704 13
14 17 10 8 599 660 4
9 8 15 18 241 663 5
7 18 5 5 268 1521 9
19 19 15 8 132 811 2
13 19 14 7 307 601 8
16 10 10 19 758 1227 5
20 20 15 20 755 1561 4
15 16 17 19 770 846 1
10 10 7 10 175 1122 4
18 17 16 17 391 607 11
19 14 17 12 339 1284 11
14 10 19 9 433 921 14
10 17 5 20 735 1243 3
13 8 17 13 114 277 8
6 13 8 9 561 1348 5
14 5 18 5 153 207 4
18 8 18 15 250 1531 4
9 19 10 5 159 452 10
14 5 13 16 646 696 15
12 20 6 17 680 1472 3
18 18 5 13 661 1557 9
7 16 8 5 407 1123 1
19 14 5 19 4 235 9
5 19 15 10 514 1594 6
11 9 17 14 55 1115 4
10 12 5 8 759 1190 4
14 12 18 11 324 1486 8
13 5 11 15 163 1490 15
13 13 5 10 718 1071 11
12 6 7 11 424 648 10
15 12 9 8 634 679 14
8 6 11 15 219 569 11
17 19 10 14 71 634 4
7 12 20 19 169 241 15
12 11 16 19 218 292 13
15 12 20 12 461 1530 9
6 12 11 14 522 568 13
15 20 11 5 99 1476 12
13 20 12 18 201 1153 3
17 10 17 16 256 873 6
9 14 9 7 392 1389 2
7 8 10 7 798 836 8
19 14 6 7 731 1103 14
10 10 15 17 385 850 6
16 10 10 8 403 1171 8
5 20 11 19 65 423 14
10 17 6 8 232 890 3
13 13 16 12 341 397 15
9 13 10 18 64 1464 12
6 17 19 6 402 1037 12
18 16 10 10 15 877 2
11 11 7 8 103 817 13
16 19 19 9 206 703 2
14 20 13 16 241 312 11
12 16 13 9 447 1449 11
9 10 19 12 381 1294 4
19 8 8 20 89 647 6
11 12 10 16 580 645 9
19 5 9 6 357 1539 3
14 17 14 19 22 469 4
16 20 11 5 278 1324 14
6 16 11 11 700 750 1
6 20 11 17 65 1233 15
17 13 18 10 120 798 8
17 8 13 17 180 306 13
12 16 18 15 441 1359 12
17 16 10 13 466 676 8
18 17 6 7 727 781 15
20 7 18 14 759 1528 1
8 13 14 5 537 1598 11
12 13 13 5 294 1509 4
17 14 7 9 546 1419 3
7 19 7 18 363 1515 15
19 7 14 13 541 601 7
18 15 13 8 680 799 11
14 20 19 6 794 866 3
17 7 14 19 629 1228 5
15 14 16 12 452 1443 10
9 5 7 8 525 573 14
6 20 9 6 331 537 5
17 5 8 9 129 1415 14
20 11 15 20 357 441 6
15 16 11 8 228 293 7
13 20 13 16 444 522 11
13 8 20 18 726 1453 7
10 12 19 6 723 1529 9
5 14 12 19 520 1522 7
16 15 13 19 418 1517 6
18 7 7 17 214 1366 10
8 17 20 5 511 815 1
13 16 19 16 246 750 7
13 20 15 14 634 1271 9
9 7 12 15 79 1186 3
20 13 6 12 297 353 6
10 9 19 20 783 842 10
14 10 11 11 233 687 11
15 18 17 11 759 898 11
17 8 6 7 617 759 1
16 6 14 5 741 801 1
5 18 16 14 378 446 8
10 9 10 6 149 215 1
20 20 15 17 57 639 3
13 19 20 6 796 862 13
7 9 7 12 475 935 3
8 5 18 5 441 785 8
5 14 13 9 600 1465 11
5 19 11 19 195 491 9
8 11 15 10 600 1106 11
15 18 16 12 165 1134 5
6 5 15 14 370 1135 3
10 19 13 13 117 922 11
16 15 12 19 548 1017 10
16 10 12 10 455 1394 1
5 5 10 15 744 964 13
17 13 17 19 118 523 8
16 11 13 20 731 793 15
5 12 15 9 713 767 12
20 20 14 5 281 345 6
11 17 15 7 675 953 5
15 18 12 11 102 351 6
7 10 17 15 704 1420 8
8 11 9 12 447 487 11
7 7 17 12 55 1484 8
10 5 13 9 155 550 12
9 8 18 9 445 490 15
19 8 8 16 15 226 6
17 16 15 9 140 206 4
15 5 5 5 305 1581 4
19 13 10 9 333 1416 14
8 10 16 6 48 721 15
6 13 13 9 358 399 12
5 10 13 20 568 626 8
6 8 15 19 23 1413 10
13 16 14 13 323 399 5
14 18 20 9 442 1414 10
11 14 19 18 563 1168 2
20 9 16 8 5 908 6
20 5 18 17 405 941 6
15 10 17 14 364 573 13
19 15 6 17 719 1032 14
16 18 19 19 596 672 15
8 12 7 6 37 241 7
20 9 18 6 277 595 8
9 6 5 13 779 831 1
5 13 18 15 12 442 4
13 8 11 9 288 364 10
13 14 5 19 795 861 2
10 7 5 6 470 1041 10
9 9 15 18 151 766 3
17 19 20 8 78 499 12
9 10 20 5 605 1328 14
5 20 17 5 737 1221 13
10 12 9 6 298 345 10
19 5 12 14 189 707 11
11 9 19 16 174 919 1
9 20 14 15 377 732 8
7 14 11 14 230 584 8
17 20 5 5 327 537 4
16 10 13 5 7 445 8
5 16 15 15 152 1213 7
16 9 12 15 316 383 6
9 13 11 18 233 621 15
18 20 16 12 650 810 8
10 14 13 10 185 1196 6
17 18 18 16 564 978 2
19 10 20 6 230 519 13
9 11 7 5 552 676 15
8 17 9 9 7 1389 5
19 8 16 7 116 862 4
14 9 8 20 112 301 8
18 6 9 12 454 507 2
13 10 9 18 220 1549 4
13 10 13 9 156 444 13
17 16 10 17 260 473 7
7 7 12 10 640 1142 13
12 17 19 7 19 92 3
16 10 20 5 351 1117 4
19 10 17 10 798 1034 8
12 18 11 15 558 1419 14
19 11 10 18 399 1331 7
13 18 7 7 645 1108 6
14 15 18 20 477 1395 3
12 14 16 19 397 464 1
7 6 19 17 787 1330 4
17 19 13 16 313 529 14
8 14 6 20 574 1037 11
20 5 16 20 499 577 1
12 13 13 10 528 577 6
16 14 15 13 238 348 4
16 7 7 7 659 973 12
13 7 9 9 754 864 5
18 14 12 17 656 848 14
8 14 6 17 455 790 8
16 17 17 9 688 1354 1
5 11 20 15 514 583 9
7 5 9 5 666 692 8
10 11 18 15 790 859 5
6 6 20 9 159 1241 14
7 15 15 9 557 608 11
10 14 7 16 186 927 7
5 11 8 9 201 916 14
12 11 7 11 669 726 12
17 11 7 5 756 1219 14
7 17 8 7 586 1469 3
17 12 5 9 381 1371 5
15 14 14 14 93 166 4
13 6 19 19 746 1326 9
19 19 17 10 597 755 4
8 15 7 15 311 1140 6
10 7 7 7 97 1224 7
17 20 7 6 519 587 15
11 13 10 13 245 445 12
13 14 8 7 570 1057 3
8 8 11 8 21 605 8
10 20 6 7 254 432 10
19 7 15 7 134 799 13
7 8 15 7 597 654 9
9 7 14 14 264 603 9
20 6 17 9 378 430 13
12 11 8 16 669 722 9
18 18 19 16 596 1415 4
20 17 16 10 367 743 13
