300
74 60 40 25 121 4078 3000
53 24 29 44 187 3865 3000
29 72 62 48 75 2362 3000
33 34 53 47 104 1907 3000
60 31 21 17 77 2801 3000
58 24 30 38 132 3975 3000
52 46 62 72 256 3808 3000
72 43 54 43 17 764 3000
22 16 35 49 256 4119 3000
37 63 34 44 241 2038 3000
31 55 68 32 221 3035 3000
61 25 60 15 288 668 3000
54 70 30 50 247 1612 3000
16 26 19 59 130 575 3000
18 47 30 34 52 4953 3000
51 66 40 26 220 2819 3000
74 20 18 50 280 3207 3000
42 46 65 26 132 4538 3000
55 50 61 49 70 4081 3000
26 74 70 63 168 4183 3000
62 55 65 30 190 1278 3000
51 19 71 40 109 3915 3000
31 65 61 69 275 1748 3000
15 68 51 69 257 3907 3000
53 50 43 38 222 4694 3000
44 21 36 67 32 5218 3000
29 38 16 34 136 3073 3000
34 62 65 21 130 4501 3000
38 15 54 57 7 4633 3000
64 69 33 45 270 1458 3000
73 53 32 40 227 5026 3000
62 74 44 16 147 2948 3000
56 61 23 23 179 1081 3000
40 35 22 70 105 3444 3000
39 28 59 55 250 5131 3000
73 74 36 52 47 3963 3000
73 74 58 52 264 3734 3000
46 57 30 33 90 1136 3000
24 30 65 64 36 4624 3000
34 62 20 27 97 3576 3000
36 47 72 39 165 5030 3000
60 72 72 32 239 3265 3000
70 73 23 27 219 1765 3000
66 34 23 46 50 2795 3000
23 21 31 27 64 3792 3000
65 37 49 28 146 1606 3000
24 57 17 31 118 1127 3000
27 17 44 66 275 3274 3000
68 39 45 56 36 4344 3000
58 25 19 45 108 4332 3000
74 50 17 71 22 3032 3000
32 20 71 60 28 4364 3000
34 15 53 43 6 2995 3000
31 50 15 74 93 3301 3000
27 45 51 15 79 4253 3000
53 37 21 22 7 4973 3000
66 25 35 37 230 4649 3000
21 33 46 53 132 2784 3000
26 37 47 20 126 5126 3000
61 23 61 71 93 3791 3000
59 32 69 54 60 5221 3000
45 55 67 41 236 4192 3000
26 45 40 29 14 3256 3000
53 64 23 67 126 616 3000
48 48 71 43 37 749 3000
62 43 22 40 240 1507 3000
45 49 48 53 36 1560 3000
74 51 29 65 243 3343 3000
19 41 48 54 239 2804 3000
16 58 58 37 112 4823 3000
15 52 74 42 279 1285 3000
19 35 44 50 130 2322 3000
60 45 74 28 169 3598 3000
26 18 38 23 194 3366 3000
25 61 65 64 49 480 3000
49 56 34 17 266 3276 3000
15 67 26 33 182 2045 3000
53 73 44 35 153 4896 3000
26 60 46 23 149 2749 3000
53 30 24 20 180 327 3000
42 63 43 36 56 919 3000
64 51 31 46 170 554 3000
58 60 29 71 261 1385 3000
61 50 27 17 202 4264 3000
19 72 55 46 218 2576 3000
26 26 44 19 72 2815 3000
38 17 67 54 241 2864 3000
17 74 29 41 240 3792 3000
45 33 30 36 79 4850 3000
43 29 24 69 22 3372 3000
68 46 18 16 17 1772 3000
52 19 44 16 36 3899 3000
35 48 72 16 218 3827 3000
70 53 41 70 250 2694 3000
68 46 56 45 135 4940 3000
32 74 67 67 100 3340 3000
20 18 29 43 121 3065 3000
41 19 51 67 112 2611 3000
49 49 44 34 236 3884 3000
52 68 26 19 114 5260 3000
49 30 23 44 105 3988 3000
68 35 26 17 274 1374 3000
44 48 60 53 182 4279 3000
21 66 48 33 82 2608 3000
72 69 27 52 175 4958 3000
21 45 43 51 224 4983 3000
48 54 74 24 166 4276 3000
61 67 58 50 242 316 3000
53 74 19 59 153 2551 3000
18 62 24 49 54 777 3000
61 15 30 25 100 4114 3000
59 54 61 69 31 4905 3000
33 60 41 36 140 2431 3000
65 45 26 61 234 4411 3000
27 64 44 40 118 2424 3000
44 39 25 15 254 3655 3000
45 58 55 68 246 1836 3000
57 16 68 52 60 300 3000
34 35 69 44 9 5181 3000
44 67 20 36 172 2070 3000
43 42 60 66 65 3888 3000
55 27 28 68 195 3447 3000
29 73 39 25 162 482 3000
68 46 68 46 289 690 3000
43 25 71 53 184 1330 3000
21 39 28 55 108 3199 3000
22 23 15 52 120 3395 3000
25 31 61 22 124 5041 3000
49 22 62 53 17 666 3000
64 70 22 39 278 3445 3000
38 18 69 74 106 1994 3000
74 73 72 44 56 2274 3000
43 27 60 47 247 4046 3000
35 42 51 72 154 2432 3000
49 56 50 33 162 372 3000
23 28 68 71 86 897 3000
41 25 70 59 149 2389 3000
23 61 30 66 65 4024 3000
16 44 35 56 183 2194 3000
19 65 31 22 83 4922 3000
49 15 49 68 189 4711 3000
71 46 20 27 211 4874 3000
36 47 33 31 241 529 3000
35 19 45 73 125 2489 3000
26 49 53 53 159 4103 3000
39 61 73 38 6 3082 3000
36 25 46 51 30 313 3000
63 67 66 53 118 4813 3000
20 65 60 63 153 3508 3000
15 21 23 60 255 464 3000
29 30 51 24 242 4162 3000
36 54 45 59 182 2681 3000
20 29 38 73 11 2937 3000
39 33 46 73 156 835 3000
59 22 51 64 8 5240 3000
40 24 42 17 157 3637 3000
18 43 43 15 176 1753 3000
24 70 64 29 12 4913 3000
25 70 70 56 198 4747 3000
73 44 30 58 136 2250 3000
53 18 61 52 207 2222 3000
15 48 45 42 106 3321 3000
65 29 16 73 276 1696 3000
23 56 34 54 204 3780 3000
43 52 67 30 100 3525 3000
40 55 19 69 124 4306 3000
27 69 37 32 187 4741 3000
31 30 72 53 154 862 3000
72 20 36 39 156 887 3000
37 35 39 60 158 1074 3000
21 51 29 34 15 4603 3000
59 22 58 15 197 3845 3000
58 48 60 27 18 1460 3000
26 16 23 49 69 1723 3000
47 19 51 39 264 4783 3000
34 20 61 66 35 400 3000
68 38 72 63 132 852 3000
38 57 26 63 198 4007 3000
68 24 34 55 36 3979 3000
56 15 30 38 227 509 3000
20 61 66 33 94 3911 3000
74 35 26 67 19 4338 3000
34 16 21 30 5 4316 3000
60 16 16 38 260 1411 3000
32 73 52 62 177 2838 3000
61 39 63 44 146 469 3000
56 61 34 39 200 4470 3000
49 67 64 47 260 2413 3000
62 47 18 65 279 2781 3000
15 22 21 15 12 2183 3000
47 57 54 32 200 4013 3000
74 69 73 24 111 3444 3000
59 23 73 36 121 2008 3000
25 56 26 19 204 2789 3000
55 57 35 42 21 5246 3000
60 74 41 25 55 438 3000
45 42 22 57 160 1418 3000
42 48 24 25 160 3847 3000
27 21 40 52 124 2821 3000
68 33 17 69 44 3823 3000
74 30 74 42 64 4865 3000
65 30 40 15 89 4536 3000
48 20 67 45 62 982 3000
50 69 25 45 211 2665 3000
52 35 33 49 175 2657 3000
48 27 23 62 91 846 3000
16 36 71 29 208 3053 3000
45 43 18 53 265 5006 3000
69 23 63 48 102 998 3000
65 63 72 34 236 2418 3000
23 51 65 30 107 3820 3000
64 66 43 30 228 4026 3000
38 52 52 42 206 4000 3000
21 47 37 67 257 833 3000
22 18 32 30 272 2346 3000
34 21 23 52 68 3801 3000
72 67 65 61 86 4297 3000
50 59 28 63 91 1255 3000
41 49 15 35 87 2083 3000
44 53 39 44 43 301 3000
38 58 34 56 267 2054 3000
49 74 48 60 268 548 3000
23 19 45 26 251 4296 3000
62 23 39 74 278 2484 3000
53 38 56 47 11 3434 3000
61 30 44 35 121 3082 3000
41 32 58 22 290 2095 3000
19 39 52 48 164 322 3000
39 64 29 54 184 1671 3000
54 21 56 35 209 3752 3000
40 51 23 52 290 4474 3000
50 15 18 59 195 1042 3000
16 34 54 71 14 3815 3000
27 35 60 32 68 4903 3000
22 28 28 61 63 4633 3000
32 31 31 74 29 1389 3000
18 39 30 28 118 2503 3000
20 27 51 68 89 328 3000
61 49 39 60 99 310 3000
44 57 45 23 235 3028 3000
58 65 23 21 142 3137 3000
55 58 44 66 150 3076 3000
59 57 71 68 193 2787 3000
44 29 49 70 242 2413 3000
44 55 68 54 107 796 3000
24 58 53 72 103 2295 3000
72 59 41 25 96 3122 3000
26 72 55 42 104 2525 3000
51 64 38 31 214 4296 3000
65 73 54 65 220 4999 3000
67 21 64 46 277 4682 3000
43 47 29 45 149 2518 3000
55 66 37 20 104 2919 3000
22 68 36 27 144 2620 3000
20 68 16 62 188 3595 3000
30 63 49 71 260 1449 3000
47 15 20 62 243 3086 3000
58 45 53 42 208 3241 3000
49 44 55 50 180 700 3000
41 70 69 36 294 4854 3000
56 38 18 24 6 3435 3000
54 42 31 64 277 3666 3000
46 73 28 58 274 1200 3000
44 17 25 34 86 2950 3000
62 39 55 35 73 4307 3000
65 25 18 34 274 4390 3000
50 54 55 58 153 2674 3000
22 60 45 67 60 3636 3000
26 22 56 20 90 3333 3000
21 58 24 61 35 4939 3000
48 31 54 35 190 2051 3000
49 46 72 32 184 943 3000
47 74 56 31 297 4818 3000
36 27 70 46 26 2675 3000
20 61 53 39 117 2360 3000
17 22 55 29 143 3814 3000
24 69 15 22 199 4462 3000
66 36 25 50 18 5231 3000
46 66 52 60 104 407 3000
55 50 74 20 186 3711 3000
49 27 29 46 74 2076 3000
29 15 29 22 36 2181 3000
46 17 29 18 78 977 3000
44 26 38 71 112 1462 3000
58 27 29 26 2 4778 3000
67 43 21 60 54 5078 3000
35 70 53 15 284 1394 3000
71 17 46 71 61 3676 3000
53 73 22 28 90 4420 3000
22 72 54 19 66 4904 3000
69 38 72 63 24 2048 3000
36 33 15 72 240 1405 3000
63 34 39 72 85 1542 3000
35 67 58 26 83 2611 3000
45 23 59 42 199 1908 3000
47 45 24 54 144 2638 3000
23 42 16 64 44 770 3000
17 20 38 15 185 4056 3000
60 16 53 29 73 2403 3000
54 72 69 69 54 2736 3000
