400
7 5 12 9 516 612 10
7 12 12 15 3374 3423 6
6 12 10 12 587 650 1
12 7 14 9 3220 3342 8
8 15 13 14 1962 2088 5
5 8 12 9 2698 2803 5
12 10 15 11 2017 2222 9
7 12 8 15 393 483 7
9 5 7 15 811 916 1
15 13 12 7 2151 2238 4
14 11 8 6 359 477 3
9 10 11 12 3348 3490 6
11 14 12 13 948 1104 6
8 8 14 11 1557 1603 7
6 10 13 12 3494 3650 7
6 9 5 8 1475 1555 1
12 13 8 8 23 117 3
7 7 15 8 3187 3244 1
6 7 7 5 2065 2116 10
9 15 6 15 135 305 2
8 10 10 12 3045 3167 6
12 7 13 14 2472 2633 2
14 11 14 14 39 93 3
6 13 14 5 1179 1255 8
12 13 15 10 549 625 9
14 5 5 7 1083 1131 6
8 13 5 9 3534 3662 3
13 10 11 13 1462 1612 7
15 14 6 15 585 721 7
7 6 11 9 788 902 6
10 15 6 6 629 685 1
8 5 10 8 1538 1657 10
15 15 14 9 1565 1754 10
6 5 11 14 743 869 5
10 6 5 15 2371 2429 6
11 6 11 7 911 949 6
7 13 6 7 3389 3460 7
6 5 11 14 476 587 4
12 15 9 10 416 499 5
15 13 5 13 2702 2791 9
15 6 13 11 3576 3740 8
13 5 5 7 3362 3463 4
13 6 8 14 1093 1238 5
9 13 6 15 2154 2258 10
14 14 5 15 2443 2620 2
11 8 5 6 338 409 9
7 7 5 10 543 627 4
6 14 10 11 2714 2847 10
12 6 15 6 544 658 4
15 13 7 12 3633 3728 3
10 14 6 15 239 329 8
8 6 11 11 477 583 6
13 11 9 9 2154 2271 7
13 12 11 13 1010 1060 7
6 6 9 14 311 405 3
13 13 11 8 2760 2809 8
12 11 5 14 1503 1653 4
12 11 10 14 3500 3693 7
13 9 12 9 1788 1845 6
8 14 8 5 3515 3584 10
15 13 11 5 2319 2501 3
5 7 13 10 168 255 4
6 10 5 12 3101 3175 1
9 15 5 11 2898 3032 1
14 11 7 5 3088 3198 7
13 6 6 11 107 248 8
15 8 6 9 3149 3285 9
14 10 14 9 1332 1444 9
13 11 8 7 2165 2270 8
14 7 5 7 47 188 2
7 11 6 5 1361 1395 6
8 8 11 14 590 751 9
7 5 7 15 2470 2536 6
6 5 6 14 113 176 2
8 10 6 9 1475 1521 3
13 5 15 12 104 153 10
11 11 13 10 615 675 2
13 12 9 10 1086 1230 6
14 8 14 7 1621 1686 8
10 12 13 15 1152 1277 7
12 10 10 7 952 1094 5
7 13 15 11 3456 3508 5
11 10 14 7 417 603 5
5 11 10 14 613 784 5
9 13 7 13 1045 1186 7
11 15 9 9 509 555 1
13 7 13 14 2560 2688 1
9 9 14 13 746 839 10
15 14 13 9 3204 3344 6
13 12 8 7 845 993 7
10 12 14 9 2495 2604 9
6 15 10 14 2602 2665 5
7 14 12 6 2151 2213 7
9 8 7 9 3447 3492 2
5 15 11 5 2757 2841 4
8 9 7 11 198 294 2
6 7 15 8 2801 2915 9
15 9 14 7 3744 3938 4
7 5 7 6 1181 1253 4
13 9 12 8 2182 2286 9
12 10 7 7 1094 1155 3
11 15 8 6 2072 2189 9
10 5 9 15 1388 1507 7
9 13 13 8 2463 2599 1
9 9 11 7 3298 3401 9
14 15 5 6 1566 1608 10
13 5 12 14 446 627 9
8 11 7 14 136 279 2
15 6 12 5 1224 1357 2
15 7 14 7 2619 2732 3
9 5 12 6 772 806 7
10 14 6 14 1501 1564 4
5 5 12 14 679 833 3
8 8 10 12 2018 2181 6
6 5 7 9 780 827 7
15 13 10 10 3192 3387 7
5 12 15 6 588 729 8
14 5 12 9 1709 1882 6
10 5 7 11 150 288 6
14 6 13 5 1743 1822 2
7 15 5 14 1465 1616 9
12 6 6 5 3140 3265 7
10 6 13 8 684 750 9
12 7 15 12 2694 2755 9
10 12 7 9 2187 2251 6
6 5 6 9 924 1011 4
11 9 11 10 2268 2352 10
13 15 6 12 892 981 2
5 15 8 10 1803 1906 5
15 8 13 6 2101 2199 10
6 8 11 6 692 829 4
6 6 5 10 255 354 6
11 7 13 5 2904 2963 4
14 10 14 15 328 418 1
6 12 5 8 2377 2453 10
8 10 11 11 1752 1915 10
7 13 8 12 1086 1229 9
7 15 9 6 422 512 8
13 11 5 9 3393 3543 9
13 7 14 14 2379 2502 2
10 7 15 15 474 609 6
9 8 10 15 1832 1918 5
5 9 13 14 458 516 2
9 13 9 10 1032 1187 7
9 5 15 5 2357 2497 9
8 11 7 14 2370 2498 9
12 9 15 15 536 693 7
12 12 13 11 1910 2101 5
12 11 13 13 1090 1208 8
10 5 14 7 2412 2542 4
14 10 11 15 1833 1958 3
7 11 9 11 3363 3406 6
10 6 7 13 1640 1705 9
10 12 5 11 1732 1880 1
14 10 6 15 557 711 3
9 7 6 7 1493 1581 10
15 7 14 11 2082 2161 4
8 9 8 8 1562 1621 4
13 10 9 10 1192 1323 4
15 14 7 11 1709 1802 1
14 11 5 5 4 67 2
9 15 11 5 3030 3133 5
6 13 5 10 2299 2383 7
5 15 5 14 1140 1206 7
7 7 11 5 198 254 5
11 8 13 12 3706 3877 4
12 14 11 8 796 901 9
15 12 13 14 983 1160 7
15 15 15 12 2534 2692 8
14 13 8 7 3485 3560 2
8 14 11 10 1512 1685 7
9 12 10 13 615 667 9
6 11 11 15 96 284 1
9 5 5 10 1559 1653 6
7 11 14 12 1676 1724 5
6 13 11 14 2078 2196 5
12 7 10 5 2420 2475 10
14 10 14 7 527 600 1
13 6 7 11 410 495 10
11 14 14 15 1097 1241 8
11 8 13 13 2152 2242 3
9 9 7 13 521 620 9
10 11 15 14 17 109 5
8 6 14 8 2441 2511 8
10 12 14 6 3086 3196 5
5 9 12 7 2537 2591 4
5 9 5 7 535 563 5
15 8 9 11 1987 2065 8
10 10 14 6 2516 2693 3
7 5 15 15 186 251 3
10 14 13 9 1530 1642 1
14 15 10 11 3522 3736 5
8 15 6 5 623 689 9
15 6 5 10 928 1000 1
6 8 5 15 1486 1620 7
8 5 14 12 3 77 4
11 7 11 10 1866 1957 10
15 15 7 5 531 575 2
11 11 11 14 126 258 7
12 10 14 15 2971 3112 6
13 7 7 5 2978 3084 8
14 14 12 11 812 1039 10
5 5 5 14 1333 1375 1
15 15 6 9 538 606 1
9 15 10 15 1518 1648 6
8 10 14 13 3038 3149 1
6 10 14 6 3150 3247 2
13 6 7 8 3105 3229 4
5 8 13 7 2722 2856 10
15 15 8 8 2615 2691 10
13 5 5 10 3016 3095 8
10 12 10 12 3123 3216 3
8 7 14 6 1563 1664 4
12 15 8 15 468 574 5
6 11 13 8 594 742 9
13 8 9 8 332 430 6
14 15 13 14 2601 2802 3
10 13 12 6 534 646 6
5 9 15 7 77 183 7
8 7 10 15 311 369 6
11 13 5 9 2281 2333 6
7 15 14 8 3025 3156 3
13 10 9 13 331 379 3
11 8 6 7 1509 1651 5
7 15 13 10 2603 2794 3
14 5 7 7 1695 1813 1
13 7 5 11 545 600 2
11 15 13 15 315 439 7
15 5 6 6 2840 2915 10
14 5 8 6 2065 2140 5
8 12 9 10 2077 2198 7
10 9 9 9 3673 3748 3
10 14 14 7 1741 1791 9
14 12 12 15 517 749 9
14 11 12 10 1026 1148 2
8 8 7 14 2073 2163 4
8 10 9 5 1517 1607 7
9 15 13 8 387 528 8
7 13 7 9 3225 3301 10
5 11 6 15 2443 2564 8
12 12 12 13 3059 3191 8
10 7 12 9 3600 3690 3
9 6 8 8 198 272 2
8 12 12 14 3193 3309 3
10 8 8 9 32 170 2
10 5 9 10 2799 2833 1
15 6 11 9 352 400 5
6 5 6 7 2567 2601 6
10 5 11 10 2199 2356 2
8 12 12 6 1795 1913 7
6 9 7 10 1775 1817 7
6 14 10 14 1283 1329 5
11 11 9 13 3139 3215 1
12 10 13 6 1609 1709 1
11 14 7 5 1244 1300 1
12 7 11 9 148 270 3
6 15 11 11 1783 1948 6
12 9 11 5 410 469 4
11 11 5 10 2195 2307 10
7 6 10 15 134 274 2
9 15 5 11 3627 3750 9
5 13 12 9 1033 1114 5
6 7 6 14 2929 2990 2
15 6 15 10 2822 2957 8
6 7 6 12 1273 1401 5
6 7 11 7 3643 3690 8
13 5 15 15 3109 3217 8
8 11 12 15 797 948 4
12 5 10 14 2618 2688 1
11 8 15 12 1596 1790 5
10 9 15 15 2155 2264 2
8 9 8 13 2082 2144 9
12 7 12 12 110 223 4
12 9 12 9 3463 3535 8
12 12 8 9 2989 3056 4
6 11 10 8 1102 1243 9
5 6 15 13 2662 2770 10
9 12 7 11 3597 3657 2
5 7 11 12 3041 3133 5
8 12 11 15 3568 3723 9
14 6 8 5 1003 1138 10
5 6 14 6 383 484 6
15 14 9 13 2898 3103 10
9 12 13 6 3737 3800 7
11 9 8 5 2984 3096 10
8 6 7 11 1318 1461 2
11 10 13 7 594 731 7
6 13 14 6 154 314 9
13 9 6 10 1952 2067 9
8 15 13 11 2957 3155 8
7 5 8 14 2497 2607 8
8 10 7 11 1634 1755 8
5 14 10 10 923 1039 5
5 15 10 12 428 485 3
12 9 11 8 1537 1628 1
15 12 5 10 1000 1093 8
5 11 6 11 1641 1786 3
8 9 5 14 919 969 9
15 5 6 10 1933 2001 8
11 5 9 7 3732 3872 8
14 8 5 13 939 1057 6
9 15 5 15 2940 3005 1
6 7 15 7 3678 3760 10
14 7 14 7 3725 3843 10
7 14 15 15 2883 3000 4
15 5 7 10 2801 2902 1
10 15 8 9 635 809 8
15 6 12 13 464 580 1
9 15 14 12 2294 2423 9
14 5 7 12 2305 2361 10
9 7 14 11 2361 2482 7
5 6 12 9 2687 2822 10
14 5 10 14 3549 3700 7
15 11 8 11 358 413 3
14 10 9 15 3380 3487 3
12 9 14 10 3271 3469 9
9 10 9 15 3190 3362 1
13 11 6 13 711 767 4
8 5 7 5 3384 3418 10
11 14 8 10 3552 3630 1
9 13 9 11 3445 3607 5
11 9 10 12 1925 2096 8
12 5 7 6 3496 3531 4
6 10 9 10 1393 1472 1
10 10 14 13 1114 1188 3
8 9 13 12 3352 3528 9
9 9 5 14 859 1007 5
7 11 5 15 2951 3019 7
8 5 6 7 3227 3274 3
12 10 8 9 96 207 1
11 12 7 7 1486 1647 1
12 5 7 5 337 429 1
15 15 6 10 2548 2606 10
10 5 13 8 3035 3128 1
8 11 10 8 1971 2019 3
12 14 12 8 1715 1876 7
15 9 5 11 3581 3745 3
11 12 14 15 602 757 3
11 11 14 13 1728 1785 4
12 10 13 11 2560 2745 9
15 10 14 11 452 664 2
7 12 5 13 737 833 3
8 12 5 11 1689 1812 9
9 10 14 5 618 744 1
9 14 10 6 595 667 8
15 13 9 15 611 774 4
9 12 6 12 3706 3870 1
15 14 12 7 2454 2578 9
14 7 14 14 252 395 7
9 8 8 15 1663 1791 10
12 14 13 13 3002 3100 6
15 14 5 9 591 767 1
10 11 8 14 70 201 2
13 13 14 7 556 731 9
6 6 12 7 3171 3291 5
11 6 7 5 255 384 5
14 13 6 9 1974 2076 5
5 15 7 7 595 678 9
15 9 6 8 1600 1664 4
8 6 13 9 2873 2939 6
9 15 9 14 970 1167 1
8 14 15 10 2944 3002 2
6 9 14 10 2717 2877 4
8 5 12 13 2453 2572 5
9 7 12 10 372 512 2
11 11 15 10 3541 3723 2
11 8 12 8 2044 2214 7
11 7 7 6 2412 2519 4
6 10 8 6 913 1015 3
9 11 7 15 18 124 3
12 6 6 11 1320 1371 8
13 6 9 10 1502 1622 8
5 14 6 8 459 579 9
12 15 9 11 3476 3525 9
12 9 13 5 3150 3296 8
6 12 7 9 779 844 7
15 6 14 5 3471 3609 6
5 10 7 9 1800 1902 6
5 8 8 8 368 450 6
7 13 5 5 56 178 4
9 12 14 5 3602 3667 3
14 9 14 12 3244 3369 2
15 6 9 15 393 471 8
6 6 7 7 3014 3067 1
10 9 12 9 3219 3341 9
15 15 11 11 1775 1918 2
10 15 14 5 949 1138 8
13 12 10 14 499 645 5
10 9 7 13 333 505 6
15 11 9 8 1390 1545 1
11 10 6 6 2824 2925 1
8 14 15 11 3275 3447 4
5 12 10 11 1233 1335 1
6 14 15 10 2424 2617 3
9 12 9 5 2614 2743 2
15 14 8 15 3322 3519 3
6 5 11 10 3247 3331 1
11 15 15 6 2580 2688 1
8 10 7 6 2784 2909 8
7 10 15 9 2061 2228 7
