450
11 5 9 9 1886 1959 8
12 7 13 6 71 110 7
10 7 8 15 4095 4246 9
7 14 15 10 3339 3521 6
9 9 7 11 2529 2692 8
11 9 9 14 113 156 1
10 14 6 8 646 749 10
13 6 7 9 3226 3275 5
15 14 11 13 3423 3599 6
13 8 14 14 3611 3757 6
9 9 5 11 2876 3005 2
5 7 10 15 3808 3897 5
5 9 15 6 2574 2731 4
12 8 9 5 1424 1471 2
5 6 7 9 3730 3844 10
6 6 11 6 549 655 2
9 5 15 7 1893 1967 6
9 9 11 10 799 851 4
5 12 7 11 1152 1195 7
12 14 10 13 75 227 10
6 14 10 12 3797 3878 5
15 11 15 12 2483 2607 3
5 13 8 11 3191 3308 1
6 15 8 6 2692 2754 10
13 8 7 6 672 771 7
9 6 10 8 3380 3502 8
15 11 9 6 2688 2817 5
9 5 13 12 1532 1621 1
15 7 9 13 3716 3914 9
12 15 9 10 2480 2643 4
8 6 8 5 3420 3500 4
12 6 6 11 423 556 3
8 10 6 6 841 891 4
14 13 7 11 287 355 5
5 6 5 14 3918 3980 9
13 6 15 11 2690 2819 4
5 6 14 8 3233 3357 1
11 13 7 14 2001 2103 1
5 5 6 10 3945 3993 8
9 12 5 6 770 806 1
13 11 6 10 459 569 1
7 11 10 11 1039 1099 3
7 10 9 11 4109 4229 8
12 15 14 7 2016 2181 7
10 10 8 12 549 656 4
10 9 8 7 1045 1169 6
5 7 10 13 1924 2083 3
12 14 6 15 1047 1163 9
10 12 15 14 598 754 5
12 8 10 11 842 977 5
12 12 6 10 708 835 1
12 14 5 11 2696 2789 9
14 5 13 7 1740 1904 2
5 9 5 8 3586 3618 1
11 11 11 5 3240 3403 8
11 5 6 7 984 1082 7
11 12 5 15 740 844 1
9 12 13 10 3430 3591 10
5 5 14 14 4138 4261 6
10 9 12 9 2534 2642 8
6 12 14 9 3071 3168 4
7 13 10 15 1216 1416 5
6 7 12 14 2621 2798 9
7 13 15 6 3653 3836 4
14 7 15 7 3465 3606 4
5 13 12 7 1050 1098 6
9 7 15 13 1598 1649 1
14 14 15 11 2975 3071 7
11 5 13 11 2419 2597 4
5 13 13 14 1959 2162 5
5 9 14 15 2464 2556 3
5 12 8 14 1041 1188 3
7 5 14 13 238 339 5
8 15 15 9 1068 1205 8
9 9 10 12 2788 2905 8
6 15 8 6 2040 2189 8
15 8 9 8 2182 2349 2
13 6 12 8 713 889 10
14 11 13 5 1926 2027 10
12 13 12 8 3972 4043 6
15 14 13 6 2393 2600 1
12 15 14 13 1778 1925 9
13 15 5 12 153 293 3
6 5 9 7 640 748 2
14 11 9 12 488 654 3
8 11 7 9 3444 3530 2
14 15 8 12 231 291 6
13 5 8 9 1616 1760 3
12 8 10 12 2403 2542 6
14 8 11 7 3163 3205 5
11 6 8 13 3558 3680 9
12 8 15 7 2351 2465 8
15 14 15 9 2087 2307 2
15 14 10 11 3510 3569 1
10 6 11 5 1324 1372 3
14 11 5 6 4050 4167 8
13 11 11 7 4083 4235 3
7 14 11 15 272 375 2
15 7 9 5 662 764 5
8 14 14 7 1344 1529 9
8 12 13 5 2427 2548 1
5 8 6 5 2307 2397 10
8 6 9 8 3220 3300 5
15 11 8 12 2081 2273 3
9 12 15 10 1958 2079 2
8 14 6 9 3130 3293 9
6 7 14 12 1593 1717 7
14 12 12 7 3342 3398 5
11 6 7 9 1033 1161 1
11 5 12 9 217 308 6
10 14 14 12 1514 1581 4
5 15 9 9 2500 2576 4
15 14 13 15 2023 2118 3
11 14 15 6 191 254 6
15 13 11 13 1781 1879 4
12 11 12 15 2238 2295 6
15 14 9 6 1175 1271 4
12 10 7 10 2808 2941 6
13 11 12 14 2557 2663 5
5 9 8 11 2780 2842 4
14 12 10 6 2150 2297 5
10 9 5 8 923 956 2
9 13 11 8 3170 3279 9
15 11 5 13 985 1046 10
5 15 11 13 1496 1666 4
6 13 13 12 2216 2297 9
5 14 10 10 3915 3972 9
12 7 15 5 1288 1421 1
10 7 7 7 2547 2635 5
9 11 11 11 2867 3012 3
13 15 11 15 3793 3893 2
10 12 9 5 3323 3469 10
14 15 6 11 1939 2007 9
7 8 10 9 3870 3984 7
5 9 13 10 3272 3350 5
12 13 7 7 287 379 4
11 10 13 7 2131 2276 4
10 8 8 12 1700 1803 9
13 9 15 5 1289 1464 2
11 7 5 7 2414 2453 6
8 7 9 6 1148 1283 10
14 13 14 8 3094 3252 3
14 7 15 10 121 181 8
13 9 10 5 451 532 2
5 15 11 6 2741 2824 1
14 5 8 6 253 358 8
6 10 15 13 253 339 10
14 6 14 13 3881 4092 4
13 14 7 11 287 458 4
14 14 12 12 3622 3735 4
7 15 13 15 4048 4098 7
6 15 5 5 226 301 10
11 7 15 13 1860 2053 6
14 7 9 8 3920 4087 10
10 12 8 12 3537 3641 1
13 7 12 11 2867 2987 8
13 8 15 10 3073 3165 1
15 14 9 5 2373 2432 9
13 11 8 9 3839 3882 10
12 10 15 14 760 900 4
8 8 11 15 1700 1853 6
14 9 7 15 2613 2794 1
8 9 15 12 1582 1726 4
13 13 14 8 1601 1664 7
14 14 11 11 2036 2120 2
9 7 5 13 722 792 2
15 13 11 5 2327 2427 2
12 12 12 9 2909 3053 4
13 14 8 15 2524 2718 5
8 8 14 6 4205 4361 8
5 14 10 9 2473 2542 8
6 13 14 7 1235 1329 2
11 12 12 7 2417 2471 8
8 7 14 8 2025 2091 5
5 5 11 11 1148 1256 2
9 5 8 15 1718 1799 3
13 8 14 6 4133 4195 9
10 15 6 6 3867 3990 9
10 10 14 12 3861 4032 7
14 6 15 5 55 140 9
11 15 8 6 1509 1630 1
15 13 8 8 2849 2965 6
6 14 14 11 678 849 5
10 14 5 11 1283 1336 4
15 14 12 5 3524 3674 3
5 8 9 14 2465 2589 1
5 5 5 10 1242 1300 5
5 11 13 14 3608 3794 7
15 8 10 11 3681 3841 2
6 6 9 5 3179 3212 6
10 12 12 10 811 861 10
6 7 11 11 4025 4131 4
15 11 9 9 1 63 2
13 8 11 13 4178 4337 6
13 9 7 9 3005 3105 7
14 11 9 12 4075 4258 4
12 13 7 5 3011 3120 1
5 14 15 15 2587 2655 7
7 8 9 10 1420 1545 2
5 13 15 10 2988 3081 1
10 15 9 5 2744 2917 7
14 7 7 6 3108 3152 5
7 11 9 5 3021 3061 8
7 13 6 6 1286 1397 1
11 11 14 9 4037 4220 10
10 14 10 8 1961 2122 1
10 10 13 5 1596 1691 7
13 6 9 15 584 739 3
8 13 11 13 3868 3999 3
15 8 14 7 1960 2097 2
8 5 7 13 3182 3219 10
10 5 14 8 1238 1300 2
12 11 14 8 254 301 3
7 10 10 8 4142 4188 1
6 8 11 8 3814 3902 7
13 12 14 8 3155 3364 4
7 6 12 8 251 288 4
12 8 6 10 3893 3948 1
14 11 12 7 2443 2566 2
8 12 14 5 2627 2726 8
9 10 12 14 3664 3841 7
7 11 9 12 2592 2738 8
14 13 15 11 3240 3471 8
8 12 6 12 3456 3514 8
15 15 6 15 4055 4138 9
7 5 7 11 3211 3251 4
14 8 10 13 707 769 10
14 15 8 13 1544 1709 10
5 9 11 7 814 860 3
7 7 15 10 1279 1339 8
10 14 14 7 355 558 6
11 10 10 15 1484 1585 1
5 9 7 8 605 702 5
7 10 12 13 1056 1135 4
10 6 14 15 3999 4195 10
14 7 15 8 2740 2795 10
5 11 10 5 4008 4099 3
11 14 7 10 1791 1896 2
7 15 9 12 3616 3785 10
8 7 11 9 2325 2413 4
11 9 15 6 2342 2438 6
13 12 5 8 547 589 10
10 8 8 8 3653 3801 8
7 15 13 13 3428 3515 4
14 7 12 6 3506 3622 3
9 10 10 5 3824 3929 10
6 7 9 15 408 479 6
10 10 7 11 3407 3542 2
13 9 9 14 832 933 5
13 13 13 12 1282 1400 6
6 7 14 15 3993 4070 9
7 9 8 5 3125 3231 3
13 11 14 11 219 270 8
11 12 13 6 3550 3637 5
13 7 6 8 1087 1178 2
14 8 14 7 2850 2926 9
6 14 7 12 2300 2396 6
12 13 6 5 3235 3337 9
8 7 9 10 464 609 7
11 7 7 10 2067 2149 5
10 15 15 7 2923 3107 6
14 6 9 7 2165 2273 2
6 7 6 9 3420 3548 2
5 5 6 13 2490 2528 2
13 10 13 7 2808 2865 5
10 14 12 6 133 276 5
7 11 9 14 2649 2759 7
5 12 7 8 1244 1304 5
10 15 5 9 4155 4218 1
8 8 8 13 420 570 3
12 5 7 9 485 636 10
8 11 10 15 1889 2088 1
12 9 9 13 3395 3448 6
14 14 6 7 2947 3005 9
11 14 13 5 3989 4146 5
8 14 15 9 2221 2318 5
15 5 9 12 1196 1328 8
14 11 8 11 2925 3109 8
5 11 15 14 327 432 4
12 13 14 11 2591 2746 2
13 5 9 5 3803 3945 9
10 12 5 8 3925 3986 6
7 8 13 8 2022 2186 10
6 8 10 15 275 367 1
15 5 9 7 254 321 7
8 6 15 5 821 887 4
6 11 11 15 1929 1998 9
9 10 11 13 262 454 3
10 5 9 8 3352 3413 5
11 5 14 15 2964 3014 2
7 14 14 15 1131 1185 3
8 7 9 8 3706 3828 4
13 13 12 14 554 777 2
12 13 15 8 1716 1817 6
12 6 14 12 1266 1446 9
15 6 8 12 2227 2304 6
13 9 10 8 2689 2854 7
14 10 6 9 14 135 4
7 6 8 6 3140 3227 6
6 11 14 15 1350 1483 9
15 8 10 11 2997 3101 1
12 6 10 6 1973 2053 6
9 14 9 6 3915 4009 5
8 10 8 7 1205 1276 4
15 8 15 9 2721 2776 1
5 11 13 8 2712 2822 8
7 5 14 13 87 193 3
14 6 12 6 2001 2085 4
12 11 7 15 3801 3888 9
11 11 15 15 2801 2880 9
5 10 5 15 1003 1155 6
15 11 8 15 3704 3838 4
15 14 10 5 1520 1720 7
11 14 12 15 2337 2427 5
7 14 15 13 3188 3306 8
12 7 14 6 4083 4133 4
9 10 11 9 1665 1831 7
6 9 7 7 517 598 10
5 9 15 7 2062 2115 6
7 8 13 15 2116 2236 8
5 11 13 7 3858 3904 3
9 14 15 12 981 1110 3
14 7 13 6 3038 3204 6
10 8 5 9 3357 3460 3
6 11 15 11 2310 2393 7
12 7 5 11 2540 2598 4
13 8 7 13 629 763 9
5 12 9 7 1201 1321 8
10 10 15 8 2387 2504 8
11 8 12 12 3549 3640 5
14 13 15 11 4105 4344 10
12 13 10 6 502 629 2
7 10 15 11 2810 2977 4
14 15 7 9 1287 1384 1
5 11 7 8 195 301 6
8 11 14 5 313 462 8
11 12 7 7 1275 1354 5
8 7 12 13 2648 2726 1
7 15 6 7 914 1025 1
5 11 10 13 3422 3519 9
14 10 14 14 4137 4279 2
15 10 14 12 578 754 6
15 7 7 15 300 352 6
14 10 13 15 1669 1844 2
9 8 12 9 284 404 3
7 5 12 12 1830 1943 10
6 8 10 14 3703 3862 1
5 5 15 8 1514 1647 8
9 10 5 9 185 255 4
13 5 5 5 2361 2452 1
9 6 14 7 1802 1908 3
15 8 9 12 1667 1745 8
8 10 7 14 103 219 9
9 7 10 10 3276 3394 8
13 9 13 13 204 359 8
8 6 7 15 3526 3610 4
15 7 15 13 3664 3734 7
5 6 10 9 94 191 8
8 12 15 5 2370 2457 8
7 15 14 14 3643 3722 3
9 10 15 9 1486 1670 2
9 14 12 7 2449 2608 8
10 7 5 7 1055 1099 9
15 12 6 5 611 753 8
5 15 11 15 4195 4306 5
15 5 15 8 314 368 7
10 15 8 8 2031 2158 5
6 9 13 10 82 181 8
12 15 5 14 1913 1980 5
10 14 13 10 3994 4141 7
9 9 14 12 2396 2508 3
8 9 11 14 1946 2067 8
5 8 5 8 2833 2931 2
10 9 12 8 3123 3229 8
13 8 15 6 2724 2903 3
11 8 14 6 1580 1698 2
11 13 14 7 117 194 8
7 5 7 8 3572 3615 2
15 8 15 12 1244 1381 3
6 8 10 6 2135 2193 6
6 14 15 8 134 311 7
13 13 10 7 3950 4128 8
12 14 12 5 586 666 5
11 11 14 8 1879 1933 4
8 7 8 11 1204 1339 3
14 12 15 11 57 261 7
14 8 6 6 3769 3805 9
14 7 5 12 3426 3576 9
12 14 11 14 3383 3438 4
6 12 9 12 2783 2937 9
10 5 14 12 1918 2070 4
11 14 11 10 874 1067 9
7 9 9 12 1572 1731 10
12 6 5 12 3735 3840 4
6 11 9 9 2044 2148 3
7 13 6 5 2215 2301 2
13 6 15 9 2449 2535 8
12 14 14 14 1387 1536 1
11 14 7 8 3685 3815 1
12 10 12 6 972 1105 2
6 10 7 13 3221 3321 6
8 11 12 10 3151 3239 4
5 13 14 6 2090 2168 6
14 13 6 10 1000 1196 1
5 10 7 6 1632 1686 10
14 10 8 14 792 942 10
11 14 15 5 3187 3232 1
5 7 13 10 1417 1560 10
11 8 15 5 2088 2148 5
13 6 14 15 498 644 9
6 5 8 6 1862 1943 3
14 13 5 11 2355 2499 9
12 10 15 10 3920 4038 8
13 14 12 5 2388 2467 7
9 13 14 6 1789 1894 5
13 12 15 14 87 256 4
11 15 6 13 2297 2491 10
14 8 8 13 2627 2788 8
12 8 7 7 1198 1350 8
15 15 6 15 545 599 8
14 5 13 15 3930 4035 9
9 10 6 5 2886 3000 6
15 10 8 8 3291 3339 9
12 11 8 13 339 510 6
13 5 10 12 394 487 4
6 6 9 14 231 333 6
8 9 8 15 1881 2049 3
7 5 13 12 2237 2366 3
12 15 10 8 1658 1759 2
10 13 13 14 3122 3185 2
12 14 13 13 3057 3262 6
15 9 12 11 320 496 7
7 13 7 12 1119 1181 10
13 10 11 11 1183 1309 9
11 12 6 5 2903 3024 10
7 8 12 8 508 620 3
6 14 7 9 1746 1900 6
7 13 7 12 1216 1385 1
10 9 13 7 417 506 1
11 14 10 10 2240 2301 5
15 5 9 13 1363 1482 5
13 15 7 12 1263 1311 4
5 15 13 14 2877 3013 4
15 13 15 15 1686 1773 3
6 12 10 15 499 654 9
14 12 8 6 3015 3183 5
8 15 9 12 2070 2126 10
6 8 6 14 1986 2105 7
6 8 6 9 3418 3515 10
6 6 7 8 1184 1302 2
