500
51 54 84 61 3636 4062 91
74 11 55 36 1026 1482 7
42 43 18 94 2725 3147 24
94 91 9 62 3557 3981 38
99 86 98 86 5703 6169 78
39 26 40 90 4944 5544 68
27 4 24 79 4340 4880 84
72 91 100 7 937 1479 16
3 65 58 97 830 1258 90
94 95 6 98 4216 4990 58
3 76 19 23 4602 5112 7
82 60 84 88 5386 5996 65
95 80 3 15 5868 6584 89
66 79 85 45 58 780 86
25 58 4 52 3394 3958 24
54 72 68 49 3312 4036 49
87 8 78 26 4391 4863 39
24 59 77 11 2598 3126 90
88 78 57 32 2513 3131 23
7 84 29 61 5283 5947 86
63 1 48 20 1819 2323 84
78 85 100 19 43 625 2
43 75 93 25 4470 4938 25
19 79 52 44 5487 6285 37
80 55 28 41 3499 4117 91
92 73 53 69 4472 5162 93
86 12 53 34 5384 6034 98
74 64 51 46 2196 2652 24
88 87 48 46 1065 1795 6
61 36 37 44 5796 6390 26
47 73 97 86 30 510 75
94 34 54 18 495 993 3
67 15 71 89 2724 3258 62
11 89 91 11 1093 1699 40
16 84 46 79 5176 5840 41
93 23 20 89 4955 5371 63
40 19 17 71 5152 5632 31
27 62 80 81 3939 4345 23
44 32 63 14 5545 6197 41
32 18 3 15 3815 4455 93
23 61 19 93 4300 4832 67
54 87 87 95 5456 6048 25
42 92 77 47 743 1167 9
1 79 78 39 2753 3529 56
7 52 25 47 980 1524 23
77 12 80 75 693 1349 31
51 40 48 98 932 1640 31
79 48 58 38 3764 4470 38
32 83 100 23 2290 2796 65
80 62 93 79 5118 5860 96
86 97 19 10 3019 3553 35
62 75 92 34 397 1071 71
63 72 70 54 3522 3976 94
64 35 86 41 3744 4180 89
83 18 29 92 1412 1960 17
47 45 85 69 4905 5673 4
8 64 89 79 796 1448 28
2 26 40 5 195 917 37
62 20 32 21 2639 3405 23
48 62 4 52 3864 4304 21
26 13 40 28 3171 3797 6
51 43 84 62 3980 4708 14
59 26 51 18 666 1248 8
90 13 46 15 856 1544 84
41 68 10 36 1602 2282 95
53 53 17 9 4019 4731 95
34 25 22 79 3057 3471 83
17 69 47 68 3176 3578 44
66 71 13 37 4333 4971 43
51 55 92 22 3471 3915 66
22 57 37 79 5907 6483 88
54 74 76 4 3564 4256 58
69 23 71 13 4978 5774 66
48 100 48 19 2449 3103 48
23 19 62 47 99 669 69
89 52 88 72 4180 4902 97
12 94 43 12 1931 2445 35
80 26 40 21 5025 5737 96
76 68 63 87 1755 2349 95
48 74 22 18 1990 2654 18
79 15 3 48 2119 2709 25
45 67 18 85 3832 4550 84
31 3 49 31 3550 4276 89
35 96 62 33 2788 3588 1
12 56 91 73 5576 6348 22
38 60 52 6 5662 6110 29
57 94 62 17 3488 4056 92
56 86 32 63 255 769 56
46 44 57 33 1868 2500 4
46 6 46 61 41 675 27
74 33 69 48 956 1384 33
24 89 46 2 587 1233 66
8 84 84 22 5366 6082 60
60 69 7 21 1147 1947 74
2 28 88 61 3518 4164 2
97 20 58 70 4845 5633 44
79 2 25 8 1834 2438 32
50 18 32 13 2228 2888 89
44 3 90 99 4586 5272 40
68 49 8 98 5957 6517 37
74 40 84 93 585 1001 67
70 16 29 96 5779 6535 45
96 88 4 71 3262 3700 81
47 4 19 6 4287 4979 52
88 78 64 65 2513 3239 37
64 59 33 28 5910 6538 59
44 52 58 15 121 737 16
89 56 62 29 2357 2821 53
44 88 40 54 1427 2165 8
33 37 34 15 4652 5418 72
37 49 79 30 4596 5044 94
29 55 34 71 2091 2707 7
90 36 91 14 2419 3021 47
83 45 38 19 205 639 79
29 21 77 62 1749 2475 40
41 95 46 33 130 860 7
72 23 77 35 5246 5990 53
82 2 62 92 2056 2784 51
3 55 69 88 4277 4797 42
84 87 41 85 4065 4563 59
30 13 33 44 5310 6052 89
41 15 79 4 1762 2404 98
68 23 51 91 5674 6304 74
88 87 52 100 4059 4693 66
56 81 36 54 1973 2487 80
65 57 98 6 5815 6393 95
91 28 51 86 4211 4691 29
18 1 77 80 5011 5411 18
6 56 25 75 2029 2437 29
67 21 20 23 743 1211 7
66 8 39 46 4306 5026 87
76 43 21 18 3725 4293 33
1 81 47 30 3156 3892 9
51 27 29 77 5531 6071 44
20 99 65 41 2173 2617 69
2 89 63 20 3449 3951 55
23 83 24 23 4757 5271 17
66 82 32 46 5980 6542 60
18 77 50 57 3228 3856 59
21 72 13 35 468 1176 83
75 82 89 97 4332 4792 74
75 9 52 20 682 1326 6
72 82 25 78 5509 6253 41
70 22 67 39 2881 3333 86
42 5 59 84 2168 2842 30
49 71 10 72 4087 4697 93
14 92 58 25 5368 5904 52
46 97 57 21 2232 2760 49
42 40 100 100 3256 3758 75
86 25 52 8 923 1679 95
12 46 23 9 1873 2337 92
98 13 83 32 661 1335 77
67 83 18 51 5058 5564 61
37 88 96 21 3165 3933 5
22 85 76 4 124 832 42
6 71 14 99 282 850 15
1 76 63 76 730 1242 90
62 38 62 97 4515 5289 2
23 38 74 48 2686 3286 40
71 55 54 9 2500 3068 70
68 50 96 35 5255 5721 91
76 23 13 81 487 1135 40
73 51 36 55 4401 5055 11
75 3 36 74 63 705 78
67 96 95 58 4243 4687 45
18 64 23 4 404 996 35
50 5 79 61 2470 2918 98
31 4 58 29 1497 1961 64
28 24 85 7 459 1227 53
89 74 33 73 5060 5502 98
25 40 97 31 992 1524 82
53 70 9 59 4972 5582 33
93 91 8 67 3825 4479 46
83 71 21 4 2065 2773 84
28 55 45 10 5245 5681 43
2 7 55 83 5504 6044 6
77 46 13 72 5707 6209 13
69 38 52 42 5101 5619 66
95 87 100 51 2116 2576 14
66 14 35 34 2046 2516 67
40 80 72 71 683 1443 100
45 31 9 47 517 1245 60
79 82 77 28 65 603 24
82 64 89 65 34 590 79
96 17 34 80 343 1017 72
89 52 71 3 279 1077 92
40 70 82 43 1887 2527 8
11 85 5 43 83 717 67
68 44 76 1 3923 4547 91
68 33 98 36 517 1161 49
35 54 75 32 4689 5233 43
28 73 22 26 235 823 94
5 19 25 14 160 796 99
78 6 96 73 4981 5539 70
32 97 33 77 508 1108 60
17 75 32 77 5609 6041 98
83 98 65 51 83 609 45
38 95 58 41 5534 6146 76
1 7 53 17 192 628 43
89 48 29 48 1123 1803 53
47 80 17 50 2201 2859 47
78 7 45 12 1272 1762 81
1 44 38 32 5747 6537 46
37 20 11 65 3435 4137 7
83 7 65 17 2053 2637 62
87 53 34 32 1295 1803 100
84 36 63 6 5154 5598 47
86 22 64 81 3905 4675 21
62 24 6 4 1233 1973 91
32 86 32 30 765 1477 43
55 54 72 26 5368 5774 75
96 38 17 35 4722 5334 58
4 46 45 5 5776 6506 78
95 8 81 42 148 824 69
43 54 89 53 4579 5035 96
97 46 51 11 1446 2210 94
58 66 65 56 4420 4856 78
80 97 85 42 2107 2811 8
50 2 58 15 2017 2683 72
61 23 13 66 5425 5855 84
42 52 53 37 3499 3911 88
55 17 15 12 5519 6251 55
46 10 60 43 3024 3512 54
76 93 75 19 5786 6236 14
55 82 92 5 1034 1568 86
95 22 43 78 3001 3643 10
72 34 1 31 2925 3665 65
25 98 66 77 4902 5602 23
25 24 22 91 3955 4585 21
81 28 27 28 236 766 40
64 45 87 85 640 1282 13
50 46 62 17 1722 2184 86
89 25 34 84 5670 6114 22
37 77 86 50 3634 4142 40
55 89 17 60 4648 5364 92
33 46 76 25 868 1406 9
81 84 4 90 83 757 4
45 10 28 97 5856 6268 35
96 57 9 23 1999 2635 32
72 44 29 54 1383 1951 50
57 7 95 56 549 1215 18
74 94 13 33 4657 5397 1
88 43 70 57 3899 4559 91
25 65 17 2 4697 5131 35
91 88 74 17 4220 4772 41
41 75 62 32 2445 3107 31
84 56 66 55 5914 6532 25
52 13 46 22 5803 6339 17
40 82 61 28 4256 4730 29
29 15 66 70 745 1303 62
36 22 16 42 3043 3525 22
77 13 93 64 3743 4273 59
57 50 50 35 428 870 21
32 44 16 49 959 1435 16
66 61 82 81 1920 2534 43
72 16 36 1 3725 4309 33
67 11 30 74 4774 5340 20
51 39 41 56 5364 6128 62
56 92 84 18 2912 3390 52
33 2 91 26 4764 5338 38
14 85 85 90 5942 6520 93
19 98 14 21 4359 4989 23
21 90 33 70 5163 5769 30
71 3 53 45 4738 5326 31
53 15 17 97 1378 2012 60
31 4 8 90 5650 6132 59
65 49 58 94 2587 3247 70
50 29 69 29 3645 4417 9
33 57 67 41 4858 5624 56
4 72 48 36 1191 1797 45
6 30 94 30 3485 4199 69
4 4 83 4 5609 6383 52
38 51 3 38 2753 3271 17
50 4 73 47 4495 5245 49
81 83 33 83 4211 4691 79
93 41 76 27 5921 6331 41
67 79 8 71 1115 1831 78
65 24 42 70 5514 6172 30
91 68 87 100 5971 6651 38
37 13 80 69 1963 2683 43
24 52 82 66 369 933 54
96 22 43 80 3520 4004 79
63 29 57 47 3419 4151 9
18 37 13 94 2674 3338 6
66 74 30 54 3270 3812 25
13 23 75 77 5102 5528 23
7 18 38 78 4167 4795 85
32 50 73 69 455 985 91
90 51 79 38 2076 2746 60
19 79 3 47 3256 4012 7
31 3 66 49 1425 1931 1
51 29 50 5 2099 2673 21
58 23 69 34 1293 2077 30
22 63 2 15 2708 3386 28
20 70 40 73 912 1394 3
92 63 21 95 5188 5946 47
61 67 72 70 1971 2517 86
15 52 22 96 4302 4990 53
16 92 28 6 2799 3299 9
8 88 54 77 2250 2772 74
3 30 41 90 2635 3333 26
1 67 6 50 2226 2910 50
4 25 12 32 2588 3202 2
81 30 30 2 1303 1897 72
40 57 66 6 2686 3338 53
70 58 42 92 2837 3595 26
9 38 4 65 2757 3343 30
2 10 4 96 3020 3458 82
52 92 84 81 2066 2812 94
75 44 25 23 748 1402 40
52 23 45 96 4346 5104 93
23 9 25 14 1201 1959 36
33 82 44 12 368 1082 43
45 70 73 77 4653 5243 42
29 68 88 50 1059 1767 34
8 78 58 75 1445 1867 56
95 60 9 5 3613 4343 93
75 19 18 16 975 1419 9
54 73 41 48 2111 2713 25
85 10 10 85 1692 2142 40
18 4 44 53 3850 4434 56
46 26 10 72 226 708 78
2 61 28 19 5112 5664 51
68 75 75 16 2101 2785 1
19 18 49 64 1405 1837 63
48 23 1 51 1274 1786 94
7 58 26 37 5529 6105 60
33 76 93 34 740 1368 37
55 56 67 25 1376 1998 64
83 5 52 46 873 1527 60
1 29 3 66 3151 3579 10
10 39 57 41 5161 5779 88
2 85 58 74 9 807 2
28 27 68 38 683 1309 31
25 40 98 13 1258 2018 65
92 29 27 76 370 816 94
4 49 80 9 635 1113 64
86 44 86 31 4040 4632 96
100 29 31 18 2182 2740 17
9 14 63 26 2107 2579 98
82 97 33 89 1217 1759 78
37 56 42 44 2268 2694 65
81 53 56 65 319 889 95
47 20 5 55 302 858 89
61 46 33 40 205 741 77
49 15 36 19 1054 1784 62
74 66 85 22 2858 3332 73
88 30 49 5 131 825 20
96 41 56 23 358 840 43
37 73 61 30 2537 3265 51
79 15 64 37 5325 6027 78
86 68 19 84 2386 2894 72
60 92 35 16 5456 6028 53
94 79 37 84 4813 5591 64
58 15 43 95 1181 1673 74
80 35 50 86 687 1133 91
83 55 31 7 2811 3417 66
5 71 57 99 901 1671 32
68 45 98 20 3165 3863 98
93 63 95 65 963 1423 71
95 85 27 22 1557 2135 58
58 52 32 84 5691 6159 10
66 66 94 44 2790 3206 82
92 81 70 72 3753 4277 16
43 84 73 42 1954 2608 63
95 50 90 85 5347 6143 20
73 95 51 39 2762 3194 51
1 34 16 78 4472 4908 67
18 91 36 84 4895 5509 92
77 9 49 76 1899 2423 99
12 75 16 98 5766 6298 23
70 39 86 40 4787 5201 76
25 73 74 77 335 1127 49
15 81 33 17 4305 5069 51
52 46 90 77 720 1142 52
26 84 37 96 1253 1845 76
96 5 30 37 4060 4492 51
58 73 37 4 1574 2106 97
13 69 45 34 4220 5000 59
82 9 76 4 1216 1718 24
1 18 94 36 5786 6536 76
34 13 49 58 2124 2676 39
36 94 65 69 484 1066 16
69 41 15 48 1213 1889 26
6 94 80 34 1269 1969 6
13 74 49 92 71 631 31
41 6 29 12 5874 6598 94
85 57 95 44 4520 5212 30
88 39 8 6 5908 6586 10
51 39 81 77 3867 4359 28
14 78 61 12 858 1366 18
12 47 63 70 3679 4177 68
1 56 99 84 1051 1645 87
65 65 47 41 1777 2321 80
92 48 20 99 5819 6297 42
89 48 82 93 818 1558 42
13 89 39 35 2654 3396 57
94 52 57 84 579 1201 75
27 39 82 92 1053 1805 4
32 50 19 15 1031 1673 84
2 76 19 55 4442 4938 96
77 80 72 95 2360 3160 29
90 39 11 17 5902 6542 51
93 93 69 91 1307 1731 50
29 38 97 54 1884 2354 93
6 62 15 49 5333 5785 26
5 28 45 52 1838 2580 36
21 31 31 89 4534 5172 33
1 80 5 78 5950 6666 75
35 59 43 56 1259 1923 4
83 59 77 35 1747 2499 84
51 13 88 80 5115 5887 72
45 1 64 60 2770 3544 86
61 79 8 20 4070 4598 14
6 10 67 40 334 988 88
91 93 26 59 4235 4791 79
78 58 75 83 1989 2725 89
36 88 56 34 5792 6540 23
36 92 66 29 516 1274 66
15 49 27 60 2646 3194 59
67 12 78 35 4832 5352 94
35 88 49 57 1604 2184 60
90 35 61 3 3603 4063 47
95 20 45 79 1756 2328 74
100 36 55 5 5327 5737 17
29 64 13 56 5279 5981 14
71 29 1 77 4131 4595 59
77 89 58 42 2478 3182 7
19 58 45 44 4125 4611 85
84 66 48 75 3288 4054 14
68 7 90 80 2064 2648 22
34 58 58 85 4544 5196 67
31 30 27 55 933 1705 24
87 53 55 23 3105 3901 9
57 83 71 86 3213 3703 100
1 25 52 46 4577 4991 5
50 100 90 78 386 928 53
85 36 53 96 2922 3336 82
73 21 57 9 1472 2084 65
78 16 46 28 1557 2257 54
33 42 85 67 3317 3847 53
72 64 17 93 454 952 13
69 6 95 12 1555 2249 47
97 32 94 31 1270 1764 44
8 96 35 51 2679 3391 60
48 21 39 70 4526 5134 26
49 6 77 58 3430 3832 67
45 10 95 46 4459 5051 7
70 88 85 64 4591 5303 47
72 15 83 41 732 1426 67
56 58 18 68 3064 3590 17
91 73 70 15 3120 3738 10
53 26 61 36 5269 6069 31
73 27 38 78 5497 6275 71
84 75 67 48 3255 4049 85
91 18 74 65 3866 4288 28
25 39 23 17 2749 3187 36
69 78 76 51 3411 4093 41
80 52 80 18 835 1443 12
78 41 47 27 4955 5475 63
42 51 47 21 4772 5494 61
6 86 79 67 3736 4416 15
42 63 66 76 1750 2410 4
16 71 37 87 3924 4690 93
87 96 13 25 5713 6279 31
34 63 30 70 4169 4629 96
80 37 12 29 4014 4600 58
30 76 44 23 4244 4734 14
12 39 32 34 1745 2267 11
73 12 52 16 3441 3877 15
18 67 56 69 3508 3974 75
43 73 60 51 2444 2868 57
72 67 54 89 2148 2606 80
89 100 67 86 1580 2106 38
4 44 12 17 1840 2380 12
59 25 75 44 1561 2057 91
95 73 7 49 2507 2939 64
7 99 27 9 1907 2635 62
17 70 42 79 4783 5497 61
78 95 17 75 4432 5190 67
75 31 81 49 5650 6216 67
81 80 30 12 5280 6074 97
65 78 12 34 5294 5696 31
28 5 10 5 4000 4572 55
9 70 24 26 578 1362 88
7 14 64 49 2597 3023 29
20 87 67 76 5872 6596 13
79 24 85 62 16 814 18
97 85 62 6 1175 1819 3
61 56 83 16 4452 5030 35
55 10 55 61 956 1754 32
70 97 16 41 3848 4388 38
90 62 65 41 2777 3407 52
29 68 75 63 4692 5214 8
33 34 10 72 4938 5614 42
57 51 10 70 3852 4652 56
91 76 31 72 1718 2200 49
84 85 82 36 1414 2074 75
94 47 31 48 3716 4204 42
65 64 81 8 3557 4011 72
