350
116 122 1 156 44 51 10
117 111 54 37 84 204 8
17 38 90 61 298 508 6
103 161 91 13 331 360 3
160 142 23 35 277 821 6
66 93 148 91 103 107 4
140 78 117 6 296 622 9
64 38 160 115 142 263 9
127 83 29 18 302 898 8
135 42 3 111 321 839 4
87 111 116 97 337 471 5
167 46 46 78 276 580 4
81 157 103 130 24 57 9
34 18 175 129 142 314 9
53 48 18 78 167 318 4
41 18 49 19 13 28 2
94 150 89 25 331 646 8
62 161 112 92 85 238 6
9 2 149 108 118 221 3
38 120 6 126 274 379 9
103 56 125 135 102 107 10
61 95 104 132 127 155 9
89 58 69 95 47 113 8
36 136 20 99 8 9 3
84 100 112 19 97 193 2
101 124 104 35 10 20 4
148 130 48 48 244 622 9
80 96 153 126 284 831 8
92 171 96 25 190 490 8
63 158 50 86 275 540 1
119 130 165 16 66 120 7
86 138 77 26 335 724 9
42 36 35 22 68 174 10
79 37 138 101 36 108 8
60 42 145 133 241 264 5
136 160 12 51 105 245 8
50 134 39 54 65 84 2
117 161 144 17 33 35 4
101 130 106 174 162 229 10
9 95 49 3 226 405 9
14 161 159 173 291 861 6
174 153 142 40 2 6 3
90 20 64 97 194 433 10
100 19 173 143 304 464 6
154 16 1 31 327 827 7
118 58 140 116 268 304 6
64 125 66 84 175 423 4
74 67 6 160 324 861 8
174 141 80 173 211 570 3
163 146 88 162 159 414 3
80 80 63 52 32 96 5
42 40 62 175 265 477 7
105 104 98 8 85 224 10
5 175 119 111 130 318 5
133 125 33 110 106 234 6
90 14 37 3 84 162 1
114 4 74 156 95 208 8
76 39 7 122 132 271 2
33 121 40 105 167 414 3
69 137 1 101 62 123 6
88 144 122 148 52 82 3
41 26 174 157 220 654 4
168 27 52 105 251 467 8
75 167 30 157 69 175 7
141 6 12 51 150 220 6
115 48 78 165 274 392 4
7 78 139 100 45 46 5
85 171 90 163 182 402 7
10 9 95 155 206 226 4
79 3 144 12 317 429 1
45 93 14 70 263 638 6
141 23 58 123 172 319 6
122 2 173 21 92 209 5
70 103 13 116 271 699 5
168 50 29 107 318 393 5
91 119 82 29 115 263 7
119 79 122 121 253 291 1
12 175 151 116 122 353 10
162 160 140 160 94 150 2
9 12 68 104 328 518 6
139 82 13 82 142 178 3
141 77 168 95 263 560 8
14 3 125 169 199 245 1
70 64 96 68 223 237 5
60 135 159 132 16 48 1
7 43 117 173 252 637 5
146 66 30 163 9 9 7
163 78 67 5 197 499 7
167 47 67 28 107 228 9
41 64 109 171 199 327 3
7 59 88 155 61 173 4
87 25 107 51 335 865 4
153 75 25 92 122 215 5
116 168 74 98 184 475 2
108 171 96 161 185 357 4
147 151 106 167 291 336 3
8 63 96 110 316 444 4
73 9 16 33 127 294 8
155 46 45 6 280 536 5
117 174 109 80 338 944 3
87 135 43 2 145 191 6
14 120 145 78 144 254 1
175 6 119 134 89 179 9
99 130 163 137 120 349 5
60 55 44 117 244 634 6
174 52 106 45 130 354 9
92 34 100 65 218 257 2
34 175 26 145 274 584 8
124 10 164 21 342 553 3
154 158 164 151 54 109 9
13 103 69 38 156 311 10
170 131 88 166 188 541 4
79 57 18 163 107 230 5
126 170 145 132 9 26 10
104 163 26 34 274 345 4
102 72 123 98 68 179 6
69 124 105 91 227 419 9
117 98 136 102 269 625 8
44 113 165 15 187 449 5
67 166 104 98 78 199 10
164 117 54 38 52 55 5
21 112 167 84 146 321 1
126 151 25 62 261 679 5
138 71 26 141 44 50 3
140 128 102 125 213 318 5
133 24 105 99 86 175 4
72 38 12 44 161 413 8
76 171 116 144 108 249 9
39 3 60 106 207 596 8
74 134 151 20 175 517 8
102 73 66 145 171 384 2
9 125 100 115 292 576 10
105 121 26 15 174 496 4
164 31 131 17 247 711 7
159 156 106 162 134 141 1
138 154 98 151 303 782 6
106 9 35 94 82 139 6
27 79 137 36 255 724 5
59 6 158 27 204 493 5
115 54 111 43 23 55 2
127 51 9 174 80 117 4
74 76 103 102 222 425 4
6 167 59 25 38 46 6
157 164 27 1 109 147 6
73 136 91 90 170 233 2
148 17 44 77 18 53 8
27 106 163 7 250 488 4
173 72 92 124 120 330 6
132 33 94 26 4 8 1
22 154 108 82 258 540 7
109 138 109 69 197 527 1
9 95 79 105 221 307 7
128 71 28 136 196 331 8
136 150 127 55 62 113 10
32 155 141 3 136 327 1
59 41 149 12 279 594 5
132 47 109 105 201 577 1
54 33 1 82 147 309 2
27 41 85 59 102 241 1
52 170 108 3 341 708 3
147 71 125 81 251 389 7
25 162 138 77 333 795 3
173 81 16 162 4 11 9
91 175 118 49 74 158 9
96 37 148 151 314 519 4
59 167 99 162 320 674 3
155 161 136 99 67 188 5
21 71 29 135 17 51 5
86 38 74 55 339 476 6
42 4 113 49 315 540 4
21 29 134 171 331 554 6
122 66 50 83 155 313 8
25 165 9 12 225 564 4
47 151 101 131 48 76 3
158 26 174 123 227 604 2
68 26 83 44 279 528 5
163 53 19 28 100 172 8
64 28 129 96 35 84 5
128 64 42 112 56 116 3
92 17 175 36 206 401 4
161 114 72 66 257 371 3
70 124 41 102 264 381 5
22 159 139 14 268 774 8
43 109 49 56 225 552 9
65 164 145 83 114 168 1
30 132 110 43 278 764 5
7 59 13 34 290 363 3
111 93 112 101 322 631 3
55 161 134 82 209 489 5
157 55 161 134 218 596 3
3 161 149 144 64 90 2
110 155 44 11 141 271 7
168 165 129 37 186 427 10
89 33 7 49 2 6 10
128 56 8 27 168 308 8
46 110 102 112 148 351 7
73 116 133 171 84 247 10
78 22 10 24 67 161 9
155 77 141 166 31 86 4
15 90 38 12 177 212 5
93 24 54 66 230 619 5
89 24 109 156 338 362 10
3 95 54 152 245 465 5
63 109 92 146 253 659 5
104 46 100 68 91 260 5
161 131 148 107 100 234 7
136 78 44 47 15 20 3
20 86 155 72 312 376 8
96 120 59 64 131 282 1
151 137 93 60 51 102 10
154 162 86 112 2 6 9
175 131 76 142 27 68 5
124 113 163 16 218 504 5
127 7 168 42 296 456 1
160 15 44 86 344 776 10
17 57 36 154 87 148 3
141 26 172 88 221 407 8
39 132 133 8 228 504 3
172 168 142 66 235 566 5
17 156 49 171 100 168 1
13 15 72 130 72 107 8
14 156 119 18 127 199 10
9 53 133 157 191 396 6
155 112 121 66 231 642 4
84 44 5 122 339 979 8
91 175 157 172 16 16 1
38 154 103 37 284 727 10
17 2 25 99 180 315 2
9 143 6 96 282 397 5
106 30 102 68 136 186 4
167 38 48 154 88 263 7
101 22 68 59 320 389 5
150 48 124 71 217 291 6
111 172 62 2 278 509 6
94 36 157 145 51 60 6
61 30 100 47 22 53 4
1 123 97 140 76 212 8
148 123 100 116 274 742 7
87 57 101 106 30 77 9
26 6 6 157 107 177 5
115 138 147 75 289 738 7
29 104 130 49 333 422 1
73 164 101 143 164 220 8
9 2 108 21 20 44 8
10 103 143 173 296 629 5
24 144 162 117 37 37 4
156 50 164 57 341 543 2
124 171 16 65 346 652 4
123 125 36 34 218 297 9
169 67 124 10 216 501 7
170 153 175 5 268 317 4
15 105 157 77 204 416 1
83 142 23 135 128 235 6
161 75 136 88 285 331 3
7 43 100 89 39 61 6
119 124 84 12 10 30 7
122 63 93 26 343 539 7
73 101 173 66 78 141 7
130 154 107 128 207 586 8
35 108 126 104 63 105 10
129 72 65 128 88 100 7
86 121 124 164 184 245 7
153 69 10 51 74 84 2
66 110 118 174 10 17 5
104 52 147 39 167 310 3
111 21 48 108 172 422 4
95 59 152 118 63 180 10
163 175 25 145 48 126 5
138 101 14 146 226 283 1
35 9 39 173 266 539 8
89 8 147 53 25 54 3
160 157 50 60 173 241 9
2 26 40 165 38 83 2
171 140 15 137 324 794 6
8 70 119 97 17 36 7
11 4 118 17 21 31 7
55 18 146 117 22 32 9
136 103 94 111 304 465 3
51 98 1 53 343 901 9
138 103 105 26 221 560 3
131 119 59 75 25 43 9
22 34 92 29 51 135 8
114 159 42 66 192 343 6
72 141 55 8 5 6 3
76 87 20 83 190 293 4
57 57 60 169 133 258 1
118 76 168 2 132 328 4
109 23 30 130 104 257 6
43 11 28 86 37 98 5
13 14 52 140 28 31 4
126 81 11 159 15 22 6
154 7 78 145 16 21 4
26 4 63 160 1 1 2
66 73 27 86 297 815 9
36 122 152 99 157 401 6
66 78 47 149 241 564 5
116 126 123 139 228 360 5
111 138 36 40 179 476 3
110 159 156 99 140 195 7
45 128 165 43 126 130 10
124 164 155 6 45 61 9
73 86 144 166 133 247 3
70 43 38 134 146 154 6
81 113 131 83 344 691 6
159 136 122 91 148 309 6
55 25 76 19 225 533 7
124 94 172 104 278 475 10
111 38 23 62 52 98 1
117 61 95 66 15 15 4
29 57 73 43 77 220 9
113 97 52 136 226 596 5
153 131 163 57 73 191 2
30 123 52 92 10 14 1
93 59 138 124 319 320 9
67 13 5 134 133 308 7
123 104 49 68 129 265 5
93 77 168 12 135 223 5
82 54 145 29 312 934 2
121 166 142 53 266 626 4
22 79 11 154 13 21 8
124 4 132 100 37 71 4
115 140 59 118 318 865 1
96 32 80 119 157 223 3
42 30 69 150 320 490 7
161 100 164 61 303 894 8
164 172 72 171 5 7 1
128 81 25 35 14 35 5
149 96 91 37 17 31 10
145 82 63 45 188 196 1
84 36 101 36 173 370 5
32 110 52 15 252 349 2
171 100 79 45 39 71 8
94 41 27 27 15 15 6
138 158 105 16 240 663 2
24 13 91 118 285 451 10
65 101 127 156 81 159 9
67 30 111 94 276 485 4
51 11 79 130 318 447 3
169 13 77 45 92 231 3
160 21 161 75 148 444 1
153 167 73 123 109 143 9
166 59 154 45 90 135 1
129 103 10 104 23 68 10
58 40 127 11 136 314 9
170 59 47 83 50 84 6
120 67 99 149 280 416 6
69 130 17 68 95 267 3
76 18 168 110 96 148 2
34 126 35 140 242 355 8
7 70 148 92 92 98 9
