300
63 120 15 14 68 146 10
46 137 70 129 267 386 8
107 14 51 150 237 408 6
137 113 92 56 276 421 6
31 129 140 137 243 729 9
38 66 8 108 6 6 3
96 150 66 106 286 432 10
35 150 12 130 2 3 6
100 105 128 76 94 233 6
19 69 47 124 269 466 1
124 60 86 49 290 658 9
121 73 96 64 265 412 1
105 111 72 65 90 180 5
34 40 38 8 130 360 7
99 42 85 124 256 486 2
37 106 113 127 296 587 4
70 5 142 136 290 457 4
131 42 94 88 41 80 9
73 33 33 128 6 8 3
79 54 21 145 178 257 10
108 2 142 4 170 205 9
60 107 11 96 149 328 8
13 59 131 75 271 353 1
57 145 101 149 29 65 4
54 20 27 46 283 519 2
11 39 21 123 145 182 2
44 144 95 3 285 786 6
74 86 94 2 195 277 7
90 27 102 40 242 452 10
39 47 29 137 135 225 8
99 12 133 100 171 478 10
95 38 71 135 241 374 1
116 122 40 128 239 462 6
39 38 99 84 167 205 5
93 58 32 114 39 97 9
117 108 121 7 228 420 5
94 91 141 150 164 430 8
61 109 29 82 194 266 6
34 30 22 101 188 305 8
137 64 61 43 133 206 5
18 148 57 125 222 380 5
12 28 97 72 138 315 7
129 146 50 142 69 194 9
128 83 57 84 133 156 3
75 139 67 12 71 144 8
69 1 89 95 202 525 1
41 47 71 99 286 510 3
84 24 53 88 139 231 8
61 87 4 75 14 28 9
126 51 140 107 81 131 4
23 32 18 108 278 614 9
117 120 32 49 48 114 4
61 141 42 35 214 586 4
6 141 123 129 289 597 3
115 71 83 58 23 54 4
22 128 2 49 158 207 2
60 89 120 57 21 54 4
38 29 64 99 286 601 4
93 52 147 39 83 111 5
58 30 4 57 148 327 3
148 141 51 146 257 500 1
112 10 61 115 6 13 2
87 94 10 98 124 308 6
51 118 110 65 2 6 4
95 53 76 136 280 695 5
122 3 17 101 157 417 1
123 6 145 42 260 330 1
29 20 30 61 142 376 9
59 7 148 59 249 323 7
104 34 66 5 80 148 3
38 122 66 34 54 75 1
42 38 143 8 62 109 1
38 9 30 100 185 375 5
150 37 140 104 300 882 10
98 93 134 148 109 201 10
62 146 150 109 90 178 2
13 24 63 78 121 194 4
77 113 145 55 98 117 6
41 115 118 105 216 365 7
63 84 118 10 24 52 4
106 11 106 46 218 601 3
53 95 46 133 56 79 7
48 150 85 114 4 9 9
118 48 79 15 272 437 6
8 30 27 87 94 220 3
27 63 25 144 112 307 4
57 59 110 140 185 360 1
90 90 89 2 60 79 4
24 39 82 36 131 248 2
132 49 14 134 209 425 2
60 45 137 33 82 161 4
28 70 40 11 188 493 3
99 29 20 97 33 96 4
49 3 1 101 50 78 7
16 119 46 109 106 286 4
31 99 43 119 182 188 6
74 73 148 119 118 136 2
54 127 23 27 177 295 8
115 116 145 99 71 81 5
88 144 59 91 171 495 6
88 21 9 58 295 691 7
24 41 128 27 203 428 10
112 49 77 18 125 238 7
11 125 107 133 179 247 3
3 49 125 76 26 49 8
80 79 4 23 38 94 5
107 67 13 59 296 419 7
130 93 38 52 177 526 9
7 94 67 17 279 646 6
37 51 89 104 270 714 8
97 66 12 21 100 128 6
76 51 91 128 81 234 4
30 23 25 96 292 805 9
37 81 125 50 89 240 3
80 88 18 31 238 603 9
77 30 57 21 204 545 1
92 60 140 83 145 145 1
67 67 31 120 50 114 7
90 68 118 87 293 721 4
47 41 30 73 49 141 5
40 106 9 11 165 340 10
70 108 23 4 298 326 7
58 127 9 28 221 452 2
95 113 31 66 96 262 3
102 99 148 89 175 403 1
145 119 132 52 262 762 4
17 86 84 124 57 63 8
143 120 124 103 196 223 8
32 50 105 142 298 437 6
128 110 37 46 52 91 9
94 133 16 107 181 319 1
108 16 115 101 70 93 8
17 9 95 96 289 744 4
33 145 59 34 299 621 5
134 81 135 71 56 127 4
102 136 130 51 196 514 1
141 93 43 125 229 345 2
31 106 146 113 105 282 9
124 124 99 36 68 178 5
102 86 109 139 131 326 3
145 12 32 54 245 251 6
53 112 135 34 158 259 1
13 75 129 125 152 276 9
26 27 137 69 122 315 3
54 145 42 44 110 313 6
67 57 27 54 178 434 2
111 38 131 139 189 441 8
30 147 86 99 190 371 10
92 35 128 112 112 225 5
33 54 74 40 225 604 1
86 140 55 82 150 293 8
59 19 35 54 295 775 9
134 96 3 8 241 285 8
148 89 26 90 115 150 9
128 16 87 74 249 667 3
27 61 44 33 36 78 9
58 125 14 52 68 101 9
114 64 16 76 261 491 9
66 138 110 72 285 820 9
84 106 96 20 293 404 8
91 83 138 135 60 109 2
130 24 80 55 150 390 6
98 81 51 33 268 736 8
140 145 66 114 266 772 4
81 55 140 91 130 171 4
28 38 28 20 24 28 1
136 11 59 36 140 325 7
106 48 62 121 274 814 9
14 117 43 146 186 247 10
17 56 83 147 91 142 9
41 70 9 98 196 297 9
114 77 42 145 191 519 10
21 15 9 19 273 712 8
63 143 71 44 136 309 6
147 33 125 73 46 132 4
127 117 59 114 192 371 5
118 126 23 83 255 665 8
68 35 12 130 224 669 9
121 65 92 132 90 262 7
34 21 36 116 129 346 2
61 20 42 133 93 112 8
38 6 114 138 70 102 6
54 85 40 59 154 159 5
41 104 46 143 220 586 9
119 113 73 78 189 334 5
25 107 44 97 150 353 6
86 129 12 99 189 305 5
135 109 67 64 224 265 4
48 43 94 110 279 325 3
59 28 106 37 112 273 9
16 106 19 42 266 705 4
103 75 46 78 174 188 5
145 108 105 99 25 38 10
22 69 129 25 9 16 5
14 81 102 45 21 44 5
40 135 147 2 283 521 2
77 75 123 99 92 162 2
104 22 149 58 54 148 5
1 41 146 101 62 174 8
138 141 77 17 113 196 5
93 13 51 10 104 138 10
29 31 94 125 263 445 9
28 72 86 110 239 699 3
35 34 1 45 282 677 8
51 43 66 112 44 111 8
82 71 51 23 184 216 3
69 67 123 26 245 284 3
57 7 144 134 28 50 5
85 3 96 108 142 326 5
86 58 122 56 267 624 8
111 72 33 61 188 351 6
139 104 142 39 223 582 1
105 75 81 84 185 367 2
78 55 64 22 228 270 7
142 140 20 100 147 178 7
44 146 98 87 73 157 4
47 148 139 89 4 6 3
129 121 123 133 24 63 2
9 79 21 43 156 452 9
27 43 110 36 166 311 9
53 40 71 100 57 110 5
47 104 35 76 197 249 8
104 74 98 73 57 63 3
123 143 143 56 173 432 3
34 31 126 17 3 6 4
95 68 124 13 104 239 4
45 107 11 145 83 132 7
51 38 141 125 197 270 10
136 74 64 146 193 481 1
17 109 65 147 102 253 7
143 82 143 121 207 390 4
65 134 30 106 184 395 8
138 86 63 59 222 537 2
91 89 99 76 75 201 9
4 138 103 23 168 313 8
101 59 57 91 29 53 6
109 37 45 90 191 487 1
99 75 12 95 80 85 9
145 63 130 131 59 116 6
6 67 143 31 72 95 6
120 134 24 124 207 274 6
3 140 25 40 187 461 1
115 111 77 22 290 742 9
74 122 131 114 266 749 10
75 102 3 48 193 315 6
11 84 6 58 127 311 1
11 1 135 83 59 138 7
21 69 23 84 84 96 6
54 1 73 42 78 156 4
97 1 21 136 30 87 8
21 110 10 46 200 300 4
109 143 92 63 11 23 1
133 101 5 141 264 554 1
43 140 48 69 153 262 10
86 137 64 134 148 206 9
17 69 133 1 200 448 5
32 87 90 142 184 307 8
2 138 97 115 17 43 3
92 91 66 21 94 229 6
76 83 150 52 190 253 5
66 119 15 48 150 342 1
130 7 142 28 124 342 2
58 70 95 85 190 500 10
138 149 117 104 157 405 5
97 18 77 47 263 330 7
88 71 104 6 258 392 4
56 5 106 8 294 404 8
121 55 95 5 82 235 4
115 53 16 71 97 232 6
16 79 75 29 257 693 6
23 16 27 99 53 75 6
39 121 96 69 142 150 6
57 125 21 48 240 625 10
147 23 106 150 147 374 10
59 14 109 147 98 209 7
126 92 32 112 152 311 6
3 78 50 22 108 260 5
61 87 108 134 223 596 9
58 103 51 120 207 298 2
71 110 83 103 28 51 9
96 49 54 17 224 381 3
22 57 49 106 256 699 4
132 68 80 149 273 646 4
69 35 64 100 47 83 3
96 132 67 133 244 566 3
12 27 138 19 284 354 8
37 29 43 115 292 492 6
115 105 140 123 84 154 4
12 51 63 103 295 724 8
123 6 136 57 199 457 2
89 58 119 128 198 525 2
45 146 112 61 275 394 7
10 128 109 28 227 450 2
102 28 73 86 218 484 9
78 112 57 134 82 114 3
65 89 100 42 196 484 8
110 25 148 67 35 104 9
44 34 66 27 117 163 10
75 22 100 117 179 196 9
110 54 83 36 117 327 6
