100
18 71 51 55 144 1799 1000
59 33 47 53 251 1392 1000
61 20 21 54 82 981 1000
64 16 61 46 150 1379 1000
21 54 52 55 60 428 1000
30 54 59 71 148 337 1000
72 16 61 25 147 1287 1000
35 52 27 22 150 1045 1000
46 63 63 23 248 690 1000
22 18 57 72 64 1266 1000
54 23 25 24 235 389 1000
35 45 43 30 161 907 1000
24 63 27 20 1 1941 1000
40 60 74 16 278 1688 1000
68 44 19 20 281 1750 1000
40 29 31 29 282 686 1000
21 21 41 53 35 1828 1000
31 45 33 48 21 972 1000
49 44 22 47 52 555 1000
55 48 28 45 109 1337 1000
65 41 21 69 84 866 1000
23 15 72 33 108 1148 1000
64 60 70 55 151 984 1000
31 72 20 39 161 1691 1000
23 55 23 45 243 1080 1000
29 23 22 18 182 1097 1000
31 19 40 48 100 915 1000
24 27 64 53 94 1483 1000
63 22 15 68 229 1093 1000
45 57 31 73 152 1166 1000
42 60 24 20 38 1003 1000
36 33 49 46 284 2114 1000
31 32 33 21 203 400 1000
58 35 32 72 226 812 1000
40 67 38 68 270 396 1000
42 42 74 57 276 685 1000
62 19 31 41 52 594 1000
59 40 21 49 148 989 1000
24 21 57 69 264 1474 1000
44 41 21 51 293 1681 1000
30 52 22 39 197 352 1000
62 42 50 73 33 1056 1000
34 17 45 29 162 994 1000
42 65 31 31 186 1983 1000
66 51 73 69 288 701 1000
42 22 62 21 60 1863 1000
66 25 47 38 224 479 1000
47 42 64 39 85 719 1000
45 45 51 74 171 1837 1000
59 70 50 67 258 1473 1000
17 54 65 20 186 1054 1000
45 32 42 58 32 1719 1000
27 33 49 42 58 1795 1000
44 61 38 61 273 497 1000
24 51 45 74 189 1190 1000
31 74 36 20 270 1707 1000
43 46 71 44 50 338 1000
71 59 58 21 44 1341 1000
70 45 57 67 95 995 1000
44 22 26 50 206 2000 1000
25 45 72 28 266 1420 1000
32 28 17 62 39 1581 1000
52 50 72 57 24 804 1000
59 29 67 65 32 1297 1000
47 46 67 50 168 425 1000
38 55 47 52 145 1430 1000
50 16 73 18 45 1729 1000
22 41 18 69 11 1176 1000
32 22 40 31 217 372 1000
53 41 69 61 224 1202 1000
29 27 56 40 155 806 1000
38 20 34 68 95 524 1000
32 26 70 62 25 1157 1000
16 49 30 38 158 1702 1000
52 50 59 17 154 1459 1000
42 32 58 43 201 1253 1000
41 69 46 33 235 1490 1000
30 73 34 16 176 346 1000
74 25 37 36 92 1839 1000
26 58 74 54 109 2117 1000
25 74 46 21 91 854 1000
26 15 16 70 201 1808 1000
50 66 39 44 23 766 1000
54 67 42 21 127 1034 1000
27 67 27 20 239 1211 1000
45 50 36 48 260 1165 1000
23 31 59 31 255 1916 1000
33 52 65 30 114 440 1000
29 70 70 48 106 1662 1000
45 28 43 26 37 1205 1000
47 61 55 16 190 2013 1000
40 72 23 46 105 1334 1000
58 54 49 26 236 896 1000
59 24 20 36 222 837 1000
32 47 44 41 42 1244 1000
30 20 63 24 92 1114 1000
41 41 19 56 91 1147 1000
58 38 50 45 47 1519 1000
60 30 73 71 99 1419 1000
18 50 58 17 106 1906 1000
