400
33 88 49 59 1765 2987 948 
44 56 75 32 3803 4987 252 
40 60 73 76 4568 8755 160 
63 20 84 20 5108 8462 325 
72 81 89 31 2120 2901 361 
56 22 21 58 959 9523 332 
49 36 29 70 2105 9605 920 
42 48 58 42 1231 5237 204 
40 66 31 97 553 2195 335 
99 100 28 59 5143 7950 641 
42 56 75 60 4231 8178 998 
63 65 78 31 3277 5243 434 
55 66 91 26 4566 7489 149 
51 92 31 49 2507 3431 257 
81 63 76 23 719 2319 811 
41 74 51 28 1121 3942 472 
77 85 91 81 2773 5159 463 
96 97 99 23 4260 6170 186 
55 20 25 54 710 9102 414 
49 38 46 73 1860 4266 143 
81 78 86 79 957 3133 565 
59 68 69 20 773 3273 684 
78 90 50 53 3683 8533 503 
70 86 50 80 186 1601 775 
79 73 70 84 3373 6634 195 
43 32 76 35 5435 5696 757 
20 46 86 51 5994 8196 170 
97 88 22 23 92 6045 368 
78 49 31 31 640 6655 159 
74 55 97 40 5139 5871 630 
53 89 82 93 1305 6186 261 
53 21 91 32 3124 8100 365 
77 99 45 89 1667 4422 630 
25 74 55 26 50 2944 743 
24 60 87 34 731 7521 800 
38 63 35 32 3833 8347 949 
78 42 22 21 4739 9295 242 
33 23 69 90 2628 4712 450 
22 88 76 99 682 1954 560 
86 51 91 75 1693 8994 128 
73 44 32 99 1593 2289 226 
70 84 58 95 3946 8302 321 
70 80 42 70 2681 8277 852 
96 94 32 83 5167 7924 479 
36 98 81 76 4110 6603 971 
45 86 41 68 4951 6442 679 
40 61 86 47 5020 7722 781 
95 31 42 70 441 1447 750 
64 65 37 66 1867 3746 148 
40 86 20 73 2819 7975 918 
90 23 81 39 1418 4675 858 
37 58 42 75 2117 7679 701 
98 91 35 56 5817 9963 156 
67 68 42 65 4830 5851 175 
45 67 24 71 4898 9310 490 
42 25 37 71 2299 8405 158 
65 25 75 93 2755 3239 177 
24 39 29 82 4000 7929 630 
30 77 97 89 4697 6649 884 
32 50 45 58 5738 8993 914 
41 65 100 100 4219 8597 560 
80 84 66 39 1646 2830 777 
57 30 32 41 745 8056 351 
37 34 85 51 2177 9518 735 
90 78 84 60 3577 6247 613 
54 71 30 90 3227 8357 277 
85 26 23 93 3006 9384 564 
69 89 60 86 3430 6334 608 
81 95 47 42 3917 8443 753 
58 38 53 39 610 7774 347 
71 41 24 31 185 1536 826 
51 96 38 95 1361 9397 299 
50 25 54 77 1461 5850 146 
43 49 54 80 4977 9429 469 
74 41 76 56 2585 5797 757 
53 87 58 79 1204 2226 513 
62 93 86 54 103 7682 715 
39 86 30 88 1020 9331 341 
25 77 74 22 1630 3570 482 
62 68 79 81 5023 5923 364 
89 31 60 43 2688 5130 661 
63 34 25 75 1025 7608 656 
89 48 71 58 4709 7843 374 
40 27 73 98 1845 3012 145 
28 56 67 37 2281 3715 593 
67 55 86 91 4582 9047 621 
77 66 45 89 1251 7716 614 
39 86 48 44 344 9731 903 
72 60 85 41 78 7214 980 
59 78 49 87 2829 5786 884 
82 69 88 78 4313 9450 460 
34 55 32 38 4182 8696 978 
59 27 23 97 3563 4554 333 
36 62 25 35 5219 6884 842 
40 61 55 45 5783 6151 430 
46 93 58 25 868 4923 397 
86 84 63 28 5246 9610 487 
39 32 61 47 2696 9310 807 
36 63 46 65 5891 8380 906 
63 83 24 25 53 7092 902 
73 98 70 86 3143 7361 342 
93 24 56 51 3963 6695 545 
35 36 94 90 5865 8913 318 
50 54 36 95 389 5167 478 
31 26 93 28 5964 7882 103 
65 27 73 22 1372 1928 630 
96 20 48 45 107 6091 720 
80 96 86 57 5504 7711 693 
27 42 66 30 5236 8815 362 
92 23 34 43 5095 9199 364 
25 35 51 64 5258 7736 456 
60 66 64 86 941 1483 287 
25 73 27 95 1724 3006 928 
23 58 97 44 2956 3434 870 
78 37 48 42 5073 9911 824 
28 92 78 32 3012 3302 985 
57 66 29 61 3260 4136 833 
62 60 85 77 4946 5917 306 
80 21 46 95 1885 6907 110 
88 68 43 50 4895 9121 928 
31 48 51 37 3159 8881 879 
76 75 65 94 5591 9211 481 
71 62 73 69 1516 9581 334 
89 58 69 24 860 9804 182 
88 61 83 44 2749 7732 309 
66 63 76 53 4712 8845 133 
49 42 21 39 5878 8770 749 
66 53 95 94 1747 9692 857 
61 39 76 95 26 7365 225 
47 74 97 67 2363 4682 165 
26 26 73 41 3935 4483 571 
39 94 76 63 1181 9286 265 
39 88 86 53 2097 2767 921 
51 66 35 99 1026 7463 536 
66 49 37 88 5027 8628 710 
82 68 42 99 3544 4451 317 
54 73 69 63 5285 7312 622 
94 62 28 82 4811 8437 912 
64 72 53 31 321 1601 226 
39 95 47 70 3961 5163 847 
46 56 36 22 5384 5683 882 
76 46 59 93 4505 7802 288 
33 27 71 75 2712 3049 263 
81 42 62 38 950 5714 145 
21 47 66 80 2340 7471 179 
90 75 66 84 2554 9807 912 
27 39 51 63 3770 4984 317 
87 89 61 91 3308 9935 928 
93 74 20 20 2123 6993 156 
52 89 73 81 5141 8966 317 
49 49 53 73 4180 5881 537 
33 28 45 73 4241 6986 273 
23 30 24 50 2809 3579 800 
85 27 50 51 5479 8350 372 
20 89 55 25 4074 5764 321 
65 61 31 85 4954 8522 602 
43 49 23 73 395 1270 809 
63 40 96 93 2916 6732 463 
85 85 68 86 4082 9426 299 
21 43 76 53 4297 7981 869 
37 74 83 63 2065 6659 590 
49 42 27 90 4177 6572 923 
67 63 25 40 37 9291 847 
40 94 93 55 304 7501 125 
64 48 84 41 3951 4680 692 
69 54 27 31 4 4036 396 
92 74 40 74 3043 4660 631 
96 90 88 74 2798 7938 660 
63 84 81 76 3923 5948 798 
51 78 93 52 2615 5734 921 
96 68 27 76 4144 5008 100 
61 83 20 52 459 3900 879 
85 56 48 22 4346 5891 979 
95 29 74 44 528 7221 505 
32 96 35 40 2089 7261 443 
54 28 73 22 4476 8934 362 
85 51 60 65 5271 9580 771 
98 85 37 75 4134 6649 584 
90 67 83 58 3638 5433 138 
92 47 21 44 2771 6297 615 
67 61 41 81 595 6061 632 
87 81 67 79 2804 7719 151 
57 73 53 51 2749 3906 204 
100 44 65 87 4786 7036 880 
84 43 41 94 3881 6879 581 
93 72 99 48 189 9686 578 
29 67 92 73 2974 7415 465 
93 30 21 75 3105 4815 651 
69 52 37 66 2321 3507 328 
76 83 81 21 3382 5670 945 
96 75 100 43 4757 7753 456 
69 68 97 78 1569 6596 365 
93 78 72 91 179 3677 659 
21 39 76 24 685 9857 439 
98 66 49 95 4816 7084 736 
32 36 39 65 489 5547 278 
42 34 34 26 4367 6370 986 
87 49 36 41 1004 5796 540 
44 31 34 49 823 2464 668 
21 30 90 99 5789 8269 227 
31 100 75 60 5916 9427 254 
35 84 26 83 5884 7519 985 
62 99 79 85 1408 4239 759 
89 38 60 29 2350 5719 640 
29 31 49 80 1105 3337 270 
27 29 94 53 1155 6789 370 
72 56 86 100 3837 6757 117 
50 46 84 98 5150 7363 976 
65 35 30 46 3012 6057 546 
20 82 98 79 2131 9071 415 
47 22 73 59 5738 7002 635 
78 89 20 39 5181 6123 878 
53 31 57 39 3865 6263 363 
99 23 95 43 1470 5760 218 
99 35 53 88 4260 6562 451 
25 58 59 97 377 3441 259 
60 28 50 99 3053 8957 638 
44 73 81 42 5859 7442 538 
55 83 78 40 336 2768 241 
71 79 29 21 4957 8102 158 
46 65 30 43 5816 6064 310 
43 89 47 82 1162 3466 592 
80 71 38 37 4010 4755 667 
58 90 67 54 1132 8571 100 
33 20 27 49 3382 4603 364 
87 38 83 64 175 7407 284 
25 24 78 98 2051 9832 978 
43 51 57 93 651 3522 978 
82 48 57 94 455 7116 923 
91 29 92 87 4376 6254 764 
21 64 72 30 4750 5750 179 
87 42 61 37 2705 7160 852 
40 98 56 69 1222 9067 681 
66 58 79 35 3645 8471 716 
85 51 61 76 504 6748 688 
32 80 97 67 3464 9845 323 
27 72 47 67 1709 2566 908 
51 51 68 44 2697 7876 898 
65 74 50 76 629 9972 976 
82 29 51 86 784 4917 889 
38 46 94 25 1009 7913 866 
92 56 68 25 1881 9478 273 
62 60 42 92 4173 5204 841 
96 22 33 64 3174 5120 960 
67 90 28 20 1059 1789 935 
22 68 48 44 4291 4635 862 
99 95 88 94 3422 7479 867 
34 24 45 51 1266 4006 544 
52 28 39 67 5398 9084 699 
45 46 100 54 5506 9909 441 
65 79 77 47 3838 8918 687 
20 45 96 43 1741 2834 168 
55 80 77 68 5354 6312 138 
24 44 75 66 5609 7905 965 
91 40 94 27 44 603 841 
37 95 37 44 693 5088 706 
58 75 60 48 2343 6583 953 
71 85 49 78 4261 7603 368 
64 48 28 36 5354 6482 380 
20 48 34 31 3203 7669 583 
94 69 62 69 3956 5820 441 
62 87 76 48 5349 8517 198 
78 70 78 40 3478 9338 192 
34 59 95 44 4382 9002 855 
85 43 71 26 3424 8701 170 
26 26 41 63 3598 6864 706 
70 87 67 54 959 2067 178 
69 78 98 91 1834 7283 942 
84 71 31 25 2996 6249 724 
45 84 21 38 2790 3100 301 
76 27 91 57 1774 3905 502 
20 29 54 57 1993 3883 166 
83 67 79 46 2539 4571 605 
61 98 27 77 3636 4790 504 
94 59 80 89 5472 8700 955 
82 85 64 93 4618 7184 198 
66 67 75 73 2902 6482 421 
21 47 30 20 2746 7339 400 
40 58 49 66 2948 5487 345 
39 26 72 41 1288 5747 841 
54 41 87 61 4833 6053 403 
46 53 83 49 1233 1667 958 
64 35 44 95 866 6576 390 
29 24 58 48 3205 7717 488 
32 84 90 93 650 9435 967 
60 66 100 70 5526 8903 990 
42 28 91 99 4885 8352 103 
91 40 93 44 2303 5742 330 
50 64 73 72 5516 6896 167 
21 61 93 45 3001 7116 868 
34 28 38 44 4736 9223 461 
56 27 74 97 3989 9134 682 
94 24 25 59 27 2325 658 
48 21 27 74 797 8822 248 
94 85 28 48 3115 7090 677 
48 92 35 68 2943 6541 868 
91 82 80 53 1239 7972 646 
65 24 21 28 4652 7522 636 
48 67 38 33 2426 5364 491 
80 60 44 97 5481 5839 245 
58 51 46 60 5009 9315 260 
45 79 95 99 2213 8760 210 
43 100 61 85 3503 5669 339 
51 28 48 65 1781 2270 370 
82 52 40 85 5540 9035 983 
47 38 89 76 2707 5553 856 
49 90 55 21 5113 9665 743 
73 30 43 30 1859 7080 566 
90 59 76 28 4102 6821 599 
25 84 54 26 700 5161 143 
29 26 77 77 5913 6532 523 
48 26 71 73 493 5755 184 
84 53 43 73 5793 8036 518 
86 24 44 31 4851 8025 316 
32 52 25 59 1935 6886 539 
78 41 85 42 2991 9071 350 
39 71 86 21 1229 9352 576 
74 99 68 62 3460 5987 755 
30 44 59 68 1329 9426 742 
33 78 42 51 1880 6656 677 
75 42 56 21 2764 8214 888 
89 100 22 52 191 3459 442 
41 43 51 94 3752 4494 760 
57 33 30 33 477 912 831 
38 53 57 66 1957 4909 239 
75 77 27 24 1647 4396 175 
38 93 60 63 4705 7805 881 
66 89 83 53 379 5599 453 
21 87 82 52 3501 7157 847 
90 36 45 34 4616 7828 497 
26 65 38 63 2684 7023 806 
54 90 90 74 4106 4416 793 
24 34 55 48 1555 8482 266 
47 31 23 66 125 8580 213 
74 61 59 64 5517 6478 860 
43 99 60 46 999 5876 321 
70 79 52 66 4804 9994 657 
30 23 56 78 2914 9806 333 
63 82 35 79 4233 9034 197 
59 85 29 57 3612 8819 897 
94 80 27 45 3960 7109 865 
82 22 48 83 4522 5905 182 
75 99 61 57 2239 7635 143 
53 53 30 51 1489 4022 343 
28 55 78 60 556 3375 103 
75 62 28 35 1520 7527 121 
99 48 36 54 851 7109 829 
100 73 62 67 61 5103 814 
63 86 22 73 5412 6935 249 
51 72 99 36 1412 3213 262 
72 94 30 66 5750 7674 235 
42 22 74 49 1918 8496 356 
21 44 75 82 2470 8040 1000 
91 95 30 36 2478 7364 217 
40 32 91 62 4029 5876 607 
75 86 63 64 3695 8375 616 
65 98 49 88 365 2793 883 
29 30 86 49 3661 9005 754 
64 37 42 92 5050 5469 278 
25 21 75 97 2498 3313 261 
78 76 57 86 1986 3482 116 
61 51 49 55 5717 8624 284 
66 91 62 59 5900 7142 923 
61 79 22 57 1838 8353 281 
70 57 44 23 576 2707 354 
29 32 78 67 1155 7092 408 
94 79 64 56 399 5199 879 
79 64 77 42 2901 6414 163 
91 47 85 60 105 4705 540 
32 69 51 91 1680 4670 398 
93 31 59 29 4786 8134 256 
49 22 54 61 3042 4803 714 
91 81 65 84 189 2218 703 
90 74 71 36 653 5711 889 
56 42 42 93 3967 7759 132 
71 51 74 61 2200 3806 179 
38 50 60 72 3517 4519 602 
69 89 60 39 421 7076 857 
77 27 30 77 3072 6823 168 
41 78 66 47 2091 6594 211 
87 87 75 32 3571 7440 667 
34 80 40 69 4570 9600 357 
83 67 45 84 4757 8466 431 
42 20 21 94 1742 5455 435 
49 56 29 27 2443 7507 946 
92 91 80 49 2382 3507 740 
80 60 91 37 328 2244 101 
24 39 83 82 3942 8938 898 
56 53 46 24 4126 7178 682 
63 20 38 99 1065 2474 110 
62 90 39 64 2829 6652 593 
66 47 45 66 3748 8550 860 
54 61 52 70 2450 8926 293 
38 65 98 88 208 1526 268 
93 39 65 92 4590 9194 781 
67 53 87 72 3708 8890 137 
90 90 96 73 5495 6677 853 
40 66 81 48 4318 9286 678 
100 62 23 77 1368 6679 511 
25 62 52 52 98 9559 321 
