300
7 3 14 12 70 95 469
4 3 9 6 69 82 889
6 11 5 7 57 57 883
15 7 11 12 42 80 653
3 7 11 6 10 30 835
12 14 5 10 40 77 204
6 13 4 14 2 87 981
15 15 3 9 60 77 818
14 6 5 12 17 23 377
14 6 6 5 20 57 794
12 9 5 5 35 93 684
10 4 3 10 16 41 50
8 6 5 9 24 67 944
2 6 1 12 66 78 994
12 15 3 7 51 71 634
5 11 13 1 13 34 510
6 7 8 12 19 33 398
8 9 11 2 46 80 567
2 13 15 2 29 55 906
8 13 9 13 27 71 108
12 4 15 15 20 41 861
5 3 1 12 42 53 265
12 15 4 9 20 50 362
3 13 2 11 19 78 556
5 14 10 9 13 47 438
2 10 8 12 74 89 856
4 11 3 3 45 66 341
1 14 1 11 17 20 846
6 4 11 8 43 94 228
5 10 11 13 13 65 249
1 8 5 3 5 10 683
5 11 3 5 4 79 659
5 8 4 3 6 63 758
10 3 11 7 2 11 547
7 12 4 2 4 13 685
15 9 15 7 2 17 325
8 1 4 8 4 36 113
13 3 15 2 1 73 653
8 6 9 3 29 34 790
1 7 6 12 31 38 445
6 8 15 9 8 28 606
12 6 15 8 22 63 270
3 4 8 11 41 46 381
6 4 14 7 19 48 804
13 9 15 8 29 51 594
1 6 11 2 16 20 405
9 2 8 3 67 87 461
3 6 7 13 61 66 957
9 10 12 1 57 72 48
4 3 2 7 2 10 741
12 8 5 2 87 99 499
7 12 5 4 57 88 18
6 3 5 15 3 15 693
10 5 12 11 40 54 514
12 5 3 12 32 40 664
2 15 11 10 22 37 435
14 15 9 6 17 28 716
10 5 2 8 27 32 284
14 1 4 5 5 12 52
14 3 5 12 0 18 95
9 11 4 3 74 77 604
3 7 4 1 8 11 232
5 6 13 14 76 100 942
4 13 2 2 13 73 852
13 4 12 5 20 31 579
15 3 4 4 39 42 470
15 3 9 2 17 20 478
14 5 2 14 7 29 733
4 9 10 8 1 66 442
14 1 3 13 13 78 797
9 6 9 3 21 44 872
5 8 5 3 9 60 54
5 10 14 13 7 11 629
15 15 11 12 49 62 955
6 10 13 12 42 88 42
2 7 5 3 46 68 105
15 3 12 9 17 99 691
4 7 7 11 69 76 916
13 2 14 3 22 27 453
7 7 6 4 29 38 575
15 3 1 10 7 20 505
5 7 10 4 48 95 872
9 7 4 2 50 75 964
5 12 10 4 10 21 995
15 9 13 7 84 93 319
8 1 14 14 10 97 695
4 6 12 2 76 94 310
3 1 3 4 56 68 325
9 9 13 5 37 39 414
8 6 8 9 48 58 580
2 12 10 1 94 100 563
15 11 8 7 7 32 346
3 8 14 13 57 61 22
4 15 6 3 22 65 182
13 7 14 3 3 17 13
1 5 11 9 8 15 124
5 8 9 14 8 24 853
11 5 5 12 12 63 35
14 12 8 2 33 49 530
5 7 9 6 5 54 346
11 12 7 3 15 56 231
12 3 11 9 88 92 262
3 13 1 15 27 79 832
6 9 14 5 35 54 196
11 13 6 2 4 12 907
5 12 5 5 53 95 714
4 9 10 9 29 99 678
2 2 1 5 41 72 589
14 9 11 2 11 86 36
11 4 8 3 8 68 984
6 11 7 14 28 61 485
2 13 14 6 2 12 709
11 15 15 7 4 10 612
8 1 6 12 14 25 953
7 7 8 9 11 31 475
6 12 13 7 5 35 321
4 14 3 8 4 17 494
14 5 12 1 73 87 200
7 7 1 11 11 56 621
1 7 5 13 52 78 756
9 11 13 2 8 32 252
7 9 7 2 48 68 45
9 1 1 1 11 12 922
13 4 12 6 28 40 713
7 15 4 8 7 48 827
9 9 14 12 31 42 608
2 1 11 6 50 86 520
10 6 11 12 1 17 703
6 2 10 14 50 76 732
6 6 3 3 2 82 341
3 14 6 8 8 100 877
12 5 12 13 4 76 640
1 1 10 1 17 29 418
15 15 2 9 50 96 536
9 4 12 9 34 75 622
5 5 10 10 57 90 894
11 14 5 6 2 71 589
1 6 9 14 39 70 33
3 7 1 14 7 32 902
9 4 7 9 11 17 253
15 7 10 14 25 46 285
8 3 9 4 31 34 680
2 1 14 11 35 44 165
1 9 6 6 78 99 368
5 14 14 15 26 65 257
2 8 2 15 23 49 410
10 6 10 9 2 91 56
12 5 2 3 15 47 150
1 9 5 9 9 34 441
4 14 12 9 8 23 131
6 3 15 13 17 59 592
2 7 2 11 3 37 350
10 14 15 13 28 59 672
15 12 5 6 17 30 357
11 5 6 2 51 70 208
6 13 7 9 17 42 129
14 4 12 3 41 51 51
1 11 1 1 53 57 268
6 15 14 3 39 41 765
1 10 1 8 82 89 650
13 1 13 9 16 16 922
3 11 6 9 70 76 264
1 3 14 4 46 63 710
10 13 5 15 30 42 735
10 6 10 2 29 50 542
5 10 1 6 50 77 870
4 5 15 2 2 40 997
1 14 9 7 11 19 526
4 6 2 4 12 66 14
2 9 3 11 12 19 941
8 9 10 10 27 90 790
11 1 5 6 64 79 20
12 4 6 11 19 44 249
10 1 9 5 1 71 976
4 10 12 14 6 91 449
13 2 4 8 16 81 824
3 15 7 8 76 96 428
14 5 7 8 13 41 79
7 10 14 5 1 13 127
8 5 7 4 52 59 443
8 5 11 8 20 66 799
12 3 5 6 27 49 722
10 14 12 11 28 45 901
5 9 3 14 40 95 594
4 10 11 9 15 71 882
7 4 8 4 17 49 28
11 6 10 2 2 64 36
5 14 2 15 86 97 341
15 12 15 5 25 76 539
9 8 13 2 17 45 824
15 13 11 6 65 70 185
13 15 9 14 9 36 852
7 7 6 13 62 99 238
13 7 7 3 4 57 362
1 10 11 4 22 27 981
12 2 15 6 3 43 261
13 11 12 4 13 38 898
14 12 12 14 65 81 906
11 13 7 6 67 73 750
3 10 13 5 1 32 355
14 3 4 9 70 72 802
11 10 6 12 26 50 910
13 13 14 3 30 95 338
4 3 4 3 30 31 546
15 7 3 14 48 77 332
6 9 14 3 15 30 59
12 5 1 12 20 68 933
6 10 14 6 16 84 675
6 14 2 11 73 89 460
5 5 15 4 34 37 496
8 5 7 11 0 36 511
9 10 5 15 13 28 19
14 3 8 10 5 29 756
1 11 6 4 9 21 238
4 6 14 14 14 73 48
11 11 14 7 52 91 241
1 10 9 7 8 17 567
9 8 6 5 29 91 975
7 5 15 14 47 74 892
13 9 10 12 10 10 486
10 9 6 8 41 91 56
6 1 12 12 18 33 901
7 8 10 1 3 19 937
8 10 3 10 25 27 665
14 2 5 8 26 73 161
7 11 4 14 3 12 726
13 13 13 6 42 50 271
3 4 13 14 92 92 788
3 10 10 2 7 62 541
9 8 14 2 7 30 856
10 11 12 8 3 37 517
5 14 3 11 62 63 830
1 1 9 2 19 21 985
1 6 2 14 13 62 950
4 10 2 1 9 60 904
13 13 9 2 10 48 922
5 7 12 8 11 41 268
4 14 8 15 35 43 258
3 2 9 8 25 27 999
5 5 4 1 68 72 603
15 6 11 6 13 15 776
2 9 12 15 47 53 577
12 13 5 1 57 89 345
6 10 1 14 48 100 468
10 6 10 3 11 45 671
6 11 13 15 9 26 455
9 2 9 1 7 18 991
6 3 11 12 12 65 181
2 11 15 6 17 74 523
5 13 15 4 32 86 854
11 15 5 14 16 92 360
13 15 4 4 24 66 343
15 9 1 7 2 22 642
12 10 3 2 3 24 580
12 4 4 2 10 23 636
14 7 1 10 3 37 343
8 9 9 15 95 95 891
9 1 10 7 27 99 563
10 14 2 14 8 11 29
6 11 4 13 7 21 637
2 9 7 4 75 92 221
6 15 9 6 8 22 787
1 2 9 6 4 37 753
14 15 12 7 9 18 347
1 14 9 9 22 42 520
14 5 5 11 39 79 384
15 7 5 2 13 13 696
13 15 3 3 19 26 82
6 5 1 7 26 68 941
11 5 13 14 51 58 55
2 14 6 5 52 61 931
12 11 9 2 66 66 687
7 14 10 12 10 40 348
13 3 6 12 10 92 101
7 7 2 4 48 92 494
4 12 14 14 11 28 289
6 10 3 9 10 58 129
15 13 7 4 12 19 688
11 1 8 14 21 27 763
13 13 1 5 3 27 24
8 4 1 6 0 75 102
11 12 2 10 12 67 821
2 6 9 15 72 83 56
3 14 8 15 28 38 660
3 6 11 11 1 52 908
7 2 11 5 5 18 147
6 4 14 1 5 49 441
5 5 4 8 78 78 478
5 7 5 13 53 83 170
4 14 15 14 62 91 504
3 11 15 14 17 96 842
1 1 14 8 7 78 247
4 5 11 11 51 52 584
13 1 7 13 1 27 638
10 11 6 11 6 73 727
9 12 4 9 39 87 335
12 3 9 5 25 30 987
7 2 7 7 12 96 577
1 13 10 14 37 59 772
11 15 7 3 16 16 847