50
17 13 2 7 43 121 7
12 3 2 12 45 102 5
7 11 20 18 3 4 5
7 16 11 12 23 54 2
17 5 10 10 49 137 6
2 5 14 13 9 23 1
13 22 20 21 44 45 1
10 4 18 7 24 51 3
14 8 1 13 45 58 4
10 2 22 1 19 42 7
7 16 23 15 48 63 1
15 15 20 5 48 109 10
5 7 19 18 27 40 3
3 17 18 7 7 12 2
24 19 8 4 42 67 5
9 23 3 21 48 48 2
16 2 10 23 12 15 7
2 12 23 1 12 21 7
7 6 11 14 9 16 2
5 15 21 20 10 20 3
16 2 23 17 45 77 6
15 11 1 24 8 15 10
18 11 7 6 37 104 1
9 3 21 5 5 14 4
11 21 17 4 41 117 5
11 14 6 2 23 24 4
3 25 14 25 49 84 6
18 1 21 20 48 108 1
8 14 1 13 29 49 7
12 21 5 4 35 97 7
25 17 6 10 25 62 4
19 11 21 1 18 31 9
16 9 8 15 38 89 2
5 3 2 5 44 130 5
5 20 22 7 20 48 8
18 20 19 10 37 82 6
3 14 9 8 6 18 3
14 15 11 17 42 66 6
10 16 3 15 38 101 4
8 25 18 23 31 60 8
4 25 18 14 8 13 8
19 9 13 14 31 45 1
24 4 14 9 46 46 3
3 5 10 17 5 13 3
18 10 21 15 27 37 3
10 10 23 2 50 62 7
13 18 1 16 4 12 4
16 17 24 13 27 32 3
5 21 14 14 42 51 1
18 11 14 4 38 38 5
