350
57 60 30 73 2811 3309 42
9 13 17 97 3300 3932 85
16 67 99 6 329 885 49
64 6 56 51 3007 3621 39
88 95 43 90 3195 3913 30
32 62 88 83 1619 2039 17
64 88 37 90 1759 2473 15
17 24 58 46 3066 3630 27
59 7 64 53 1054 1774 40
76 32 43 33 1476 2156 51
45 92 95 57 3337 3777 67
62 51 58 80 3089 3615 20
90 45 49 34 1361 1905 93
52 17 97 2 3053 3763 42
59 4 52 14 2075 2785 18
14 91 26 74 792 1440 53
35 11 91 99 1653 2195 63
24 34 51 31 354 1084 15
66 20 32 97 2137 2877 34
37 74 73 96 1680 2150 74
96 65 23 41 4127 4861 32
69 23 26 25 859 1551 29
98 45 88 59 95 579 24
25 49 3 33 2059 2603 3
80 72 70 54 2563 3005 65
6 65 95 40 1535 2223 4
36 89 87 80 2088 2620 39
33 22 9 93 2160 2796 96
83 21 3 19 755 1365 12
93 85 41 90 2824 3516 57
28 74 94 95 1125 1705 78
100 85 90 44 1327 2041 90
79 60 49 1 1901 2579 63
33 73 39 95 1802 2476 50
27 10 43 39 690 1296 77
52 77 32 75 1899 2491 69
74 18 25 70 3203 3921 57
95 16 64 53 4011 4465 46
64 44 54 49 657 1167 29
42 93 17 52 0 542 57
46 55 43 64 1023 1603 84
64 11 25 20 805 1229 100
81 68 18 64 3465 4047 13
33 44 90 93 716 1432 39
23 86 17 65 1766 2402 38
9 57 68 20 346 944 69
73 53 99 9 2781 3459 16
96 49 41 45 1592 2304 12
77 67 69 83 1562 2352 8
79 37 50 78 2173 2813 67
47 63 65 39 3570 4136 57
17 68 13 64 2245 2655 48
61 30 85 67 17 571 72
42 34 10 2 3862 4616 33
75 73 4 59 3340 4126 46
68 48 88 97 3940 4658 26
6 75 76 96 952 1464 17
35 41 84 21 4143 4791 35
68 19 58 81 1493 2097 74
42 25 7 1 3839 4565 79
33 93 46 58 1248 1830 99
94 35 40 76 1224 1884 2
79 90 47 12 2765 3317 47
71 29 39 40 2233 2989 45
55 32 80 30 2617 3153 55
48 10 62 72 3549 4087 79
57 8 17 57 770 1314 68
84 63 26 97 2141 2891 95
41 94 59 66 4027 4587 28
68 90 94 73 2871 3285 20
4 89 10 39 1445 2111 64
73 81 51 79 1047 1745 9
95 22 69 30 3986 4448 20
43 69 63 98 3704 4292 56
87 19 21 41 3551 4207 61
71 12 91 60 1383 2103 66
13 59 58 69 2185 2943 13
50 52 92 58 2609 3091 28
45 59 70 48 1850 2436 55
1 100 94 14 2136 2860 62
59 53 42 78 2465 2979 94
61 72 89 90 2191 2975 97
22 76 53 23 2970 3494 20
37 41 1 42 2416 2880 13
21 25 89 67 837 1357 16
9 25 26 59 3801 4383 48
66 49 12 84 2342 3040 22
96 26 29 37 1694 2152 44
79 53 29 93 3404 3822 33
7 81 14 85 2062 2766 26
60 2 93 91 2975 3451 33
90 73 84 100 2732 3508 32
73 54 48 10 3145 3629 44
92 30 98 81 4082 4588 44
53 94 52 90 1144 1812 61
12 55 86 11 2589 3215 69
80 54 8 21 3284 3906 4
91 33 33 33 3032 3588 52
37 3 5 41 3023 3491 41
33 23 42 96 3837 4557 80
18 95 59 56 3575 4371 26
4 98 25 1 4155 4833 85
37 3 47 39 1518 2008 12
68 30 28 3 1107 1807 72
31 46 27 40 1250 1834 57
20 73 65 17 648 1274 43
70 89 4 96 1328 1842 76
93 46 34 18 3014 3636 78
96 10 21 45 2866 3312 71
92 87 58 26 2634 3396 25
97 38 4 17 2684 3182 20
54 71 71 64 1471 2017 13
29 93 15 34 3050 3604 78
59 68 42 39 1252 1788 72
7 59 56 100 2717 3123 58
99 54 34 83 1128 1778 93
64 74 64 63 2471 2953 31
78 99 31 5 3278 3708 96
7 86 82 2 1565 2197 94
54 57 7 11 63 823 91
17 9 28 20 3514 4016 51
47 13 39 12 619 1181 50
17 93 96 33 2441 3193 100
9 17 37 90 2388 3186 97
55 29 69 33 1969 2719 65
51 75 50 94 689 1165 11
76 36 13 93 1166 1878 22
46 96 42 80 658 1074 88
22 66 44 69 2492 3042 44
41 98 68 76 3112 3728 51
25 83 15 50 2546 3234 91
7 8 29 92 314 910 75
81 69 47 42 3631 4429 53
30 67 36 83 2725 3371 21
26 11 11 9 483 1129 33
23 31 97 99 2308 2986 30
11 79 17 56 2518 3010 44
26 85 73 77 4024 4580 48
12 88 21 10 1311 1935 7
21 55 92 92 869 1561 92
98 47 70 99 2322 3028 13
98 14 94 9 515 1211 73
1 43 20 3 624 1274 71
41 24 39 23 1745 2161 68
86 56 65 17 2843 3407 6
68 41 66 43 1384 1896 87
9 89 70 98 2564 3118 48
100 43 85 19 1201 1725 39
43 35 54 45 1255 1675 4
23 53 54 20 8 500 78
69 37 45 29 1794 2284 89
88 21 29 84 2346 2750 14
24 62 17 45 2268 2782 70
79 67 12 68 24 736 10
72 30 91 89 3187 3775 38
98 58 95 60 2332 3076 71
23 1 100 66 3231 3837 95
29 56 18 51 3483 4119 53
77 8 68 30 610 1280 81
52 19 95 27 3664 4308 17
68 46 87 78 3424 4034 11
61 19 36 56 1250 1816 54
12 59 5 86 960 1578 68
40 97 71 39 3990 4778 75
27 80 62 71 3079 3633 46
3 34 14 28 1544 2164 62
27 93 90 19 3325 4027 87
98 63 25 57 1301 2011 92
45 68 86 88 2518 3170 72
78 7 43 100 3809 4535 68
50 40 37 83 224 734 68
39 2 55 28 2154 2850 67
30 75 89 46 1381 1975 55
8 12 48 23 2313 2719 67
6 18 25 74 351 983 7
97 59 81 87 342 898 76
20 54 41 34 1569 2181 4
51 60 51 14 2864 3662 16
93 65 1 43 3433 3935 34
72 73 46 66 80 626 93
66 95 66 78 3574 4142 51
46 58 13 40 3671 4189 40
8 39 40 37 3895 4665 72
13 24 32 93 3261 3743 26
87 76 54 31 1437 1921 100
34 55 37 97 527 1273 38
77 79 72 27 7 767 9
52 41 57 84 3866 4582 24
81 42 70 89 395 853 1
22 55 57 27 2967 3381 67
22 84 99 5 1313 1999 85
49 71 62 77 4018 4530 41
2 78 63 6 1199 1639 14
54 47 8 55 3189 3779 73
24 46 5 46 3989 4447 92
13 18 75 65 1911 2655 52
73 5 95 78 971 1505 44
23 61 71 71 3016 3484 1
43 30 33 86 4115 4787 33
67 69 12 25 3901 4473 27
33 55 76 90 4199 4951 93
1 98 41 97 1204 1772 56
46 66 74 50 2926 3486 84
22 24 94 97 2880 3366 18
81 95 64 83 378 868 57
31 98 80 77 1619 2029 31
38 9 89 39 2253 2765 8
96 36 9 27 1784 2480 73
22 78 12 78 665 1331 56
33 49 26 49 191 959 2
36 63 94 14 1212 2006 70
75 58 57 33 315 901 7
85 12 3 95 1698 2156 99
18 91 90 20 583 1301 93
36 69 40 91 2780 3234 66
49 52 81 93 1455 1919 92
86 36 61 57 2083 2649 61
80 89 29 13 1770 2448 19
28 54 94 15 1647 2189 47
18 87 96 14 41 479 40
81 5 82 79 1347 1747 92
27 25 85 63 3415 3985 57
76 83 52 36 723 1333 97
31 6 91 26 1673 2295 20
31 93 88 13 3628 4140 36
41 22 5 87 256 970 46
25 54 1 38 3342 3884 29
79 57 7 61 1119 1723 6
62 2 46 10 2849 3433 10
61 50 35 94 768 1476 46
9 79 74 15 167 745 14
50 70 74 37 923 1685 99
9 74 73 68 1730 2200 80
6 91 4 50 3021 3729 26
44 13 27 42 3404 3858 42
37 99 87 60 3617 4155 84
59 90 43 85 1763 2185 21
55 77 20 79 2535 3061 88
22 47 4 72 2769 3331 85
64 33 57 29 139 717 83
83 98 58 1 1538 1984 25
5 47 1 99 2257 2795 100
23 46 16 58 2642 3148 37
32 91 20 71 2770 3170 44
10 82 71 32 2845 3567 78
80 51 86 24 1230 1868 25
79 91 12 64 1504 2148 5
51 17 63 55 1260 1914 40
14 10 67 48 123 875 95
15 31 11 1 489 1047 91
57 6 34 91 1389 1917 71
30 54 84 56 3971 4707 54
55 96 21 10 1765 2533 79
45 67 13 91 1553 2191 78
75 23 14 19 637 1283 76
3 45 52 95 3501 3903 60
59 100 65 34 1907 2701 77
3 11 77 52 1634 2430 14
28 91 84 88 563 1047 66
9 29 98 66 886 1524 1
52 99 74 100 3527 4267 65
28 7 70 77 292 764 86
47 11 79 27 3920 4502 12
53 84 11 18 2612 3238 94
42 68 67 26 1163 1905 27
3 55 1 54 1302 1860 42
27 74 84 58 3552 3996 80
80 19 93 55 2258 2766 27
64 18 78 4 25 583 26
73 26 90 58 665 1315 74
22 25 85 96 171 725 90
99 8 19 90 4131 4627 91
45 65 23 4 3597 4175 6
22 3 23 58 2654 3328 49
31 17 84 24 1736 2324 41
20 72 92 70 1096 1840 3
27 76 36 92 1205 1951 63
95 8 79 40 763 1487 38
64 27 97 19 769 1237 93
2 67 98 98 1277 1877 9
56 22 87 49 2845 3297 62
6 46 22 63 535 1285 53
88 96 51 88 4164 4890 43
67 10 8 61 1198 1738 39
96 31 53 66 1388 1852 36
39 19 28 61 3725 4381 5
46 47 74 100 2235 2949 82
54 73 79 88 163 941 75
45 66 21 39 517 1153 76
73 89 4 33 1372 2166 91
20 5 25 38 139 747 71
11 43 18 23 2668 3408 81
23 43 71 47 2394 2896 35
45 54 65 87 3394 4042 40
28 76 15 61 186 950 98
73 68 27 25 2333 2809 66
48 97 32 52 2458 3048 72
18 62 57 47 1603 2273 72
23 83 1 2 3581 4369 82
64 69 86 76 1137 1809 40
29 69 35 47 1696 2394 49
25 37 41 97 1210 1948 79
38 27 20 85 3664 4124 49
96 33 35 71 3848 4516 98
65 67 29 58 3033 3825 26
9 84 18 61 1984 2688 32
13 37 60 77 4047 4585 68
68 45 74 29 1481 1995 41
48 45 46 54 3393 3899 46
61 55 16 78 1965 2739 100
5 4 10 40 4141 4925 58
59 3 75 50 133 787 23
73 66 43 56 2396 2806 13
11 44 92 63 1024 1442 35
97 32 50 83 110 820 19
62 77 65 39 3568 3984 61
23 7 16 48 1047 1653 96
80 49 97 7 2159 2889 9
92 88 70 9 2879 3435 95
65 100 15 34 1833 2335 55
66 77 81 98 1489 2185 75
48 71 96 25 4131 4663 11
51 29 3 47 2336 2924 69
92 79 97 83 596 1286 48
51 49 40 29 4089 4777 10
15 4 87 21 1093 1571 4
75 2 65 74 2980 3632 8
57 92 86 28 1123 1727 52
70 1 57 57 1244 1742 29
46 43 35 49 2605 3351 25
36 53 56 47 719 1391 84
95 97 87 45 1453 2095 31
51 95 71 50 1367 2001 100
10 56 24 33 1536 2294 64
19 21 9 44 775 1473 4
9 97 90 62 1823 2355 17
83 100 62 89 1869 2361 27
75 28 62 7 2103 2695 6
32 80 17 27 1965 2491 30
80 86 38 12 3832 4534 28
67 54 57 64 1689 2147 99
21 6 12 67 3955 4711 99
26 93 67 49 197 783 8
29 37 83 6 1852 2406 89
18 40 63 58 2341 3079 95
91 30 45 51 551 1043 100
60 84 47 42 3740 4414 33
68 92 51 83 753 1197 11
83 27 86 14 3564 4188 1
5 46 38 81 837 1537 33
