450
16 42 21 36 126 334 94
10 28 21 36 76 227 300
19 35 31 46 434 638 52
33 27 17 22 174 389 99
18 25 26 13 195 309 170
43 17 26 19 217 380 186
18 44 50 23 103 399 152
42 11 46 14 111 398 185
17 41 29 34 466 653 61
50 42 10 26 29 138 93
18 41 19 17 351 612 472
41 46 46 45 464 645 181
26 50 35 40 238 447 268
43 17 11 47 495 766 252
20 43 48 14 8 305 479
38 39 48 47 476 703 119
33 16 27 13 300 559 177
17 10 34 23 369 641 331
48 13 30 42 317 562 441
43 25 13 44 257 490 317
43 31 42 21 215 437 168
36 16 11 10 353 625 478
24 31 45 24 271 565 359
40 40 26 26 190 369 245
46 12 23 47 213 421 305
27 33 11 42 245 392 394
29 50 23 40 485 619 400
45 15 12 41 7 287 310
29 48 43 46 6 137 436
13 16 43 42 428 717 424
45 49 21 46 11 305 54
24 21 37 20 238 482 220
33 13 10 34 118 417 150
13 18 30 17 106 234 411
49 46 21 14 254 470 386
33 13 28 20 57 193 267
18 12 31 28 219 424 208
38 19 43 38 241 409 429
25 36 26 40 286 494 390
19 46 42 32 321 588 318
27 46 13 33 267 477 252
41 36 49 42 124 347 244
26 18 50 18 165 432 198
18 21 40 32 385 544 63
45 37 12 43 13 135 362
32 24 23 43 146 379 307
13 42 14 50 77 216 299
43 32 33 22 99 394 390
10 39 19 27 66 244 352
45 28 11 34 455 567 343
24 48 29 10 313 595 231
22 34 50 26 321 495 172
20 19 14 50 388 667 435
50 12 17 22 333 504 266
44 38 22 19 282 485 150
27 34 26 39 388 685 171
46 37 40 10 372 508 133
49 24 48 35 241 456 125
44 13 23 42 7 129 208
36 49 14 14 241 484 79
31 45 38 41 303 595 194
13 27 32 43 385 563 458
31 32 38 19 261 425 354
25 12 18 19 76 303 123
19 47 12 12 238 347 129
29 46 38 11 115 407 162
44 17 17 12 74 318 475
36 42 13 22 319 619 286
22 47 17 20 105 319 217
31 24 39 46 445 546 161
20 50 30 15 340 582 304
44 21 39 26 250 425 408
18 43 19 11 434 556 138
29 31 29 18 286 475 273
48 40 30 41 120 344 439
45 23 45 50 303 424 239
28 16 13 34 88 324 158
35 18 28 26 382 580 218
24 26 25 41 28 252 337
11 49 14 43 293 538 499
38 32 47 39 343 630 439
14 45 42 48 59 276 412
32 23 48 40 100 283 359
43 49 29 16 459 715 292
20 48 49 14 465 701 317
46 49 46 46 6 291 108
50 43 47 32 275 496 233
31 47 43 13 496 673 323
33 22 24 38 228 523 295
47 11 38 12 401 650 174
14 38 37 18 305 515 137
41 16 18 23 33 193 402
13 32 39 21 459 575 135
26 23 31 35 443 584 333
39 14 28 44 268 369 404
22 22 41 50 385 677 332
24 24 35 27 40 310 453
24 43 10 11 44 266 495
34 49 50 21 212 393 453
15 28 50 16 305 459 403
15 24 42 14 187 452 68
20 20 35 21 265 384 99
22 45 38 46 27 165 240
13 32 21 22 336 436 184
34 26 49 39 70 249 86
41 39 27 23 469 638 223
22 10 39 16 445 725 243
31 45 47 27 50 254 213
27 12 31 12 37 154 353
12 45 23 13 213 342 315
26 39 20 47 470 727 315
20 34 43 15 309 515 455
15 21 14 16 173 287 337
25 27 21 44 372 524 309
33 17 14 10 227 429 413
25 43 35 45 377 590 193
25 37 23 21 275 416 172
35 50 41 22 339 529 385
46 18 11 24 175 458 131
32 44 18 10 294 424 53
24 47 42 38 242 486 300
22 14 37 44 138 314 425
31 49 32 17 332 590 277
43 11 14 25 322 430 337
47 33 21 10 482 697 420
18 48 24 18 109 211 51
30 41 46 20 81 343 154
27 18 49 12 48 190 456
37 37 21 11 31 289 287
36 45 23 16 43 222 302
50 36 46 30 240 345 361
17 47 37 11 279 429 88
25 19 39 30 108 214 110
34 43 15 45 422 581 180
18 31 11 16 461 657 208
32 44 37 48 23 260 139
29 36 41 40 210 366 196
11 34 12 47 183 377 439
50 24 33 16 452 749 446
22 36 47 16 435 700 426
50 42 22 33 460 658 81
18 15 31 31 100 259 388
29 31 32 43 334 519 212
43 39 32 29 319 507 444
41 16 10 50 313 501 365
47 17 50 50 338 476 375
29 38 45 18 138 239 154
33 37 43 23 2 242 55
48 45 18 22 148 439 148
14 13 47 15 403 593 422
17 48 14 49 204 503 296
10 27 10 12 449 709 334
29 21 31 20 82 237 91
37 10 47 20 181 376 92
23 21 36 28 264 511 366
29 16 41 36 330 556 412
41 33 20 39 196 401 458
25 44 23 29 259 445 362
40 31 48 42 15 295 353
39 44 29 18 413 559 328
34 13 40 10 329 458 293
32 47 44 44 446 599 95
46 36 13 44 407 631 378
18 22 44 19 448 662 382
32 25 36 50 454 739 388
19 39 20 36 121 312 142
50 27 50 26 248 533 192
13 26 35 14 325 495 471
38 12 35 29 38 163 107
10 14 44 38 457 706 193
30 41 29 31 191 468 229
45 36 36 28 431 628 159
32 34 47 11 198 337 131
46 28 26 21 32 193 96
25 13 36 41 405 550 284
15 24 35 25 469 632 414
12 40 21 47 458 645 438
16 35 34 44 89 251 79
42 23 31 35 370 585 137
39 15 16 33 23 195 303
21 11 18 22 475 767 467
16 10 18 21 443 723 226
26 45 36 50 92 302 184
32 16 48 23 432 697 69
38 23 35 30 232 432 325
42 19 41 50 41 228 481
11 36 24 44 125 357 304
19 32 30 30 161 435 186
44 36 41 13 53 156 76
16 13 46 14 399 503 56
19 44 30 50 144 299 440
12 16 39 18 222 381 64
13 17 37 37 126 387 156
43 40 35 42 102 397 326
15 18 26 29 484 657 454
15 15 25 29 183 430 134
12 19 26 33 290 525 450
40 22 34 19 48 309 445
21 45 27 38 81 220 99
20 42 30 20 282 405 277
31 37 50 36 284 458 220
25 26 22 21 213 441 114
28 32 21 40 211 383 355
44 44 14 43 46 199 340
46 36 39 10 267 560 276
49 36 47 31 368 488 73
16 13 44 16 60 338 195
12 28 25 31 467 725 305
48 38 18 21 310 443 371
49 23 26 46 178 367 255
36 24 33 44 484 616 197
37 45 22 50 20 302 154
25 18 27 13 235 420 392
41 42 32 49 171 284 74
37 43 14 26 146 392 221
13 10 15 42 415 584 71
29 13 35 28 344 505 339
44 14 47 47 236 363 135
50 43 28 46 181 295 222
14 40 30 20 88 314 119
23 34 46 13 67 294 299
35 44 15 28 472 733 163
43 21 14 21 467 642 241
32 13 36 42 17 254 431
41 17 21 14 165 297 455
50 44 40 37 340 592 78
26 13 45 50 291 534 170
42 30 39 16 351 631 319
31 29 17 34 468 575 219
23 20 45 29 21 306 413
46 46 46 15 257 424 438
37 50 47 46 51 290 165
49 10 14 19 113 261 54
25 50 33 31 238 383 199
41 30 32 17 157 415 494
30 21 41 35 326 536 129
49 46 40 48 500 655 324
22 42 49 15 298 481 71
21 32 40 42 323 472 443
33 10 19 23 332 607 439
28 34 23 17 416 705 69
41 41 38 41 421 683 392
11 27 14 40 54 313 439
16 24 24 18 372 532 457
45 33 44 46 140 302 446
21 31 46 27 101 267 416
45 17 27 38 86 354 391
24 11 28 27 21 124 284
43 25 12 18 347 598 453
33 35 36 48 322 588 346
10 29 43 47 352 594 447
46 17 26 12 100 247 442
34 24 36 30 64 198 470
29 41 41 26 392 516 64
34 38 27 38 471 758 239
43 37 35 36 241 461 203
15 25 21 41 73 244 265
16 41 24 44 273 373 394
22 48 10 10 349 459 121
34 42 50 29 54 277 186
40 13 23 32 346 619 80
26 11 44 43 189 325 302
37 10 35 22 381 670 198
12 30 46 13 419 664 342
34 34 36 33 471 741 391
11 50 33 12 262 376 391
28 13 19 38 169 386 162
30 48 42 22 163 321 344
48 31 45 39 239 404 499
17 16 50 18 483 656 407
13 26 42 13 143 265 347
43 15 38 44 346 454 218
29 18 44 45 207 488 475
13 35 17 16 63 310 268
12 11 19 29 276 424 492
35 18 10 43 337 473 368
20 23 23 47 279 412 462
29 21 12 15 440 724 448
10 45 14 46 75 287 132
43 44 36 22 159 261 264
35 32 39 28 447 675 244
13 43 35 10 332 622 352
48 31 25 45 422 592 121
42 43 16 15 157 427 446
39 14 40 13 406 594 58
33 50 22 24 255 502 95
21 21 16 50 241 352 150
37 47 26 13 95 333 143
11 27 10 37 30 189 86
47 25 44 43 278 560 447
42 32 36 24 223 367 454
31 25 24 28 414 521 416
42 22 32 11 500 668 432
17 46 35 47 189 289 477
11 36 38 48 224 412 159
37 24 19 22 94 326 88
12 41 44 21 193 485 438
29 13 39 40 389 610 346
34 26 23 19 401 594 226
29 32 30 45 486 631 109
38 39 34 11 94 212 136
47 46 44 21 129 320 397
27 38 13 18 458 720 301
39 12 21 35 430 562 385
34 19 12 19 70 260 276
13 16 47 31 398 516 161
22 15 37 44 234 480 237
16 29 17 14 287 442 434
32 48 42 33 391 527 105
24 25 33 19 261 479 353
40 22 27 37 281 481 399
22 11 48 49 488 733 68
39 50 31 28 466 746 482
48 27 49 15 378 505 462
35 23 21 28 247 463 346
34 23 17 32 172 472 196
39 19 38 45 107 324 60
16 42 42 42 39 237 383
23 40 41 42 24 246 109
39 39 30 18 352 525 398
40 32 17 24 191 441 204
39 39 38 22 209 465 351
41 18 12 46 19 133 316
27 36 15 48 12 152 433
49 47 40 41 249 458 132
44 24 41 17 484 706 410
26 16 22 14 187 296 258
37 48 24 20 337 512 50
23 47 37 36 485 685 207
11 15 30 17 470 635 178
21 42 29 23 230 427 351
39 33 14 11 478 736 343
22 22 19 23 106 237 213
38 33 33 12 199 437 228
17 32 50 49 276 405 449
48 42 35 34 485 763 211
28 14 10 41 281 397 181
18 28 36 14 243 512 77
31 44 27 24 153 396 184
23 48 17 34 155 399 267
41 27 27 13 265 396 310
26 34 24 15 232 447 199
16 37 37 46 473 736 480
13 19 23 35 467 696 282
23 42 37 49 471 659 272
24 26 36 20 90 211 366
35 19 23 24 70 338 205
22 47 27 47 303 501 337
24 29 35 12 67 228 444
19 40 35 15 411 683 157
11 27 41 30 498 748 371
50 37 26 12 308 571 242
26 24 23 34 424 549 147
12 42 12 44 215 381 84
21 47 33 16 465 743 475
36 27 48 32 428 575 332
35 39 16 23 343 594 477
41 34 28 22 209 340 50
22 24 32 42 383 615 273
25 31 23 39 152 446 307
24 12 10 32 92 342 146
30 47 28 23 382 654 271
34 33 34 13 246 375 173
21 38 24 36 132 382 402
50 25 23 40 98 263 259
34 50 11 18 472 662 399
29 24 32 39 143 283 84
25 50 24 37 11 263 172
47 30 27 42 454 670 293
47 24 47 32 6 202 438
33 26 46 18 147 371 332
42 41 15 14 144 256 439
15 12 30 44 206 447 178
47 32 32 23 162 285 280
31 25 10 11 380 501 376
13 46 23 46 440 648 163
27 10 46 10 497 599 100
35 22 34 21 305 502 119
30 11 43 32 469 651 335
21 45 45 50 155 437 107
25 37 29 20 201 421 253
10 17 27 17 416 538 459
25 10 16 13 354 487 248
19 11 50 32 480 641 200
39 19 14 42 388 584 237
41 36 22 39 376 620 422
32 32 24 35 62 232 359
43 34 19 41 423 532 416
50 42 13 27 44 151 310
14 42 37 33 261 368 103
38 33 26 39 29 131 114
37 48 14 30 420 555 474
36 43 31 14 31 324 114
18 16 44 16 384 663 423
49 46 43 36 145 370 374
10 29 45 33 424 532 72
48 38 22 50 288 395 285
44 49 19 28 483 743 377
12 24 27 28 162 276 103
39 49 42 37 153 420 428
46 21 21 27 251 550 349
33 41 12 49 163 392 399
33 50 32 12 27 207 120
27 42 47 39 47 264 106
46 11 31 30 273 499 332
21 24 10 46 360 623 133
43 20 48 26 272 468 275
48 46 50 33 368 605 217
39 11 36 42 35 175 76
43 34 27 41 4 277 182
40 36 28 43 273 491 429
45 49 42 34 196 496 374
25 35 36 47 171 351 354
15 42 27 37 2 124 444
49 17 34 11 398 537 176
41 36 38 36 219 376 168
28 10 41 14 493 754 164
37 47 20 23 251 440 328
34 35 13 45 411 665 82
49 48 27 50 242 353 232
28 25 42 38 419 547 106
30 35 16 14 466 576 427
23 45 21 13 8 257 314
49 34 13 17 425 724 324
32 46 46 45 89 320 247
23 24 23 13 316 426 491
13 30 17 48 302 540 92
17 12 38 22 354 598 88
13 28 23 42 86 322 330
28 21 36 16 236 497 230
27 12 45 46 348 488 103
43 36 50 48 89 356 472
19 38 50 24 470 649 472
49 10 40 43 35 215 77
30 10 44 33 9 154 213
48 48 18 19 378 672 445
28 37 21 31 99 324 450
30 49 13 50 396 501 334
23 35 14 48 145 429 282
32 22 19 17 332 487 281
14 25 19 48 357 569 309
50 37 29 28 141 270 289
50 42 23 11 74 331 112
23 31 20 27 170 328 152
24 46 15 32 330 489 353
10 34 30 31 173 417 351
26 25 12 30 482 600 181
13 21 29 47 194 402 221
38 28 21 22 110 358 411
43 10 47 35 219 361 309
