500
34 45 73 62 196 3771 5000
49 55 16 66 58 7194 5000
72 22 34 24 209 7750 5000
16 68 62 62 97 2344 5000
65 30 47 68 120 6615 5000
26 30 49 43 281 8148 5000
74 63 31 48 69 3627 5000
42 30 51 29 0 2620 5000
41 64 72 16 281 2846 5000
58 32 58 49 137 3580 5000
34 31 40 31 156 839 5000
63 50 73 73 36 7001 5000
19 44 16 61 261 3340 5000
66 70 66 51 60 2108 5000
65 54 32 66 225 3853 5000
61 18 32 49 132 1809 5000
42 48 63 50 136 4038 5000
27 42 45 51 169 8202 5000
29 28 56 20 194 6939 5000
20 16 38 28 187 5812 5000
61 48 44 68 11 3859 5000
63 31 46 27 295 7863 5000
70 65 68 73 193 1848 5000
20 55 68 69 54 3989 5000
23 34 26 29 131 6554 5000
44 59 67 22 169 3785 5000
61 54 37 36 58 362 5000
38 17 45 21 139 7789 5000
73 63 65 54 102 3560 5000
43 74 25 40 82 2185 5000
34 16 74 67 237 3294 5000
59 61 39 55 3 6785 5000
53 19 50 38 216 5497 5000
34 43 38 55 161 6845 5000
34 73 74 28 65 966 5000
16 28 36 16 143 6667 5000
71 38 57 62 92 5059 5000
61 69 26 39 122 5612 5000
16 53 31 42 264 7728 5000
19 33 43 32 238 5925 5000
39 20 65 30 235 2959 5000
30 41 72 45 224 3752 5000
19 39 67 53 270 7941 5000
69 43 53 32 174 8009 5000
21 62 31 60 268 2576 5000
53 67 54 34 5 4354 5000
70 17 46 33 237 5340 5000
30 63 15 16 256 1983 5000
61 52 34 33 277 6733 5000
31 16 29 28 289 331 5000
32 59 29 29 223 2120 5000
74 21 60 74 116 4268 5000
69 16 57 62 38 6125 5000
49 29 18 50 226 8332 5000
33 30 20 57 0 5099 5000
15 72 44 39 99 2663 5000
29 42 43 62 259 8230 5000
61 73 68 38 117 1425 5000
50 21 38 35 48 7908 5000
20 50 54 35 150 1132 5000
35 47 65 46 222 3380 5000
19 53 62 60 216 7811 5000
34 33 26 50 57 1152 5000
36 43 33 25 298 6288 5000
41 50 66 65 267 4577 5000
41 19 23 30 294 7326 5000
24 43 67 57 33 3768 5000
15 16 34 20 108 5007 5000
69 32 19 66 242 4158 5000
71 31 41 73 47 5202 5000
41 18 72 43 47 3964 5000
58 31 43 26 16 5201 5000
32 67 55 26 274 1403 5000
63 37 21 69 184 6227 5000
38 38 59 43 198 845 5000
52 73 65 58 202 3415 5000
45 20 58 25 219 6250 5000
41 47 37 28 232 4692 5000
55 51 16 74 9 4837 5000
19 50 68 56 78 1727 5000
17 39 18 25 105 896 5000
57 48 56 71 198 1621 5000
36 72 48 26 100 3720 5000
52 55 73 73 100 5647 5000
26 56 56 67 292 7142 5000
40 30 23 23 102 6139 5000
62 38 53 51 26 6987 5000
21 53 70 68 285 638 5000
55 19 20 53 224 1354 5000
52 15 30 42 77 354 5000
25 54 33 50 111 3975 5000
28 41 44 40 127 1326 5000
16 53 18 61 156 2997 5000
55 64 65 69 247 6284 5000
56 21 30 71 260 5747 5000
32 28 33 23 162 1949 5000
19 43 23 34 232 8095 5000
26 56 44 50 117 7788 5000
47 35 34 33 277 7982 5000
43 43 42 27 136 7044 5000
35 74 34 48 53 3040 5000
21 55 34 60 273 1365 5000
68 67 56 21 125 2780 5000
59 65 53 52 78 7158 5000
32 39 72 36 267 7033 5000
40 45 64 45 213 6725 5000
26 72 64 57 107 7489 5000
59 72 47 34 146 6814 5000
34 27 30 24 282 6650 5000
65 33 49 52 136 536 5000
71 31 25 34 289 3729 5000
60 21 74 61 92 4317 5000
74 68 58 71 46 3416 5000
66 69 56 39 224 1447 5000
22 18 21 38 40 6837 5000
62 70 45 42 206 3470 5000
55 47 53 34 14 3438 5000
35 28 27 36 215 6010 5000
39 64 56 50 239 3697 5000
66 57 23 40 171 3505 5000
42 58 21 41 293 4124 5000
44 55 65 17 65 7230 5000
67 31 63 65 91 5342 5000
46 49 61 30 99 2668 5000
49 66 60 45 43 5867 5000
72 49 70 41 41 7590 5000
66 33 16 32 68 6489 5000
74 41 32 62 36 1112 5000
56 35 68 71 104 3107 5000
50 17 72 65 200 1436 5000
38 16 61 30 160 7866 5000
45 74 71 46 14 6525 5000
50 61 56 21 217 3936 5000
33 42 37 32 293 5587 5000
42 15 21 54 36 3330 5000
15 40 56 15 243 3654 5000
40 63 61 71 252 2292 5000
29 43 16 30 118 6474 5000
37 60 52 53 162 1486 5000
73 24 22 39 197 5723 5000
73 42 66 17 223 1588 5000
58 29 43 20 0 5285 5000
38 28 63 34 246 472 5000
36 70 25 30 5 1677 5000
21 24 18 33 79 3119 5000
60 29 25 47 236 2369 5000
54 47 70 31 43 4279 5000
31 32 72 59 184 2419 5000
36 42 31 49 96 1387 5000
74 72 50 29 260 2339 5000
57 19 64 43 255 1920 5000
74 25 71 23 89 1200 5000
47 30 47 71 86 6269 5000
21 26 18 17 279 6630 5000
65 64 19 56 81 1915 5000
64 74 62 73 253 4048 5000
66 18 16 50 134 5051 5000
34 30 72 27 224 8366 5000
19 25 72 44 137 8044 5000
55 36 59 42 105 3943 5000
55 21 56 73 152 3298 5000
23 41 29 63 268 3460 5000
68 61 71 59 229 510 5000
15 15 20 69 85 7794 5000
70 18 67 56 281 7396 5000
59 21 52 28 273 5185 5000
35 21 73 43 255 7021 5000
20 59 55 21 74 4513 5000
69 59 18 27 11 3301 5000
33 71 66 70 119 8306 5000
36 70 57 51 191 5512 5000
17 74 59 64 23 6549 5000
56 33 35 30 241 2256 5000
60 73 46 24 224 3714 5000
36 68 47 54 276 2307 5000
56 18 36 31 105 7329 5000
73 61 61 20 56 7691 5000
39 38 65 56 176 8137 5000
69 51 46 53 130 7755 5000
71 41 43 31 251 3523 5000
29 39 17 28 267 5895 5000
35 15 29 30 80 6410 5000
47 70 16 30 89 1658 5000
50 24 20 40 108 1842 5000
42 47 60 20 157 7806 5000
65 17 46 25 86 6592 5000
56 36 59 33 135 1653 5000
21 59 27 66 67 1435 5000
27 19 30 16 182 4276 5000
31 23 74 36 242 1329 5000
57 33 32 64 164 2740 5000
44 30 23 72 195 3417 5000
62 39 18 44 122 7193 5000
73 66 23 17 137 3102 5000
22 72 52 23 164 780 5000
23 22 42 42 293 3384 5000
32 57 27 60 145 1913 5000
67 50 69 36 282 3880 5000
21 70 33 31 31 7905 5000
30 57 52 70 233 1456 5000
36 50 70 49 205 8259 5000
59 57 58 19 190 2835 5000
60 74 44 56 81 2349 5000
22 66 30 19 83 5661 5000
42 20 24 54 29 3853 5000
41 44 35 53 70 5076 5000
52 30 15 69 187 5578 5000
66 31 42 62 168 7198 5000
63 46 51 56 202 2215 5000
42 28 48 34 157 4834 5000
21 34 70 68 219 2556 5000
29 20 27 44 172 4092 5000
20 49 55 55 153 5291 5000
35 33 53 45 72 1204 5000
54 66 44 42 147 5492 5000
42 44 55 46 135 6257 5000
59 51 36 17 197 3973 5000
44 21 45 38 287 4188 5000
35 50 16 72 168 5851 5000
59 59 24 52 158 6791 5000
43 34 56 22 269 3113 5000
55 19 17 43 163 6561 5000
62 43 51 72 246 7450 5000
55 40 70 35 126 4189 5000
30 19 73 46 17 8095 5000
49 46 66 48 135 6253 5000
71 36 40 39 9 8091 5000
40 30 52 47 248 6135 5000
39 67 41 17 32 6256 5000
27 37 23 74 58 6883 5000
34 36 43 63 229 7031 5000
67 48 31 37 0 3807 5000
50 70 36 36 255 5692 5000
31 45 19 22 233 2079 5000
23 71 20 74 129 5689 5000
72 56 66 51 173 2577 5000
74 66 18 52 55 826 5000
53 15 62 17 18 738 5000
55 54 31 48 286 7524 5000
51 29 58 58 126 1080 5000
23 36 54 44 298 701 5000
15 52 19 57 53 2556 5000
72 63 63 72 264 5251 5000
16 35 31 72 117 4483 5000
71 17 57 37 223 6482 5000
39 22 23 54 23 3521 5000
42 69 64 48 187 5612 5000
44 21 21 18 288 7698 5000
69 69 32 30 60 4572 5000
43 55 59 32 110 3415 5000
29 55 33 42 240 8306 5000
64 23 67 49 42 6415 5000
74 73 33 33 145 6361 5000
56 21 28 21 243 7915 5000
65 25 35 19 274 7255 5000
70 58 33 28 120 6848 5000
66 55 27 49 72 708 5000
54 49 23 39 185 7746 5000
30 40 50 58 207 4878 5000
20 66 62 69 194 5994 5000
50 26 30 29 243 2916 5000
36 67 28 33 152 2879 5000
48 37 22 47 154 6401 5000
24 30 49 47 164 5814 5000
37 49 18 26 31 4813 5000
25 43 63 34 40 2092 5000
40 46 59 67 188 2068 5000
56 67 18 69 32 6630 5000
40 16 31 40 115 5417 5000
53 52 74 65 115 2628 5000
46 56 67 21 235 2243 5000
56 25 42 28 285 1807 5000
17 66 33 39 3 6126 5000
64 62 72 61 14 3082 5000
57 54 34 42 292 5767 5000
58 37 48 56 174 1068 5000
50 46 38 35 98 631 5000
44 64 17 70 48 2654 5000
16 36 32 29 253 4303 5000
67 58 53 65 258 3639 5000
38 60 31 27 152 2332 5000
19 33 70 60 223 7582 5000
28 57 64 42 85 5421 5000
52 22 32 22 129 6272 5000
26 27 26 71 288 4831 5000
21 45 55 65 246 3941 5000
24 53 18 40 150 5291 5000
64 27 65 59 7 8251 5000
44 31 56 39 193 1542 5000
62 41 59 52 10 861 5000
34 65 63 21 14 7285 5000
48 19 71 56 122 3594 5000
26 64 25 19 271 4981 5000
33 47 36 38 246 349 5000
36 62 57 44 192 1631 5000
23 25 56 58 200 4368 5000
37 16 62 72 65 2453 5000
16 63 60 74 130 2578 5000
52 57 28 43 159 8095 5000
23 34 40 41 88 3767 5000
66 44 49 48 237 1855 5000
20 22 71 42 8 2599 5000
23 30 63 20 226 2422 5000
30 58 51 23 0 4190 5000
40 54 48 53 74 2436 5000
42 71 18 65 174 7336 5000
42 49 71 17 2 1097 5000
36 16 36 72 243 7070 5000
21 32 73 73 70 1121 5000
45 65 57 62 56 665 5000
58 67 46 26 84 3645 5000
54 30 72 57 125 639 5000
26 74 46 65 14 5563 5000
64 16 27 60 220 7929 5000
39 24 28 53 153 6109 5000
51 57 52 31 107 3000 5000
21 52 65 23 16 4453 5000
35 58 22 69 53 5918 5000
41 46 65 33 173 583 5000
62 24 61 57 81 5712 5000
21 25 41 21 78 1927 5000
30 18 66 33 3 4557 5000
52 24 70 20 29 1649 5000
20 19 55 16 39 573 5000
26 29 59 20 271 7151 5000
33 30 48 74 19 6608 5000
25 16 62 49 105 4962 5000
60 20 58 19 165 6580 5000
55 73 33 73 261 2823 5000
32 25 51 64 81 7031 5000
52 17 29 52 31 8181 5000
52 70 66 18 72 2132 5000
55 53 16 54 73 1168 5000
55 55 21 53 5 7169 5000
30 23 53 42 44 6278 5000
61 64 30 26 154 6103 5000
39 42 32 50 118 4151 5000
42 54 66 68 243 4980 5000
41 17 71 33 284 5810 5000
33 44 17 73 193 3543 5000
40 29 54 33 54 3752 5000
34 51 47 65 165 2826 5000
21 67 37 53 276 4206 5000
65 16 24 20 55 3884 5000
66 44 31 68 293 3254 5000
63 32 34 29 17 7485 5000
47 55 65 45 179 1607 5000
36 55 26 47 4 5675 5000
67 47 40 71 187 5944 5000
67 30 49 67 146 2140 5000
67 21 21 47 214 4245 5000
48 69 74 42 20 7649 5000
60 29 43 55 266 7988 5000
64 59 46 66 39 344 5000
56 49 66 21 56 8052 5000
49 60 20 42 254 5013 5000
55 63 29 18 164 1745 5000
29 24 22 59 34 5406 5000
46 43 73 39 12 6496 5000
31 47 39 28 91 4505 5000
63 20 30 18 200 7332 5000
72 35 35 72 257 5989 5000
56 35 66 23 128 2792 5000
42 35 44 64 294 5363 5000
33 24 45 16 129 1816 5000
50 29 18 52 72 4471 5000
38 61 67 36 39 5007 5000
38 60 56 37 205 6448 5000
28 19 28 42 19 8221 5000
51 45 55 31 197 851 5000
35 40 53 19 168 6861 5000
25 53 37 50 150 8374 5000
33 39 39 62 247 7724 5000
23 44 38 45 79 5795 5000
68 66 49 25 31 4542 5000
68 70 65 18 241 2883 5000
27 49 37 41 256 5649 5000
25 74 28 33 71 2458 5000
26 63 24 66 208 6092 5000
30 56 62 64 256 1974 5000
51 24 62 62 170 6992 5000
70 33 62 42 160 6874 5000
54 39 58 43 288 5683 5000
47 47 19 36 123 5401 5000
16 61 74 74 83 962 5000
16 30 28 62 108 1953 5000
72 25 72 59 283 3119 5000
34 73 59 70 221 5961 5000
69 36 47 68 89 6802 5000
33 72 50 57 109 2514 5000
19 44 43 28 186 3869 5000
41 42 54 15 289 6124 5000
53 74 27 23 273 4249 5000
61 40 71 28 2 4399 5000
61 70 19 39 3 395 5000
47 25 55 45 147 5197 5000
36 54 65 72 74 6342 5000
72 74 28 44 198 3909 5000
36 67 45 23 25 3657 5000
20 22 64 62 199 4231 5000
33 37 32 64 177 4517 5000
46 49 33 53 33 401 5000
69 64 50 51 93 991 5000
70 17 59 61 242 5119 5000
64 15 27 68 63 1317 5000
38 69 64 54 135 4085 5000
54 49 23 35 129 6271 5000
60 48 18 69 11 7054 5000
46 24 44 24 120 6161 5000
19 34 55 63 110 364 5000
38 55 29 74 77 3576 5000
33 40 40 67 169 5349 5000
19 49 44 52 229 1931 5000
32 30 15 24 54 3210 5000
71 16 44 29 23 6107 5000
43 37 38 34 296 8233 5000
51 48 16 64 274 7358 5000
18 74 53 71 9 4081 5000
36 66 30 50 99 8159 5000
15 26 67 66 129 7177 5000
47 43 61 16 207 6147 5000
37 25 44 43 5 2762 5000
22 26 38 41 192 8198 5000
15 29 59 64 7 3676 5000
34 53 43 46 85 3587 5000
16 69 67 38 38 4177 5000
61 59 43 42 186 5460 5000
25 54 58 45 30 8291 5000
59 51 63 60 191 8209 5000
27 45 26 30 61 2381 5000
50 18 29 37 173 6882 5000
70 59 20 36 282 6974 5000
65 74 50 55 126 305 5000
29 21 71 69 2 3977 5000
49 72 64 69 119 6043 5000
29 59 16 23 113 4798 5000
19 67 70 65 5 5280 5000
74 49 44 48 220 3159 5000
49 74 43 16 243 6889 5000
21 23 34 51 52 7001 5000
57 16 23 52 64 3617 5000
72 60 37 42 118 3959 5000
56 38 57 28 227 3266 5000
73 55 54 40 223 1711 5000
41 50 29 60 215 2149 5000
61 57 25 19 276 6185 5000
34 59 15 31 274 4149 5000
69 70 66 42 291 5305 5000
17 64 35 68 130 4643 5000
47 61 25 25 150 887 5000
50 17 70 19 144 1719 5000
16 46 62 46 73 7195 5000
22 47 51 43 15 7290 5000
62 33 58 17 97 2654 5000
47 68 67 70 116 5367 5000
15 29 36 24 224 5057 5000
15 56 68 21 120 7443 5000
65 20 68 21 109 6035 5000
21 73 22 61 44 5754 5000
50 16 35 15 267 4794 5000
52 37 34 35 26 7951 5000
68 31 57 64 299 2207 5000
35 47 55 71 155 8297 5000
18 21 55 39 3 1991 5000
58 71 39 16 242 3650 5000
62 74 47 69 207 330 5000
29 41 59 63 17 4965 5000
49 30 21 34 148 6028 5000
34 67 43 29 133 7153 5000
33 59 31 22 249 5810 5000
17 66 48 30 225 8183 5000
21 38 64 23 151 5381 5000
24 41 74 64 284 3270 5000
50 42 30 25 79 1849 5000
37 18 65 18 50 1969 5000
47 73 63 62 225 6207 5000
64 38 69 71 23 6802 5000
39 54 45 48 52 7361 5000
57 53 50 66 95 8088 5000
29 54 55 40 139 2340 5000
64 35 61 16 121 7963 5000
23 37 37 73 196 6212 5000
67 33 51 20 263 1443 5000
44 35 24 35 82 4036 5000
73 21 20 62 90 6704 5000
29 61 69 72 253 758 5000
45 65 37 52 210 4814 5000
50 45 59 55 259 2107 5000
33 17 52 25 248 4773 5000
58 30 28 23 43 2275 5000
26 41 28 16 137 4204 5000
49 24 36 32 251 7363 5000
53 23 52 15 73 2202 5000
24 30 32 61 11 3936 5000
53 21 16 31 76 2406 5000
60 20 63 26 224 5724 5000
30 16 37 63 293 1384 5000
58 26 49 33 162 1472 5000
41 74 29 29 31 2524 5000
22 31 51 27 33 6564 5000
