350
14 13 9 8 3184 3343 1
10 13 14 5 3078 3194 9
8 12 14 7 552 704 10
14 10 15 13 2321 2423 8
8 12 11 7 1855 1925 2
14 5 8 8 1162 1282 6
6 15 12 13 2550 2636 2
5 10 5 10 2507 2601 2
7 6 13 14 2251 2317 9
5 13 13 12 443 564 3
14 8 13 14 2243 2434 5
15 13 13 15 2967 3064 8
13 7 6 5 1465 1597 9
5 9 9 12 1102 1230 7
15 10 13 13 2818 3010 2
15 12 5 10 1903 1993 7
13 15 8 9 437 526 7
6 13 7 7 1039 1143 6
11 10 15 13 1865 1991 10
6 8 12 13 1765 1831 2
10 5 9 11 1421 1534 2
9 8 9 15 3086 3221 3
13 6 12 9 2173 2229 9
10 14 13 12 2239 2292 3
13 13 5 5 198 286 7
5 12 6 11 54 132 6
6 7 12 9 1420 1494 2
7 9 7 9 2539 2646 6
15 12 5 14 1169 1310 4
7 13 8 10 541 645 6
10 11 7 14 3252 3388 2
6 7 9 8 52 148 5
12 11 9 7 991 1032 7
8 8 12 7 876 973 6
9 12 8 8 2715 2804 9
10 10 5 9 2199 2318 2
13 8 6 9 1478 1531 1
12 6 15 13 1582 1676 5
8 12 13 9 3006 3135 3
6 6 15 9 934 991 1
8 15 8 9 1028 1124 5
6 5 12 5 385 480 10
9 10 10 13 1485 1643 7
7 15 5 14 890 1062 9
5 14 6 8 2521 2595 1
12 5 8 9 2685 2801 6
7 7 11 10 992 1039 2
10 11 13 6 3103 3234 7
12 8 5 6 953 1034 3
14 6 6 10 962 1022 1
12 10 11 7 631 803 2
6 6 13 9 673 793 9
6 12 15 8 2225 2361 6
14 9 15 14 2531 2645 4
11 6 5 7 3180 3288 9
6 13 7 8 320 396 4
9 14 10 13 2194 2301 2
7 6 11 9 589 624 3
12 10 6 6 622 749 7
6 5 9 10 1913 1964 7
14 14 9 11 1033 1199 4
12 12 9 11 671 806 1
7 6 5 12 2547 2669 1
15 14 10 5 2806 2985 9
8 5 13 9 648 713 2
8 13 8 10 923 1085 3
6 11 7 13 2074 2148 2
13 11 13 8 2741 2836 10
13 15 12 15 2994 3099 1
9 9 13 10 1321 1478 10
6 12 10 11 2204 2286 4
6 6 5 12 2811 2846 8
11 9 15 12 800 904 5
12 14 7 11 121 285 5
10 13 5 5 2626 2755 5
10 15 15 11 2795 2917 10
10 13 5 11 2544 2606 8
8 10 9 8 2974 3039 2
13 12 6 13 2537 2652 1
11 8 6 5 1331 1361 1
9 8 9 9 2154 2292 1
15 10 5 14 801 966 5
10 12 9 5 20 139 1
6 7 11 10 171 284 8
9 10 14 5 1845 1886 3
11 15 11 14 1731 1855 4
9 6 6 11 2151 2267 9
13 13 11 9 2432 2478 9
10 12 15 7 3055 3170 10
14 13 9 6 3188 3306 4
14 6 6 5 2806 2927 5
14 9 6 15 478 547 5
10 6 13 6 2332 2446 10
14 13 14 14 1795 1984 2
15 6 10 10 957 1117 6
14 9 9 10 1872 1979 1
8 8 5 15 760 875 9
7 6 15 10 886 1033 9
14 15 15 8 2139 2323 3
8 7 6 13 1530 1655 4
6 11 9 12 1454 1564 7
10 13 11 15 1685 1826 6
8 10 5 7 146 266 7
13 14 11 15 286 360 7
13 6 5 14 2665 2760 1
11 8 12 13 907 1046 4
8 6 5 14 1174 1302 1
9 7 6 8 921 1043 6
14 11 7 5 308 412 1
10 15 15 12 1385 1482 5
8 7 8 5 2243 2338 7
5 10 5 5 1179 1265 2
8 14 11 14 1695 1795 1
8 7 14 9 1151 1234 4
10 12 6 7 449 524 7
13 9 8 12 95 257 3
14 12 14 7 542 682 2
12 11 14 14 981 1154 3
13 12 14 11 3034 3114 2
5 6 9 15 415 548 1
14 10 8 5 3074 3125 7
6 5 13 12 797 877 2
11 7 14 5 2934 3019 2
9 8 13 7 2616 2704 8
12 8 10 5 2872 2916 10
6 11 12 9 2784 2893 10
14 8 15 7 689 874 4
13 15 13 5 1140 1322 1
6 5 8 9 1669 1724 3
5 10 9 8 1674 1774 8
7 8 8 7 1070 1127 9
6 9 15 15 2585 2737 10
11 11 7 15 1341 1444 2
10 8 7 8 2616 2683 9
13 15 8 5 1454 1512 1
13 6 13 5 2274 2430 9
12 13 14 8 2904 3032 8
15 10 11 11 360 424 4
6 13 9 8 1032 1128 3
13 12 6 6 2955 3108 10
12 15 14 13 1556 1660 7
12 13 11 10 2813 2900 5
12 12 5 14 2772 2905 10
13 8 7 13 3179 3225 6
15 14 9 9 3216 3321 10
5 12 9 15 2041 2123 1
9 5 7 14 3014 3086 2
8 13 7 5 2162 2245 3
13 6 14 8 851 1016 5
14 9 5 13 2846 2911 10
5 5 12 14 286 395 4
6 12 7 6 2799 2839 8
14 9 6 11 1585 1666 9
15 9 5 13 907 1062 6
7 7 11 5 673 772 5
5 14 9 13 1107 1166 6
13 15 11 11 1713 1850 4
7 12 12 9 2345 2427 5
13 9 9 7 1285 1413 6
7 15 15 5 2118 2236 5
15 5 7 15 1832 1960 10
14 6 8 6 1344 1412 8
9 7 6 10 1039 1095 9
15 7 5 9 813 865 7
11 5 12 11 2815 2906 7
6 13 15 8 2941 3089 10
9 11 13 6 1922 2059 9
8 15 5 12 2528 2620 7
8 12 9 10 15 152 9
10 11 5 14 1114 1253 8
15 11 9 6 514 621 3
6 7 9 11 1878 1991 4
13 10 11 11 1241 1432 8
10 6 9 15 1918 1991 10
7 12 6 11 1224 1281 8
9 5 5 15 2585 2699 8
12 14 11 11 1666 1748 2
14 5 8 6 1818 1873 8
15 15 15 6 1834 2006 5
12 15 5 15 2205 2357 9
10 6 8 6 36 132 1
10 10 9 12 3219 3360 6
5 12 10 14 1792 1870 2
5 10 15 8 2364 2423 7
6 7 5 13 2769 2868 1
10 14 5 14 3228 3381 1
13 15 13 8 2912 3033 7
10 5 12 6 586 667 10
7 5 11 6 1601 1646 10
11 11 5 12 2556 2613 2
9 8 5 9 1896 2021 9
14 12 5 14 659 839 3
6 8 11 15 3214 3265 3
9 5 15 7 2266 2378 9
9 8 7 6 1505 1560 8
8 12 6 10 1546 1613 3
10 13 6 14 1614 1727 6
9 7 14 9 1551 1668 4
10 12 7 13 1245 1398 6
10 14 10 11 1032 1208 6
8 5 11 5 2455 2551 5
7 9 11 13 1624 1748 5
13 12 10 13 2544 2706 4
7 8 11 15 1519 1602 1
10 12 9 12 720 872 4
10 14 14 14 1529 1707 6
14 14 8 12 549 712 6
8 7 7 13 450 542 6
7 6 15 5 2243 2384 10
9 12 7 8 419 573 2
14 15 12 6 2023 2177 3
11 10 13 10 501 559 3
7 13 8 14 2870 3031 1
9 7 13 10 2088 2228 4
10 11 10 6 2280 2398 4
5 6 9 5 3246 3320 7
15 15 9 7 2583 2724 5
8 9 14 11 2540 2620 9
5 7 10 9 523 631 7
9 8 12 7 777 813 6
12 7 11 8 1165 1316 9
9 10 9 14 3016 3195 5
12 12 11 13 2346 2431 1
5 8 15 10 551 705 1
14 10 6 15 2985 3174 7
5 5 15 8 2269 2386 2
12 13 7 12 1998 2084 8
6 6 12 10 2299 2365 5
8 14 14 7 220 347 9
10 13 15 11 2344 2501 9
10 9 5 13 1555 1651 7
7 13 14 13 874 990 4
10 10 14 14 480 673 2
11 10 15 12 2939 3097 2
12 13 6 14 2690 2881 2
15 7 15 5 1373 1512 2
6 11 12 6 440 532 4
7 10 5 7 3255 3328 8
7 9 11 7 2614 2735 1
15 9 8 8 506 627 2
9 15 6 5 733 854 3
11 11 13 9 2729 2794 7
14 10 7 14 2805 2864 2
13 9 7 9 2306 2448 7
6 6 11 7 1870 1941 8
7 10 15 5 2522 2625 9
9 15 10 10 1624 1713 2
5 14 15 9 2256 2327 9
14 6 8 10 2908 3043 5
8 9 12 10 384 432 2
13 7 8 15 2230 2274 3
15 7 14 12 287 350 9
15 14 12 12 1247 1317 9
11 6 9 12 2777 2818 10
7 10 8 5 3144 3207 2
13 8 13 14 731 810 6
14 9 14 5 1769 1861 2
15 5 9 13 103 230 8
8 8 10 8 2286 2414 5
14 8 7 15 1295 1354 9
8 14 13 6 2568 2658 9
15 9 13 5 2078 2146 3
14 10 11 10 2630 2824 2
12 10 11 6 1896 2007 7
10 8 6 8 1782 1891 9
6 9 9 15 2831 2921 2
5 7 10 10 1716 1819 8
9 11 15 9 2732 2907 2
11 13 9 13 2170 2308 6
12 9 14 9 1888 2008 8
11 15 9 12 594 740 9
6 6 11 5 1036 1148 7
11 6 12 13 2925 2996 8
6 8 14 5 2130 2204 7
12 6 6 10 815 893 4
11 14 12 13 412 541 3
9 12 10 12 1575 1719 4
13 5 12 10 45 123 7
15 11 7 9 1869 1939 9
8 11 7 9 1606 1747 7
7 6 11 11 2016 2130 3
15 8 10 9 586 758 2
5 11 5 15 2816 2920 2
8 12 9 15 1214 1404 4
15 7 10 11 2950 3060 10
15 9 7 12 3098 3229 6
12 7 14 9 352 478 2
15 11 10 11 3116 3169 8
5 7 15 9 2172 2313 4
15 9 12 10 1145 1240 8
10 7 12 6 1203 1250 5
9 11 11 5 1797 1930 9
6 13 14 15 1610 1774 4
10 13 14 8 2920 3027 8
14 13 5 7 490 550 3
10 6 10 14 2850 2938 6
9 6 6 6 1006 1112 9
10 8 13 15 256 356 10
15 12 9 11 2973 3055 10
12 10 14 8 2123 2275 9
14 11 11 7 2635 2696 9
5 15 11 9 2403 2495 4
10 12 8 15 2122 2295 7
7 11 9 15 651 789 10
5 12 13 7 409 535 4
9 12 5 13 769 904 8
13 15 15 15 247 392 1
10 11 9 9 3142 3302 7
15 14 9 7 247 359 10
10 15 5 7 2704 2817 6
5 10 12 5 388 456 4
7 15 12 6 1344 1512 1
6 13 6 9 1531 1616 2
11 12 10 14 2749 2934 5
11 9 6 6 1821 1938 6
11 7 15 9 1730 1855 7
9 13 13 15 1145 1218 9
10 15 7 12 1962 2042 8
7 10 6 12 2195 2307 8
15 10 15 6 1133 1255 4
7 10 11 14 1116 1284 2
7 10 5 12 371 483 2
13 15 10 15 286 474 9
12 12 5 9 2720 2780 8
14 12 11 5 3105 3196 1
12 13 10 9 1926 2096 1
6 12 8 7 1417 1528 6
6 12 14 8 971 1042 7
14 9 9 11 456 585 4
15 15 15 15 1173 1317 8
12 10 5 5 2844 2921 7
15 7 11 7 722 771 10
11 5 13 12 2510 2685 3
11 9 5 15 1552 1625 3
11 13 14 10 1379 1514 4
14 12 5 15 147 324 2
12 10 6 13 3244 3318 3
10 10 5 8 2683 2731 7
6 5 7 5 2177 2206 6
14 6 6 13 1345 1457 9
7 14 10 11 2246 2377 10
7 12 5 8 1845 1919 9
8 15 6 7 1559 1640 2
8 9 14 14 683 804 8
12 8 15 9 2021 2107 4
9 9 7 7 2841 2964 10
15 9 11 8 1375 1533 3
12 6 12 8 2714 2873 3
8 15 13 10 590 763 8
5 5 5 8 2374 2415 6
