450
41 30 49 28 261 485 4500
60 18 66 37 93 3287 4500
53 26 70 65 297 2981 4500
54 17 48 44 133 5096 4500
24 66 53 18 193 6826 4500
47 16 25 65 273 4034 4500
50 49 60 57 174 4752 4500
36 30 41 42 79 5609 4500
35 58 53 31 82 3819 4500
30 41 60 63 113 1016 4500
63 27 24 15 246 6318 4500
33 74 44 25 121 5208 4500
41 64 29 70 179 4851 4500
35 49 24 47 37 603 4500
63 29 52 49 255 1865 4500
17 41 25 74 202 7127 4500
74 67 45 46 103 3979 4500
35 73 19 32 183 5673 4500
56 62 44 19 125 7125 4500
33 30 33 18 228 6131 4500
50 64 41 38 130 6317 4500
52 25 69 18 106 2769 4500
17 33 59 20 73 1662 4500
68 51 19 43 23 6297 4500
26 44 36 62 101 2275 4500
27 42 18 38 46 6737 4500
48 53 46 29 35 3417 4500
28 34 57 49 180 5502 4500
37 29 59 38 243 2039 4500
62 71 49 48 162 2873 4500
51 56 19 63 219 3969 4500
43 73 22 15 207 733 4500
56 38 52 30 142 6947 4500
30 38 48 52 214 2948 4500
51 70 50 71 188 4546 4500
32 21 72 51 14 1512 4500
67 51 21 24 240 6729 4500
47 67 62 61 260 7142 4500
74 62 44 66 120 5279 4500
46 71 70 62 156 1610 4500
58 74 44 66 142 7154 4500
36 68 62 20 36 5021 4500
29 64 56 40 153 2296 4500
29 73 67 43 38 4895 4500
46 60 55 18 176 3907 4500
58 22 62 64 16 3373 4500
72 29 39 24 250 7445 4500
31 34 48 17 125 6750 4500
23 33 68 52 130 6219 4500
66 45 58 71 50 3612 4500
36 18 63 40 104 3780 4500
64 20 38 38 235 4833 4500
15 47 17 73 200 4764 4500
47 26 59 51 177 4915 4500
58 34 23 54 207 3164 4500
15 39 21 73 195 4662 4500
73 54 65 36 260 3686 4500
32 70 63 32 28 7041 4500
38 45 18 28 64 3772 4500
66 30 36 65 218 1969 4500
18 21 33 57 142 3512 4500
45 71 25 30 258 6671 4500
52 33 36 49 31 2266 4500
67 16 45 70 63 7154 4500
28 70 72 19 120 6519 4500
44 16 60 26 102 2217 4500
23 57 57 73 66 2248 4500
51 28 52 34 181 6125 4500
36 21 28 45 109 6111 4500
19 72 41 29 166 7118 4500
22 25 66 74 134 2789 4500
16 15 30 24 266 2437 4500
29 27 70 31 198 3041 4500
19 68 40 63 272 6949 4500
48 23 60 15 147 2670 4500
65 59 15 69 267 1509 4500
65 64 43 23 206 1713 4500
25 46 39 70 102 7113 4500
53 23 46 46 133 1264 4500
39 65 24 68 35 1010 4500
66 65 69 35 146 4276 4500
27 67 51 38 76 3168 4500
63 45 19 27 172 6375 4500
24 35 64 61 120 4580 4500
36 39 39 24 253 6934 4500
51 15 41 19 259 4851 4500
22 67 50 73 24 1289 4500
47 54 34 69 212 1533 4500
15 32 20 21 285 6581 4500
74 30 47 32 291 5748 4500
56 43 33 30 234 6718 4500
29 73 65 35 34 1691 4500
37 47 20 27 46 1023 4500
68 27 53 26 196 5217 4500
25 39 46 69 185 2764 4500
45 25 35 52 52 2800 4500
67 23 25 26 85 5333 4500
33 27 29 23 257 3312 4500
38 39 65 53 42 335 4500
67 36 18 24 244 1070 4500
17 58 69 45 87 1481 4500
68 36 52 35 65 5186 4500
64 55 72 50 120 985 4500
22 49 65 30 30 500 4500
74 28 42 65 11 3937 4500
51 49 33 32 193 2783 4500
26 49 71 74 238 808 4500
16 71 50 56 27 6236 4500
53 60 53 45 77 6025 4500
63 18 43 55 120 4050 4500
71 54 61 34 105 364 4500
34 29 50 51 38 6718 4500
49 23 42 65 247 1938 4500
29 64 38 64 281 5136 4500
22 53 70 47 140 7184 4500
17 55 72 47 227 7027 4500
23 38 74 18 229 4058 4500
35 56 68 26 9 5362 4500
54 31 17 42 126 5094 4500
28 30 56 74 61 7066 4500
21 59 26 72 33 1579 4500
69 37 42 52 266 1487 4500
55 51 18 71 196 3578 4500
50 64 24 64 283 5187 4500
54 21 60 55 50 7128 4500
37 56 74 39 266 3216 4500
20 73 48 18 166 3614 4500
30 41 19 69 99 3939 4500
39 53 61 64 155 1668 4500
36 53 67 36 19 2071 4500
45 28 19 18 9 445 4500
59 61 40 16 203 4069 4500
69 22 46 63 185 772 4500
71 37 49 69 55 5830 4500
60 32 22 54 262 2452 4500
21 28 33 45 111 4240 4500
33 19 15 46 173 4459 4500
37 55 57 18 75 6338 4500
52 34 71 74 148 2338 4500
46 23 48 22 2 2466 4500
42 40 28 25 282 2961 4500
59 63 62 61 157 2961 4500
67 38 63 49 192 5026 4500
28 19 65 52 28 2997 4500
73 70 50 35 160 4080 4500
17 57 15 54 81 1181 4500
23 41 28 18 101 1190 4500
72 53 58 69 31 5454 4500
27 29 60 31 0 2940 4500
45 60 45 27 1 6599 4500
47 25 26 30 257 4090 4500
63 39 30 35 20 2534 4500
71 54 41 26 6 7027 4500
31 43 58 69 164 517 4500
29 63 63 72 127 6944 4500
37 25 47 48 45 1302 4500
31 33 33 34 235 2624 4500
22 39 17 33 112 3332 4500
62 32 49 16 213 1021 4500
26 66 57 27 127 560 4500
51 53 46 24 25 4789 4500
28 48 19 58 147 5662 4500
27 28 37 58 247 6404 4500
72 52 49 58 3 7309 4500
26 68 49 69 263 7446 4500
70 20 50 24 72 3617 4500
57 50 74 42 204 6646 4500
37 29 62 36 243 1513 4500
19 74 69 42 172 6021 4500
32 59 56 54 59 3044 4500
26 48 47 66 125 1363 4500
40 50 59 74 224 2147 4500
54 60 57 57 269 994 4500
37 65 44 22 11 5354 4500
66 24 38 53 8 1940 4500
60 54 32 36 279 1949 4500
43 40 63 33 148 5379 4500
74 55 41 61 154 3842 4500
40 17 42 45 66 675 4500
42 57 27 22 3 6591 4500
60 47 42 47 243 3026 4500
51 30 36 38 159 7456 4500
51 63 38 55 25 1298 4500
34 21 38 32 113 2190 4500
62 21 52 62 219 3463 4500
53 69 28 26 281 2980 4500
34 29 52 67 282 7341 4500
69 27 67 64 60 5491 4500
31 30 71 16 52 2576 4500
36 59 26 58 255 4374 4500
59 60 34 60 8 2694 4500
41 49 54 34 58 6782 4500
36 45 62 21 232 6427 4500
36 55 61 46 205 5193 4500
32 22 50 50 108 3850 4500
49 37 36 46 134 4424 4500
27 71 61 31 146 2564 4500
60 32 26 49 146 2328 4500
67 63 22 48 173 3684 4500
52 37 15 64 21 5527 4500
43 66 30 66 235 2772 4500
47 24 68 18 40 6886 4500
20 33 20 18 125 3147 4500
23 57 15 26 108 4551 4500
29 21 23 59 235 3643 4500
26 69 25 35 127 1817 4500
38 41 36 24 278 6947 4500
63 24 65 16 258 5867 4500
54 47 35 67 162 2542 4500
28 50 73 42 119 989 4500
70 17 67 61 214 5809 4500
41 62 26 41 257 2966 4500
19 56 37 59 29 687 4500
29 51 27 15 294 3864 4500
23 59 27 26 107 1324 4500
25 59 49 33 195 1450 4500
38 66 43 20 66 3038 4500
19 27 73 36 183 1620 4500
41 52 50 64 173 6516 4500
21 47 38 42 97 5268 4500
62 63 63 69 43 6109 4500
68 34 72 21 110 6645 4500
57 63 36 22 81 6970 4500
45 66 34 68 25 5562 4500
39 18 64 66 131 6749 4500
68 64 61 25 27 6417 4500
20 25 54 25 153 4294 4500
42 46 63 72 124 1158 4500
33 63 47 44 224 6936 4500
33 41 37 50 61 6293 4500
62 60 69 39 193 308 4500
21 43 68 39 48 784 4500
23 18 71 35 110 2623 4500
54 33 72 32 133 4951 4500
49 52 37 33 198 6537 4500
30 36 36 50 48 4626 4500
69 45 26 51 220 5666 4500
58 24 61 23 192 1040 4500
56 15 47 36 73 4192 4500
37 73 55 48 71 7159 4500
45 46 20 50 112 4261 4500
56 17 44 61 38 1861 4500
15 53 69 22 132 439 4500
51 63 42 49 6 6850 4500
35 48 74 48 50 4704 4500
48 19 21 34 153 6034 4500
49 25 56 73 57 5933 4500
31 47 67 26 76 6214 4500
64 54 21 38 195 302 4500
38 58 46 72 0 3066 4500
35 44 47 26 239 496 4500
48 43 61 56 134 2722 4500
52 74 32 25 34 3546 4500
26 29 60 41 129 5139 4500
66 66 37 16 75 6017 4500
59 17 60 17 284 4625 4500
48 69 43 73 133 7501 4500
57 21 67 58 191 1489 4500
16 28 32 45 276 2128 4500
49 73 73 34 77 1770 4500
20 55 62 27 8 4775 4500
71 40 48 26 129 2189 4500
38 64 64 16 238 2821 4500
74 39 49 34 92 3920 4500
53 24 24 67 55 6913 4500
69 65 27 16 277 2208 4500
69 40 66 74 127 3956 4500
43 19 40 24 249 4989 4500
50 24 71 18 181 494 4500
19 31 29 53 74 6394 4500
74 47 71 29 249 469 4500
23 40 38 20 290 2575 4500
46 62 29 44 180 2600 4500
28 52 74 49 171 5146 4500
33 29 31 40 236 6941 4500
70 43 71 48 6 5209 4500
68 18 59 30 204 1336 4500
38 67 18 30 193 7449 4500
73 38 37 72 9 7263 4500
58 40 48 19 243 3890 4500
72 54 40 45 218 4922 4500
32 67 43 61 1 2159 4500
68 59 68 47 123 5193 4500
64 17 71 31 92 7104 4500
34 46 63 39 12 1747 4500
51 51 62 33 179 749 4500
29 61 32 47 188 5328 4500
44 27 47 38 50 6575 4500
63 65 69 73 14 2903 4500
60 41 25 56 200 4813 4500
24 22 21 29 87 993 4500
48 59 29 27 112 6629 4500
21 42 32 37 191 3201 4500
25 30 40 69 283 6560 4500
66 16 69 50 131 1860 4500
74 59 61 24 46 4948 4500
22 25 35 36 284 1554 4500
51 31 54 25 12 2730 4500
33 29 42 30 209 2044 4500
42 29 37 15 226 7217 4500
51 20 35 71 40 3198 4500
29 24 35 60 59 2540 4500
36 56 18 52 296 980 4500
17 33 29 18 205 1301 4500
69 51 37 15 214 2865 4500
71 46 16 22 12 5762 4500
67 36 38 20 172 1206 4500
42 50 39 15 18 6673 4500
32 18 28 38 184 2989 4500
68 40 43 45 70 867 4500
15 71 72 54 257 6414 4500
67 45 17 23 175 2197 4500
28 65 32 73 29 5683 4500
69 57 45 19 195 5232 4500
21 49 41 65 202 6393 4500
45 53 43 40 191 992 4500
55 43 60 42 25 6579 4500
74 40 48 44 48 3799 4500
61 28 45 15 248 2914 4500
51 63 48 65 165 3083 4500
65 44 60 56 73 578 4500
54 69 61 46 224 4446 4500
31 74 68 34 158 1170 4500
17 58 47 26 49 6445 4500
42 49 60 45 141 3004 4500
63 35 39 39 7 4437 4500
68 30 16 73 246 1331 4500
45 37 28 49 102 593 4500
52 41 65 49 69 3895 4500
16 48 15 33 155 6126 4500
45 25 62 71 294 6125 4500
31 20 64 71 177 5089 4500
25 60 43 35 249 2134 4500
68 66 68 51 51 5705 4500
22 28 60 32 259 7275 4500
20 59 72 74 124 3243 4500
23 49 31 63 82 2753 4500
24 27 48 58 45 2278 4500
33 66 72 73 114 4262 4500
65 22 30 58 75 2749 4500
66 19 25 58 171 6181 4500
73 55 34 45 21 4085 4500
49 69 47 15 131 3286 4500
72 18 49 16 286 703 4500
64 71 19 50 204 7097 4500
70 20 19 65 244 6364 4500
35 30 46 38 197 6203 4500
42 52 52 23 122 2844 4500
16 34 22 62 53 3793 4500
68 44 49 19 287 5302 4500
45 62 59 61 156 4795 4500
33 68 42 43 279 410 4500
38 39 24 33 46 4273 4500
28 46 21 63 26 3447 4500
64 37 35 33 16 6283 4500
44 29 63 49 26 609 4500
62 63 31 71 217 5348 4500
50 61 18 31 21 3042 4500
61 64 46 45 248 6127 4500
41 52 67 53 256 3064 4500
45 53 61 57 260 3583 4500
49 71 64 57 161 3013 4500
38 16 31 22 107 3495 4500
42 18 33 61 299 4564 4500
26 49 69 16 107 890 4500
70 26 73 49 33 3800 4500
23 28 40 70 77 2205 4500
23 47 57 28 252 1766 4500
20 20 23 17 102 5235 4500
29 22 36 51 145 5753 4500
20 26 62 56 179 5774 4500
64 28 40 31 241 5634 4500
66 30 33 16 21 4753 4500
55 48 68 18 200 2340 4500
57 54 31 72 113 6822 4500
35 64 65 18 166 6668 4500
47 62 62 20 169 449 4500
42 74 44 35 160 3553 4500
68 27 66 47 285 5091 4500
41 23 32 40 212 2348 4500
28 40 59 34 284 1169 4500
55 54 34 61 63 1652 4500
45 61 41 26 104 6757 4500
60 23 36 50 35 3822 4500
74 60 17 70 126 6644 4500
66 17 25 39 68 7522 4500
43 61 71 37 278 3379 4500
56 61 45 40 152 1198 4500
26 16 22 35 132 513 4500
54 52 37 60 80 4104 4500
18 33 35 60 117 1042 4500
34 35 60 45 125 2105 4500
29 16 58 65 31 6299 4500
57 69 55 32 69 542 4500
31 46 66 73 172 2391 4500
16 65 53 53 154 6118 4500
58 74 44 19 296 4204 4500
28 27 54 41 76 3352 4500
16 26 47 70 157 6352 4500
35 20 34 42 60 3967 4500
36 48 30 46 30 5231 4500
70 46 20 33 213 7536 4500
36 24 65 62 84 355 4500
53 72 73 65 193 2032 4500
48 36 71 70 34 3417 4500
59 47 68 30 93 3989 4500
67 63 61 74 271 3268 4500
22 43 70 47 243 2740 4500
59 22 71 43 47 7506 4500
29 54 34 71 139 1471 4500
56 71 44 17 38 5414 4500
26 33 15 42 82 2664 4500
38 30 63 39 249 2974 4500
70 73 63 31 197 2460 4500
18 67 20 60 225 6416 4500
17 66 45 67 49 7002 4500
72 48 32 64 26 5774 4500
55 52 20 17 186 978 4500
44 45 62 18 228 3014 4500
44 47 46 60 52 1737 4500
15 18 54 27 141 4078 4500
38 47 57 33 191 486 4500
30 70 70 19 75 4505 4500
66 35 22 17 44 6356 4500
44 64 73 56 44 1606 4500
44 55 69 36 49 4869 4500
16 74 40 68 215 4807 4500
74 62 33 67 16 4053 4500
15 27 72 42 276 4927 4500
20 20 68 49 198 4362 4500
71 53 54 47 105 3511 4500
17 27 43 17 200 2281 4500
29 61 20 49 219 2183 4500
44 61 60 50 153 2183 4500
19 40 15 19 219 6494 4500
40 54 22 34 108 2567 4500
70 21 63 45 48 4021 4500
29 35 37 28 152 1801 4500
34 32 36 71 221 2279 4500
49 69 26 50 287 1680 4500
67 41 73 63 232 6928 4500
58 23 56 44 39 7350 4500
51 71 63 16 93 1912 4500
50 41 60 67 164 5896 4500
19 22 25 56 251 1650 4500
62 33 23 71 97 6881 4500
19 32 62 43 107 3081 4500
26 38 65 31 77 6008 4500
61 22 28 53 243 2916 4500
64 58 64 43 147 7147 4500
