500
4 10 14 5 21 23 944
5 5 6 12 15 58 993
12 14 1 1 40 99 250
4 14 9 12 4 25 96
5 5 4 5 13 16 816
3 6 6 9 9 25 456
3 13 15 15 18 32 138
14 15 9 2 56 97 350
2 11 2 11 31 50 980
14 9 14 6 30 84 481
13 8 9 12 31 50 615
13 14 6 10 22 69 932
12 8 15 6 26 56 58
7 1 7 11 11 46 900
13 5 1 9 18 95 866
15 6 3 14 4 18 725
12 14 10 14 4 39 147
5 6 14 10 1 43 443
6 8 8 2 29 39 566
5 3 15 3 0 23 259
7 5 13 7 21 38 754
8 7 6 3 18 52 652
6 10 11 7 71 99 84
14 14 8 6 62 67 654
14 2 4 11 1 12 680
10 6 8 8 23 53 494
15 11 3 7 11 11 289
2 12 6 10 17 32 752
15 12 4 5 13 30 888
11 1 2 3 10 82 326
12 4 5 12 43 64 459
15 15 13 11 54 74 451
12 4 15 13 37 38 962
5 6 11 13 0 54 197
9 9 3 12 1 84 902
5 5 1 13 6 43 575
1 4 12 7 20 75 325
13 11 5 3 50 61 170
6 6 15 8 15 30 951
7 10 4 10 18 24 755
15 6 3 6 64 65 589
2 5 11 6 6 81 570
15 11 13 14 55 92 771
14 7 15 10 7 22 333
12 5 7 3 96 99 896
4 13 6 8 27 39 662
12 10 6 7 19 39 862
10 10 4 7 25 77 983
10 13 8 3 27 42 394
7 8 9 12 3 61 812
4 7 6 5 61 62 251
5 13 14 14 55 84 734
1 8 7 1 21 48 401
8 11 15 4 52 100 606
9 8 8 11 46 69 837
4 10 6 6 3 34 231
13 4 4 6 58 85 733
13 3 1 1 2 24 862
3 1 11 1 1 59 388
8 10 6 7 18 85 103
5 3 5 12 3 66 668
6 3 9 2 2 72 594
15 8 3 14 4 22 189
8 14 11 13 21 34 125
13 6 1 4 12 46 233
14 3 15 11 92 94 444
1 12 11 12 14 17 317
2 6 11 2 16 21 101
12 4 12 9 1 32 894
8 9 3 9 54 63 970
7 11 13 5 10 92 201
2 14 8 14 3 63 434
15 13 15 1 14 25 135
7 5 13 11 12 40 80
7 12 5 14 13 42 415
1 5 15 1 27 88 288
11 13 2 11 6 14 469
7 12 13 11 15 52 767
8 11 6 15 32 39 780
4 10 11 12 11 18 185
15 10 12 3 50 70 191
7 10 11 12 33 87 455
4 2 5 15 62 70 747
14 6 3 4 24 32 389
6 10 14 9 33 84 636
4 12 6 3 50 77 24
10 8 1 12 29 37 359
12 13 9 8 8 38 352
15 6 13 14 43 85 328
2 3 5 10 15 24 304
3 6 12 15 2 10 647
11 4 4 1 30 80 569
13 14 13 11 73 83 631
4 14 4 6 8 39 984
7 15 13 14 1 30 943
9 2 8 14 43 49 930
4 8 1 12 35 67 121
12 1 15 12 19 64 150
11 3 8 2 28 58 351
9 9 7 3 37 40 932
6 13 12 15 24 49 696
2 5 10 5 8 65 337
4 6 2 13 34 70 165
14 14 11 15 28 41 583
1 2 1 4 17 51 512
1 8 13 1 19 21 258
3 8 14 10 26 87 570
10 1 13 13 74 92 170
2 12 11 8 94 96 963
11 7 13 1 60 84 670
6 7 12 8 38 77 15
12 14 13 14 29 94 50
2 14 3 4 8 48 237
9 14 2 4 15 18 84
7 8 2 5 3 36 854
5 12 9 1 19 30 31
1 4 12 11 46 48 216
7 13 7 14 1 65 566
3 1 4 10 31 67 227
13 3 6 6 1 10 124
7 1 15 13 3 98 349
1 6 4 15 65 84 895
11 1 12 15 0 15 167
7 6 7 14 0 63 988
6 7 4 3 44 93 360
7 8 3 6 4 48 901
9 10 15 1 16 61 399
13 10 1 5 3 62 957
10 14 3 10 24 35 276
3 13 14 14 15 24 974
12 8 14 9 58 66 444
13 2 13 15 36 36 899
2 15 4 10 6 14 152
1 10 15 10 9 13 506
4 13 11 7 88 96 349
11 10 13 5 1 20 222
7 12 8 14 45 71 40
15 12 3 1 22 45 589
13 9 4 14 2 51 490
2 6 5 8 13 16 768
14 8 6 5 7 46 859
1 15 7 6 34 69 708
11 2 4 14 22 39 822
1 10 8 6 2 15 183
8 1 4 9 22 64 973
10 10 2 12 42 76 387
5 12 4 11 26 63 158
3 5 6 9 22 51 356
6 5 15 9 37 75 682
14 14 5 10 27 37 96
14 9 4 1 6 30 482
5 6 14 8 14 59 667
7 8 8 3 20 61 44
8 5 7 9 0 75 167
13 15 11 11 62 62 875
1 9 4 1 0 28 884
11 1 9 3 20 35 144
9 14 5 7 34 56 118
7 15 8 12 37 74 938
9 14 4 9 43 96 943
14 5 8 12 5 28 693
2 5 12 2 3 67 489
4 12 7 5 34 35 153
2 7 2 1 33 67 293
6 9 15 10 42 75 727
6 1 12 6 8 91 473
8 10 7 1 26 75 416
4 8 4 4 16 23 910
11 2 15 9 58 63 58
2 10 15 6 2 83 940
5 3 12 1 46 73 945
14 15 4 15 19 39 139
13 15 7 11 9 18 336
13 10 2 12 24 81 16
11 3 13 8 51 98 354
7 7 8 14 9 17 36
7 12 8 7 50 79 996
8 3 14 13 19 59 994
12 8 12 7 76 96 364
14 1 8 8 49 83 622
2 11 10 8 11 43 774
8 1 4 3 0 11 87
9 7 4 4 1 26 118
13 6 5 6 43 43 783
11 1 14 2 31 52 927
10 3 9 6 13 58 567
1 10 11 1 4 16 571
7 13 8 8 39 55 853
13 3 9 8 61 87 761
5 9 10 12 9 66 58
11 15 7 7 33 38 917
13 7 8 6 7 22 140
15 8 14 8 20 25 113
8 5 13 9 1 85 34
7 7 12 2 7 11 131
4 2 10 3 20 95 417
15 2 14 7 29 45 822
5 13 10 7 6 38 930
6 6 9 11 4 83 499
11 1 14 6 10 34 859
15 6 10 6 75 78 524
9 10 4 14 34 34 957
15 10 13 5 15 40 337
8 1 2 8 1 13 75
13 2 6 14 14 54 540
4 10 3 11 52 57 382
13 10 8 14 40 60 854
9 5 7 8 48 59 55
6 14 5 10 1 26 882
15 6 8 2 28 60 666
4 10 4 13 12 12 293
1 14 5 14 54 93 1000
15 10 4 15 5 19 235
13 11 12 10 26 38 511
7 1 8 13 14 90 797
10 3 13 5 9 11 173
8 5 10 9 32 39 810
7 11 8 11 60 90 853
3 14 12 3 41 49 872
14 1 12 5 33 49 439
4 9 10 1 11 23 343
15 7 3 6 6 16 296
8 10 14 10 42 56 258
13 10 6 3 28 35 387
5 8 11 11 32 78 986
13 4 9 9 24 84 954
14 9 14 13 23 24 973
1 15 9 8 50 99 46
15 15 13 14 19 28 890
5 14 1 11 42 98 323
8 6 7 10 29 70 912
6 15 2 2 26 39 772
7 5 15 6 64 83 213
13 1 3 12 28 53 732
9 4 4 3 12 15 176
14 13 4 5 19 32 495
12 14 5 5 0 13 929
1 7 10 15 0 21 411
12 11 7 7 19 77 605
9 10 1 12 69 74 77
2 4 10 5 34 47 569
7 13 5 4 38 40 578
14 12 10 14 11 57 484
1 9 3 11 37 42 61
11 7 7 1 30 60 126
9 10 6 15 24 39 579
7 3 6 14 4 45 680
12 6 1 5 55 84 450
3 10 5 6 75 76 15
2 13 4 12 41 61 575
1 4 7 4 0 95 764
15 12 4 12 77 87 486
13 15 7 2 20 23 197
1 8 5 9 66 81 11
1 6 1 13 21 35 449
4 3 8 14 43 74 670
13 1 1 9 79 86 282
10 8 2 5 20 41 825
6 10 14 15 2 11 324
7 10 15 4 48 86 881
12 8 8 14 32 62 490
12 15 10 7 27 34 702
12 12 6 14 5 13 310
13 10 6 1 11 78 70
14 13 4 3 13 25 332
14 9 14 6 12 16 160
8 15 8 8 16 55 903
3 11 4 1 11 74 582
14 14 13 8 10 44 878
13 12 9 5 35 96 92
10 5 15 5 29 53 429
11 7 2 6 13 22 593
8 2 9 2 12 76 846
8 8 10 5 22 64 628
6 3 6 14 13 37 965
5 3 9 11 4 16 988
15 6 5 6 3 84 975
13 3 15 7 6 61 684
6 13 10 2 37 74 749
7 7 2 12 24 26 577
8 7 12 4 1 31 19
7 7 9 1 7 83 939
4 3 4 7 22 67 161
11 13 5 6 15 66 250
12 13 8 9 78 87 407
2 7 7 7 5 68 373
2 9 11 11 12 12 693
9 3 1 14 6 68 481
7 8 9 4 31 33 768
4 9 10 11 0 37 27
5 14 5 7 41 41 611
6 1 6 14 36 68 712
8 1 2 7 34 76 869
7 14 8 14 27 35 406
6 3 11 3 19 40 897
7 4 5 5 2 26 317
2 8 1 10 38 95 17
14 13 7 14 48 86 931
13 8 6 1 7 41 794
5 11 1 13 3 64 712
3 3 15 14 16 62 379
11 8 15 9 17 20 282
3 7 1 5 15 91 116
15 10 10 13 60 67 458
2 13 2 15 19 64 241
3 7 6 9 26 91 407
4 7 14 5 87 88 892
12 11 8 3 5 79 672
2 14 8 1 25 68 225
15 15 3 13 22 23 652
1 11 9 6 10 35 509
2 11 1 9 9 10 872
2 10 14 7 85 99 400
9 10 8 13 50 61 645
13 5 8 5 8 12 150
9 1 9 7 63 86 501
9 3 8 9 49 92 450
12 12 7 1 37 49 184
3 13 4 13 47 61 116
6 12 5 11 59 59 569
12 14 7 1 12 79 304
10 3 9 8 0 11 608
9 10 1 15 3 44 96
13 3 3 11 4 15 702
4 11 11 10 12 31 602
11 12 9 6 62 81 760
14 13 3 10 19 35 935
4 2 6 4 68 79 814
15 10 6 1 2 83 555
15 6 14 9 1 45 829
7 2 15 13 85 99 313
4 15 5 12 18 25 805
12 1 13 4 71 74 308
2 3 11 12 0 67 514
14 9 15 4 1 27 142
15 6 5 12 14 30 60
12 15 5 6 9 24 793
12 9 15 1 27 51 360
2 11 1 10 58 69 912
5 1 13 5 29 47 478
14 7 9 10 10 13 980
2 8 2 7 0 66 492
6 5 3 11 1 21 730
12 5 4 3 6 11 202
8 5 5 14 66 74 366
12 12 1 11 56 70 133
15 11 4 11 11 14 597
3 14 2 6 8 22 18
6 12 9 8 63 86 290
4 15 13 4 8 48 476
8 1 13 6 1 17 157
12 10 13 2 20 89 705
12 7 12 1 34 71 709
9 9 5 6 1 13 362
11 10 5 3 14 43 659
6 2 10 7 31 37 855
9 9 15 3 0 10 576
14 3 2 2 18 37 54
8 13 10 13 38 93 895
12 10 15 5 50 81 55
15 1 8 10 33 66 781
9 5 12 2 32 44 433
12 10 2 5 51 75 326
1 13 6 11 10 14 955
12 9 3 11 1 14 659
11 4 10 1 3 14 447
12 15 15 13 22 26 771
9 1 12 9 25 45 282
12 12 10 10 40 69 912
13 13 10 4 20 36 435
3 1 5 12 16 66 10
12 7 8 9 52 67 127
14 2 11 9 15 56 660
14 8 4 3 3 14 740
6 15 12 1 10 13 45
7 7 8 2 14 27 242
1 14 6 11 21 85 793
15 2 2 11 5 39 901
3 11 3 10 16 17 689
15 13 7 14 16 21 935
4 9 15 9 9 82 109
3 15 11 1 95 95 702
11 1 15 2 74 99 132
2 12 7 15 1 72 650
5 14 3 14 9 30 129
5 15 5 10 12 95 307
7 3 6 12 32 38 486
2 9 7 14 17 32 194
7 9 15 7 79 93 65
10 15 1 7 5 14 894
5 11 9 15 11 57 622
8 13 11 12 27 79 430
2 13 3 3 26 31 732
2 5 13 14 16 23 412
14 6 14 4 7 22 459
3 10 3 10 15 66 493
10 2 12 2 2 36 165
7 15 4 12 18 57 313
10 3 8 13 9 36 717
6 11 1 3 43 60 723
14 1 10 9 10 66 415
4 5 9 9 26 39 341
13 14 6 6 1 53 154
5 14 5 15 11 86 761
15 10 6 5 4 21 437
2 6 8 11 27 39 585
7 3 6 14 8 10 947
9 9 4 12 49 66 143
13 15 8 3 23 23 236
12 12 2 9 39 62 241
1 10 1 2 3 26 361
15 11 15 5 6 38 121
7 9 12 3 8 43 639
12 3 4 6 37 78 939
1 6 3 12 7 15 596
1 8 14 3 1 15 392
14 4 12 2 0 15 633
2 9 10 9 46 83 465
9 3 9 5 6 14 911
14 8 12 13 20 36 50
9 10 12 6 19 24 255
7 2 5 10 31 73 519
9 10 5 5 85 85 584
13 5 7 14 34 49 207
15 12 2 1 60 69 979
11 1 3 8 8 98 969
3 4 13 3 44 82 85
1 1 3 4 41 79 192
3 11 7 3 36 90 989
1 12 12 14 27 74 266
13 8 10 12 6 15 808
4 15 15 6 47 79 895
2 6 11 9 27 32 521
5 14 5 13 4 51 779
15 13 11 1 50 82 424
1 12 13 14 34 43 444
3 6 7 4 3 14 355
11 15 14 3 58 70 936
9 6 6 12 12 29 974
4 7 6 15 4 29 764
1 9 4 11 51 55 684
7 5 9 3 45 71 570
3 12 15 1 70 72 267
4 5 4 11 0 85 74
1 12 10 7 30 47 512
13 10 15 3 47 86 27
12 9 12 1 67 95 967
15 5 13 13 4 26 707
6 2 10 14 8 10 599
15 6 14 1 5 24 794
7 4 9 11 6 14 45
6 10 13 9 57 62 609
12 13 10 2 3 36 991
7 14 6 1 1 30 574
1 11 10 11 42 62 905
7 1 3 1 82 95 581
5 4 1 3 64 81 877
5 15 6 6 7 17 834
7 8 15 4 34 75 117
9 13 5 11 0 10 390
12 2 5 2 45 94 46
4 11 8 9 0 14 884
11 12 12 6 4 11 91
7 13 8 6 34 90 460
7 11 10 1 16 38 514
13 9 10 13 32 75 464
13 4 13 5 37 54 948
14 2 2 6 46 75 223
6 15 13 4 12 12 383
6 11 5 12 1 10 869
1 5 14 11 9 10 593
4 13 13 15 92 92 47
9 15 15 15 33 47 183
13 15 9 15 67 80 766
8 2 12 5 32 56 797
11 13 1 6 19 53 48
11 10 12 6 16 19 141
3 4 1 4 51 80 954
8 3 12 4 24 32 450
15 1 5 6 15 20 960
1 13 13 15 47 79 64
3 10 1 9 46 46 779
8 6 3 9 0 35 210
7 5 4 11 40 54 400
8 15 3 12 14 36 289
4 14 9 1 31 52 905
7 1 11 15 11 18 924
2 9 11 11 23 52 606
4 5 8 6 14 62 377
12 7 1 4 40 47 265
10 6 7 8 15 36 913
15 8 10 6 14 80 458
3 14 6 6 38 68 619
9 11 5 5 12 25 352
1 2 8 4 2 16 975
15 5 12 4 5 50 104
6 10 12 1 73 93 678
6 1 9 1 14 19 220
12 2 14 5 24 70 876
15 10 13 7 53 75 601