150
14 19 38 15 348 533 100
7 46 43 38 537 626 100
22 12 39 30 638 744 50
41 19 41 12 188 357 50
27 39 28 7 830 1019 80
30 46 35 36 821 886 100
36 45 34 5 942 1163 40
47 32 38 29 1131 1232 100
33 30 42 44 715 951 90
12 45 10 14 1065 1158 40
28 46 12 43 0 66 50
31 48 23 11 160 282 100
39 36 34 11 683 827 80
34 33 28 40 431 587 90
14 12 17 7 1141 1365 40
38 48 17 21 822 879 70
34 36 47 9 1044 1255 100
43 49 40 16 310 458 100
45 44 45 39 878 944 40
33 48 48 29 840 903 80
11 45 15 37 515 625 100
44 33 8 41 886 1047 80
21 7 49 41 644 830 50
16 35 19 8 1036 1203 60
40 11 15 45 362 480 50
20 32 21 32 569 700 100
41 32 13 27 1028 1262 90
6 30 50 36 393 526 50
25 42 16 11 388 463 50
43 11 41 8 403 593 70
26 43 34 7 383 443 60
15 33 26 20 564 666 80
16 5 23 39 119 353 90
23 27 6 26 135 224 60
34 31 35 13 220 389 50
34 10 39 49 384 473 100
36 17 37 50 824 919 80
50 41 23 17 151 238 100
28 19 50 31 298 410 90
11 45 35 7 968 1136 70
26 38 26 17 269 331 40
34 29 20 20 107 277 100
17 32 42 50 279 408 80
21 21 50 49 944 1026 100
44 11 27 7 539 614 40
33 50 9 46 628 841 70
50 41 49 50 821 1046 50
19 24 10 22 1004 1224 90
37 45 33 23 438 530 60
26 14 17 40 1035 1210 70
15 5 48 47 1028 1139 50
46 50 48 34 928 1112 90
31 19 40 15 791 1028 60
45 6 22 20 424 639 80
28 16 38 44 464 635 100
24 11 38 36 1037 1230 80
35 26 6 43 405 456 70
27 38 50 5 784 954 100
27 49 38 48 242 485 100
9 42 30 42 801 886 50
25 25 22 39 276 336 100
35 23 49 21 575 820 100
43 6 10 17 1190 1271 60
11 44 15 10 0 80 100
10 27 50 16 182 261 60
38 50 22 50 676 746 90
42 50 50 45 511 604 80
31 38 41 39 278 349 60
23 26 16 49 898 995 100
19 21 37 7 996 1054 50
31 40 36 24 1025 1219 70
46 35 49 31 890 1007 80
13 49 39 42 789 844 40
36 13 42 12 326 427 100
42 6 28 37 947 1011 70
10 19 34 34 711 873 60
31 15 18 5 316 515 50
30 41 35 26 865 1108 40
49 31 10 38 985 1142 90
25 34 6 23 581 739 60
41 5 15 27 1122 1245 70
36 8 42 25 210 355 90
24 18 37 11 158 358 80
37 35 20 14 465 633 60
28 45 47 42 663 777 80
39 27 15 20 780 850 60
9 50 12 10 519 682 90
19 42 16 23 66 295 60
19 45 27 11 396 535 90
39 43 19 34 995 1212 90
39 27 12 28 111 188 50
12 35 50 6 957 1183 60
17 44 40 42 819 894 90
13 27 38 33 222 382 90
35 15 38 9 780 1024 70
7 15 10 24 734 946 50
14 8 41 49 1019 1154 70
45 6 46 42 189 392 50
9 34 35 14 622 724 80
14 25 41 9 68 241 70
24 7 26 10 312 461 70
36 25 6 5 735 922 60
41 23 33 38 925 994 100
9 44 50 35 684 895 40
13 17 31 20 616 698 70
50 9 49 26 189 428 80
23 48 19 10 450 646 50
40 10 24 22 872 931 60
31 30 41 7 28 90 60
12 40 21 15 674 778 80
41 48 22 5 114 207 60
37 39 11 13 1138 1334 90
6 19 31 6 70 195 50
18 26 11 40 934 1077 70
50 40 15 30 206 411 70
7 47 47 44 297 495 90
27 15 10 45 364 478 80
16 26 37 27 782 950 50
24 13 30 32 589 676 60
21 50 30 27 1049 1229 70
42 18 48 15 810 900 40
26 11 41 49 227 279 40
17 17 18 8 6 148 80
5 26 6 38 1056 1286 40
35 8 33 6 608 673 100
13 5 32 39 652 752 60
41 29 11 49 1173 1330 70
44 31 14 42 999 1069 70
12 43 26 47 1161 1380 50
33 50 39 41 1058 1164 40
31 46 22 48 820 1045 90
42 42 11 15 1177 1380 50
31 12 35 32 769 988 60
13 42 40 23 1088 1331 40
22 43 12 7 142 309 60
40 49 40 24 60 307 80
47 33 15 5 42 271 50
22 47 13 48 894 1007 90
16 46 23 12 139 361 50
46 29 26 32 203 429 50
30 10 46 17 584 726 90
32 25 49 18 167 334 80
37 8 41 41 1166 1280 70
45 23 48 17 462 616 50
6 7 29 29 1035 1232 60
31 5 29 42 115 239 100
18 46 34 21 812 870 70
33 25 32 35 502 555 40
7 9 36 10 105 202 40
38 11 15 6 544 629 80
