400
71 65 60 32 99 6803 4000
62 67 24 28 5 700 4000
71 26 45 59 201 1781 4000
58 36 26 48 65 3909 4000
47 29 38 27 246 6553 4000
54 56 17 60 239 2036 4000
27 72 28 57 294 6472 4000
29 56 39 24 153 1675 4000
50 59 28 65 84 6230 4000
51 37 67 20 161 5430 4000
26 59 45 45 109 2644 4000
67 71 48 25 148 3855 4000
69 74 61 16 288 4820 4000
63 43 24 64 67 3971 4000
32 23 47 56 257 3247 4000
22 40 60 18 142 4501 4000
55 48 27 43 157 1219 4000
59 37 18 53 241 1291 4000
61 61 33 60 293 4809 4000
43 33 24 26 276 4637 4000
28 22 28 24 51 6706 4000
24 33 55 71 110 1241 4000
19 37 46 43 123 3712 4000
38 58 58 65 296 6243 4000
47 64 59 51 242 1729 4000
24 60 43 33 189 1663 4000
29 16 74 36 48 501 4000
43 55 26 42 175 1587 4000
21 46 46 53 197 4624 4000
43 27 70 21 97 3032 4000
74 73 42 30 95 5531 4000
42 30 38 48 254 5639 4000
71 29 21 29 278 4660 4000
48 67 23 18 217 5836 4000
35 50 60 70 17 5909 4000
51 28 44 19 26 1016 4000
61 67 59 30 114 3834 4000
26 42 52 59 21 4307 4000
63 46 28 66 60 5586 4000
38 32 32 68 164 4816 4000
70 53 48 57 129 408 4000
68 52 20 60 160 3621 4000
31 69 37 16 98 2341 4000
34 65 34 34 236 5582 4000
17 44 53 20 166 6109 4000
57 36 52 23 119 3762 4000
62 42 65 23 273 3097 4000
31 43 64 16 138 3395 4000
21 69 15 33 97 1535 4000
27 59 46 66 77 3171 4000
57 48 29 26 248 5474 4000
73 52 71 52 83 5047 4000
66 33 42 32 15 5973 4000
37 29 61 57 6 405 4000
48 66 64 23 41 6502 4000
41 16 64 49 134 1820 4000
45 66 29 68 97 2530 4000
21 42 17 40 296 6865 4000
35 32 31 24 27 3730 4000
49 33 50 50 96 5073 4000
67 35 57 69 7 5012 4000
20 58 66 65 296 1327 4000
38 43 44 56 135 2632 4000
73 65 19 17 88 5483 4000
29 25 58 52 101 6107 4000
46 24 41 63 1 3333 4000
62 47 45 66 79 451 4000
74 36 45 36 199 4962 4000
15 66 51 63 10 4291 4000
56 67 31 71 57 672 4000
69 72 32 46 94 1104 4000
73 52 48 15 72 1989 4000
20 34 63 64 133 6365 4000
26 51 40 46 296 5395 4000
54 58 37 39 114 3059 4000
39 54 70 44 213 4989 4000
59 67 28 36 187 4182 4000
67 67 34 16 183 4104 4000
60 52 67 58 204 6658 4000
15 64 36 38 217 2888 4000
45 74 21 37 84 6624 4000
36 38 63 71 8 5878 4000
16 56 23 56 48 6303 4000
21 15 58 30 119 3476 4000
73 23 18 61 67 392 4000
48 62 61 37 182 5465 4000
17 63 25 50 117 1036 4000
56 15 39 23 269 1431 4000
68 33 23 36 237 5844 4000
54 50 63 51 89 3176 4000
26 37 74 40 81 834 4000
47 41 28 64 213 5508 4000
40 72 22 49 256 2910 4000
70 54 61 58 241 2626 4000
64 71 68 60 177 3504 4000
64 52 60 45 155 4023 4000
28 33 24 41 136 3523 4000
41 72 47 46 110 404 4000
16 28 31 15 194 389 4000
52 37 69 68 161 944 4000
73 23 21 72 146 6647 4000
68 24 46 57 45 4355 4000
23 25 27 37 170 512 4000
55 46 56 47 147 3553 4000
46 36 30 31 158 4381 4000
50 36 36 28 104 1770 4000
68 53 73 53 59 1171 4000
71 34 61 61 17 1419 4000
54 23 29 57 139 5140 4000
21 71 23 51 293 1355 4000
73 15 34 74 279 3974 4000
31 58 56 38 79 5137 4000
27 67 64 57 237 4601 4000
50 37 57 57 166 4641 4000
19 16 39 53 262 6337 4000
53 72 34 63 240 1348 4000
72 54 41 17 3 2416 4000
66 56 43 50 281 3115 4000
58 27 60 69 78 3767 4000
34 43 16 32 122 1425 4000
59 46 17 49 112 4131 4000
59 40 25 32 121 820 4000
60 54 32 66 27 3812 4000
25 69 30 73 88 5383 4000
64 43 49 54 7 579 4000
37 27 55 38 78 300 4000
51 60 32 70 32 4531 4000
22 35 54 44 159 878 4000
48 59 31 62 194 5054 4000
49 28 48 32 79 5816 4000
66 47 48 28 298 2298 4000
74 31 24 37 110 333 4000
37 40 50 45 66 375 4000
36 67 35 70 70 6746 4000
49 56 53 70 198 909 4000
44 32 61 40 293 4863 4000
28 34 59 73 117 1905 4000
54 26 68 68 291 6267 4000
28 35 50 57 271 3174 4000
69 56 15 15 197 6832 4000
53 21 19 32 96 503 4000
74 66 57 49 277 6389 4000
40 21 42 49 233 2767 4000
23 63 44 70 297 1246 4000
43 58 51 53 259 6023 4000
52 59 42 40 242 6531 4000
72 23 69 49 43 3496 4000
62 32 73 18 230 1803 4000
27 32 63 46 147 1054 4000
65 51 50 41 120 6793 4000
44 40 70 37 121 4393 4000
43 61 47 40 277 5825 4000
71 15 31 45 119 2841 4000
22 18 62 74 4 4609 4000
15 42 67 41 292 2361 4000
37 51 45 47 88 5158 4000
72 21 36 16 115 2697 4000
48 67 41 46 32 608 4000
53 18 57 30 269 1792 4000
58 22 40 29 105 3535 4000
39 71 31 52 208 6722 4000
62 23 71 58 183 2607 4000
15 18 16 62 222 318 4000
74 62 64 50 183 5702 4000
47 73 62 20 188 5281 4000
69 52 27 38 12 3155 4000
23 28 49 72 199 408 4000
42 23 44 42 113 6710 4000
18 58 64 33 221 5278 4000
66 48 42 74 89 4852 4000
65 44 23 67 146 608 4000
30 58 59 18 218 1926 4000
51 71 17 17 130 628 4000
21 16 65 26 45 5958 4000
22 33 73 24 40 1060 4000
16 34 63 51 261 1114 4000
41 35 41 18 204 2174 4000
65 26 22 66 256 1378 4000
69 57 42 26 243 4464 4000
65 43 43 30 252 1553 4000
54 49 42 52 112 5382 4000
33 32 72 30 238 2659 4000
22 63 57 36 94 3973 4000
64 22 52 50 11 4165 4000
67 45 38 16 265 5705 4000
22 39 74 46 137 3445 4000
40 50 65 44 284 6563 4000
54 52 44 69 150 5577 4000
56 54 53 49 294 5930 4000
59 16 40 65 98 1773 4000
51 51 66 34 254 2079 4000
58 23 25 62 69 1751 4000
38 65 36 33 177 2493 4000
33 23 33 39 20 3236 4000
57 54 70 72 93 5393 4000
33 38 29 52 170 6136 4000
62 36 44 21 226 4308 4000
24 53 59 57 39 4904 4000
21 17 47 68 74 1570 4000
46 32 18 24 28 1019 4000
31 30 31 41 48 4923 4000
51 56 33 69 267 1204 4000
55 55 65 31 154 2715 4000
25 18 71 53 29 5381 4000
17 21 48 61 248 2272 4000
29 37 31 55 62 6565 4000
42 19 25 47 53 3304 4000
41 30 47 19 210 4717 4000
28 73 16 60 219 5123 4000
33 32 56 29 113 5234 4000
68 63 71 69 89 3127 4000
50 45 71 20 152 6465 4000
50 30 33 28 21 3572 4000
73 29 74 19 47 3249 4000
69 45 16 37 84 2876 4000
69 58 68 50 271 3806 4000
46 46 32 16 72 4465 4000
34 23 29 70 55 5688 4000
34 50 47 27 93 4635 4000
69 68 17 53 122 2162 4000
45 69 70 18 292 2592 4000
69 52 35 56 31 3191 4000
16 48 32 39 125 623 4000
22 18 56 28 143 6077 4000
19 57 63 47 273 6160 4000
45 63 74 34 112 2531 4000
46 24 17 35 99 6725 4000
37 60 37 33 81 2946 4000
62 71 67 68 267 3262 4000
24 36 32 59 109 5394 4000
33 26 27 67 180 4859 4000
48 46 49 48 204 5514 4000
39 23 55 39 73 821 4000
15 53 41 60 161 966 4000
16 44 32 17 134 3417 4000
23 36 16 21 248 3759 4000
56 18 20 68 282 6190 4000
54 17 19 53 263 535 4000
74 22 24 57 45 512 4000
29 44 47 28 210 873 4000
54 50 67 35 246 3001 4000
61 59 44 24 183 995 4000
29 29 36 32 298 1842 4000
62 17 17 40 261 3333 4000
34 50 48 55 120 4047 4000
41 62 17 16 89 5401 4000
61 43 64 48 116 3442 4000
38 21 61 68 295 1488 4000
53 54 49 41 158 2329 4000
22 21 35 51 251 326 4000
58 15 34 67 262 1364 4000
63 25 42 51 251 3214 4000
27 67 54 27 148 2895 4000
51 62 26 27 101 4918 4000
38 74 33 43 30 3638 4000
54 64 31 52 246 1078 4000
69 34 27 21 143 4211 4000
68 37 67 27 110 1962 4000
62 35 15 60 105 3706 4000
33 40 15 30 181 6184 4000
32 30 27 70 137 4915 4000
47 23 56 72 291 3026 4000
51 19 26 38 220 2736 4000
21 57 43 34 26 3095 4000
22 29 31 37 6 1566 4000
71 21 18 34 88 2468 4000
53 68 48 67 232 5112 4000
22 62 53 27 109 4422 4000
25 20 67 50 90 4187 4000
55 22 29 36 242 4208 4000
44 62 53 53 37 1407 4000
51 20 48 68 272 6273 4000
69 47 72 55 146 6003 4000
69 63 54 71 190 609 4000
73 49 18 42 145 494 4000
26 39 66 39 80 6147 4000
29 30 51 39 179 2716 4000
27 57 67 30 74 1535 4000
57 22 23 27 263 3876 4000
22 55 18 52 92 5290 4000
32 25 71 39 88 890 4000
74 63 55 49 193 4650 4000
46 62 54 72 65 5268 4000
21 63 54 20 79 5293 4000
48 17 72 17 238 3078 4000
65 56 58 41 89 5164 4000
65 47 53 46 105 4997 4000
33 60 23 46 4 2354 4000
18 53 72 41 274 1812 4000
67 67 74 50 6 1588 4000
27 27 63 59 231 4443 4000
22 30 41 29 85 5230 4000
45 74 30 39 169 3573 4000
61 27 67 31 123 4872 4000
37 39 27 49 229 3980 4000
31 35 68 51 245 1260 4000
40 42 22 35 178 2785 4000
21 31 52 38 2 6236 4000
46 28 70 68 242 6000 4000
19 36 44 49 8 1713 4000
55 49 52 39 17 4573 4000
36 29 68 20 159 951 4000
27 20 32 61 237 6271 4000
63 52 50 71 127 3400 4000
34 27 54 35 62 6833 4000
33 52 15 32 186 2437 4000
29 32 36 27 145 2090 4000
52 39 16 72 98 5369 4000
22 48 63 67 81 5976 4000
67 36 17 47 116 6235 4000
29 17 21 39 177 5927 4000
46 59 57 57 228 1775 4000
55 57 61 40 145 5568 4000
56 26 53 41 62 5740 4000
66 20 36 35 223 935 4000
73 69 65 59 68 6760 4000
57 36 71 58 188 5593 4000
66 51 58 37 226 2192 4000
66 72 61 60 87 2472 4000
18 36 42 42 232 6231 4000
41 48 61 47 132 3243 4000
36 65 31 32 254 1692 4000
24 58 54 53 43 2653 4000
49 36 41 48 100 2791 4000
20 60 36 31 255 5185 4000
61 43 55 67 120 6210 4000
27 57 65 35 119 630 4000
17 51 32 15 12 1730 4000
41 59 59 15 109 6662 4000
51 37 46 22 281 646 4000
51 73 15 20 5 1194 4000
31 38 19 26 130 2188 4000
17 48 74 31 173 672 4000
64 57 15 30 223 4431 4000
57 35 28 49 210 5960 4000
54 41 56 24 97 1522 4000
70 22 24 44 32 4902 4000
31 44 15 24 113 999 4000
42 50 52 64 9 5178 4000
24 65 40 17 249 2422 4000
37 36 51 58 129 2735 4000
40 65 42 67 170 674 4000
48 32 27 64 111 1698 4000
54 49 17 40 248 6131 4000
38 37 23 41 219 713 4000
47 50 72 57 113 3525 4000
67 37 73 42 241 6700 4000
54 33 60 22 116 895 4000
72 38 38 37 299 5536 4000
69 57 42 59 297 3499 4000
54 52 33 37 93 4833 4000
37 38 63 17 101 5247 4000
52 45 64 20 195 6717 4000
63 44 74 56 76 6021 4000
38 61 20 23 46 4835 4000
29 17 55 35 183 4466 4000
71 53 41 17 177 4524 4000
42 42 69 40 92 1403 4000
58 38 69 43 294 5841 4000
67 60 34 23 49 4974 4000
25 60 73 63 16 6446 4000
64 44 44 53 276 3271 4000
74 66 31 54 93 3991 4000
20 24 64 34 256 1217 4000
61 19 51 41 51 1880 4000
20 57 41 26 110 1493 4000
23 30 30 73 27 5803 4000
60 35 72 64 293 2656 4000
34 47 20 70 277 6195 4000
70 72 69 23 241 5563 4000
60 19 44 53 15 6499 4000
37 63 54 64 25 837 4000
49 32 29 49 280 5748 4000
31 32 31 53 157 3547 4000
20 63 24 38 142 6385 4000
51 30 29 30 113 2988 4000
33 57 35 52 190 2356 4000
22 61 32 48 31 3601 4000
27 34 17 18 130 334 4000
41 47 18 40 198 877 4000
33 69 53 23 254 5830 4000
35 21 39 38 53 3377 4000
69 45 74 43 150 5783 4000
52 19 45 25 31 3101 4000
71 48 50 25 22 355 4000
22 25 19 58 155 1318 4000
29 33 67 27 229 5736 4000
67 34 35 38 268 3573 4000
60 16 54 46 31 1264 4000
72 49 63 29 278 3116 4000
66 34 59 69 280 1410 4000
18 45 18 68 133 4321 4000
27 18 67 71 281 4167 4000
31 68 46 28 33 3530 4000
69 22 59 56 213 3615 4000
56 34 41 26 33 4720 4000
59 45 52 51 9 6737 4000
69 62 62 22 195 3281 4000
72 59 31 26 109 1153 4000
36 61 43 47 15 5732 4000
