250
20 28 37 35 239 434 40
10 48 46 10 193 265 40
43 43 17 36 1548 1699 40
20 24 7 40 154 212 50
27 9 42 45 404 643 40
16 27 33 21 633 791 60
41 36 48 50 685 799 90
45 12 43 39 968 1155 80
8 11 21 38 406 569 100
6 41 38 8 828 917 50
41 42 19 14 389 632 100
28 14 38 41 1756 1984 40
40 39 39 46 294 357 60
45 40 20 9 962 1016 70
36 27 27 45 1968 2109 90
25 14 47 19 176 356 40
12 23 26 10 170 293 40
48 38 8 7 1455 1652 100
32 7 34 47 220 348 60
21 33 43 48 501 678 70
5 23 24 36 1227 1446 90
39 11 32 11 765 863 80
27 22 49 11 344 508 70
29 40 24 45 170 258 50
30 14 44 11 1422 1660 70
20 34 23 7 1580 1637 70
28 22 28 7 1861 1969 60
14 26 20 17 142 220 90
45 24 46 11 849 912 50
35 28 11 19 686 836 70
32 16 19 14 991 1069 50
43 7 24 6 1157 1280 90
12 30 22 31 375 512 80
11 40 24 15 1295 1505 90
18 47 35 15 186 362 60
35 8 30 41 1007 1254 50
29 50 50 25 506 600 100
38 9 50 24 1028 1160 60
27 8 44 10 866 1073 40
5 32 20 31 1649 1721 50
46 11 23 9 117 188 50
39 43 50 35 560 803 40
43 31 37 10 567 657 90
29 15 26 38 503 665 70
19 33 28 43 1840 2088 50
33 50 19 43 1780 1888 60
16 34 27 28 1002 1139 50
15 38 40 31 1377 1499 50
25 41 15 46 658 786 70
35 44 25 44 1006 1181 50
39 38 46 18 296 501 80
49 20 35 30 654 882 40
7 12 24 21 384 583 90
21 20 5 6 816 1030 90
20 47 47 43 1803 2017 100
18 29 45 19 1977 2193 50
23 23 9 12 1903 2131 90
46 14 6 48 1157 1261 80
7 22 20 47 1774 1889 50
24 15 46 16 1236 1413 50
20 17 33 22 22 170 80
24 22 18 10 1395 1577 90
40 38 27 17 1296 1436 60
22 16 22 40 981 1186 100
38 21 5 34 1853 1923 50
43 40 39 41 734 894 50
34 35 35 45 1084 1278 70
18 15 16 15 1597 1779 70
18 27 22 45 1516 1737 50
7 27 41 50 851 952 60
30 11 41 42 404 487 100
46 11 26 14 902 1046 40
21 45 45 11 157 244 40
26 34 41 28 959 1120 100
10 41 18 40 598 706 70
15 40 9 8 1180 1362 70
44 18 48 39 1508 1733 70
12 47 43 13 1925 2050 60
25 44 12 44 781 930 40
15 16 35 40 1962 2111 80
25 17 9 50 808 991 50
7 30 50 29 255 473 60
35 19 48 49 1347 1417 50
39 17 22 12 580 802 90
19 21 5 48 777 904 60
23 49 44 5 510 604 100
32 14 15 11 847 940 70
18 37 23 10 1066 1264 50
12 36 34 28 674 923 60
47 20 33 36 1222 1378 90
18 48 22 20 172 376 50
39 21 50 17 1982 2200 90
43 26 31 15 1629 1724 70
26 48 30 15 1689 1894 60
40 25 32 21 686 834 100
39 31 49 36 113 316 60
8 25 35 46 1763 1865 100
20 32 9 14 1813 1923 80
8 24 9 12 1270 1463 100
33 16 20 18 864 984 90
36 44 11 27 958 1043 60
16 5 6 40 1745 1857 40
14 20 34 42 539 728 70
30 43 16 27 1100 1253 40
48 36 41 27 1310 1533 40
47 10 7 14 981 1037 70
47 28 38 22 1605 1739 70
5 46 26 45 1852 1943 80
49 38 11 8 739 902 60
18 29 39 35 525 632 80
36 30 37 50 1706 1934 100
34 45 33 40 878 1020 90
27 28 15 37 962 1093 40
17 21 11 46 1026 1132 50
44 26 46 29 1990 2044 90
11 47 27 24 1523 1761 40
40 50 27 18 509 560 80
8 9 22 21 467 607 100
17 48 7 6 1938 2021 100
31 6 40 36 1660 1862 40
8 14 31 47 344 426 40
24 21 45 10 1136 1206 60
44 25 40 18 1596 1770 50
22 25 15 39 1612 1777 90
21 41 33 9 1486 1631 40
7 29 12 43 138 367 70
39 50 27 33 757 842 100
17 16 41 50 1056 1216 100
19 21 5 29 1562 1792 100
26 14 46 14 551 708 80
45 15 45 46 1721 1939 60
44 44 39 12 719 894 90
40 45 16 33 1243 1313 80
43 30 45 19 1713 1769 50
12 12 38 8 1118 1213 100
9 31 49 47 980 1228 70
35 9 14 29 993 1057 90
12 29 15 26 1765 1939 40
42 26 31 12 538 759 60
28 5 31 35 1699 1810 50
40 19 12 17 886 1106 80
16 42 17 14 333 402 70
36 47 36 20 1540 1723 40
11 16 6 15 983 1116 60
46 5 45 37 1943 2124 50
27 48 28 17 228 330 70
49 39 17 39 1683 1905 40
24 36 10 44 1613 1672 70
21 8 45 8 1863 2059 40
32 44 19 23 285 474 80
27 24 46 49 1445 1529 80
37 50 50 38 979 1068 50
24 5 20 5 1720 1960 70
48 39 44 45 1510 1593 60
36 22 41 5 1967 2073 90
28 26 14 45 1880 1948 90
18 46 44 28 854 1004 60
28 36 49 25 558 632 70
10 46 25 8 1113 1355 50
40 6 29 32 645 744 50
48 21 17 13 458 572 50
17 15 11 17 1636 1731 60
11 14 28 50 892 1048 40
13 40 41 50 1716 1912 90
16 5 43 19 191 349 50
6 17 30 33 871 1059 100
37 44 12 36 339 450 60
25 43 18 13 200 423 40
38 50 24 42 282 495 70
21 47 46 28 1190 1275 40
7 12 33 10 1508 1559 40
26 28 41 33 456 554 90
22 35 9 16 1958 2192 100
7 20 20 13 1892 2142 80
23 40 11 43 714 816 70
34 35 30 47 742 841 70
7 48 23 33 129 217 80
44 36 5 44 753 974 70
18 15 15 13 649 889 100
33 46 35 44 1249 1488 90
48 38 42 28 660 886 90
5 33 21 11 902 1143 50
8 37 24 47 948 1019 50
13 33 49 27 765 854 60
6 27 46 33 321 429 60
34 50 19 10 617 814 90
14 31 7 30 1463 1660 40
39 5 33 42 212 321 50
43 20 27 7 1091 1246 70
8 34 31 14 1415 1560 50
23 33 31 48 794 913 80
16 41 38 37 389 482 90
19 17 28 22 1293 1452 100
47 11 10 38 777 946 90
45 17 19 48 1672 1750 60
48 30 46 26 760 895 100
11 26 9 42 376 585 100
14 16 12 13 1326 1575 80
6 24 19 13 1752 1890 90
26 46 15 12 0 132 70
35 26 38 43 211 426 60
43 33 8 10 1910 1981 90
25 27 28 23 192 377 40
9 22 35 32 1286 1364 60
16 15 29 27 383 609 90
8 37 38 50 93 296 80
48 50 38 24 1604 1768 60
18 25 30 12 1758 1999 80
42 21 20 28 1930 2062 60
48 27 46 11 1536 1592 40
6 6 32 46 1565 1752 80
46 50 12 35 926 1058 70
8 12 48 23 789 981 80
13 46 50 14 26 273 50
9 22 7 47 1569 1666 60
35 25 19 38 46 284 70
22 9 45 23 364 517 90
47 5 15 21 517 718 100
28 24 34 47 1580 1790 50
16 18 47 10 1643 1818 70
30 9 15 13 445 503 100
44 42 38 38 471 532 50
6 35 42 6 972 1159 80
36 27 29 35 749 910 100
34 15 37 7 130 198 40
42 13 5 42 66 262 40
19 46 40 39 1468 1640 80
22 30 15 41 1264 1508 40
37 11 18 13 109 189 70
39 13 37 15 1293 1536 40
43 28 41 41 271 426 50
26 45 28 7 1902 2026 90
35 37 12 29 481 726 60
24 19 15 28 1803 2017 100
21 27 5 20 889 1069 100
14 31 16 13 8 69 50
11 8 24 47 457 606 100
36 34 16 47 1226 1345 80
13 12 46 7 1763 1999 40
11 34 48 29 1110 1329 100
12 26 41 9 556 717 50
39 10 27 31 1828 1991 40
5 33 21 33 922 1152 80
44 42 16 8 225 457 80
50 37 6 41 243 301 40
43 18 10 15 1437 1643 100
34 43 6 48 573 788 40
38 30 21 38 1574 1668 90
48 43 24 46 519 623 100
23 45 18 19 740 907 90
