350
47 39 10 19 451 630 476
49 14 15 22 142 365 289
22 14 15 28 118 297 362
47 36 33 45 60 191 373
21 36 16 19 413 585 341
41 35 38 15 123 329 183
42 42 16 28 15 202 234
38 44 49 43 278 480 291
17 34 18 12 300 485 324
35 15 31 16 339 553 380
16 39 11 48 105 214 450
36 47 21 24 226 392 494
25 14 15 20 311 587 395
34 30 10 15 381 538 309
49 17 43 39 207 333 126
21 10 18 46 357 648 152
47 49 11 31 204 382 355
40 21 15 39 413 676 205
30 36 22 39 468 654 238
11 10 42 11 67 189 490
43 20 31 46 349 458 133
38 35 49 47 397 636 228
43 30 25 26 183 399 267
34 31 18 48 193 421 450
39 46 46 32 323 595 171
36 43 49 15 416 603 243
45 36 19 32 300 450 378
19 41 43 11 318 490 178
22 24 12 32 151 273 165
43 24 19 38 72 255 407
35 41 50 27 11 147 170
18 32 23 24 426 647 200
50 28 44 41 149 266 460
23 41 41 14 427 568 457
22 24 34 21 150 316 168
34 40 47 42 241 479 349
10 44 15 13 173 328 474
28 39 45 20 197 398 425
33 10 17 30 446 599 298
32 27 44 38 271 432 384
22 11 46 32 481 648 215
14 23 44 23 429 662 428
42 31 32 48 126 346 93
18 47 26 24 67 216 350
41 41 31 39 492 762 363
31 21 14 37 346 520 298
31 15 16 23 129 361 300
29 19 11 24 449 578 325
20 23 28 41 7 151 246
22 13 22 44 362 464 80
14 24 20 19 72 285 286
12 36 45 43 200 495 259
36 46 18 37 256 366 459
23 35 20 40 253 364 309
46 48 12 45 300 493 91
47 44 41 44 154 278 423
40 46 31 22 2 216 423
41 37 20 28 360 578 101
29 18 15 47 214 487 341
25 44 26 40 459 749 85
29 10 41 19 75 345 397
39 43 35 42 274 547 369
20 15 28 23 376 496 103
40 15 29 35 303 485 178
23 35 27 14 6 303 69
40 34 35 14 447 665 443
29 20 44 26 97 299 452
26 31 11 46 171 396 473
38 44 20 23 422 721 273
36 20 34 45 274 388 66
20 29 29 16 2 229 258
45 25 34 33 31 138 130
32 44 43 46 137 304 208
13 22 37 25 387 559 90
15 27 11 17 424 543 419
24 32 32 49 299 428 373
10 12 29 13 263 495 250
21 50 13 17 79 323 385
12 13 14 42 406 576 140
44 50 14 35 25 302 145
14 23 35 31 239 482 464
43 48 16 43 5 105 60
39 10 43 36 277 465 497
44 14 19 44 422 570 386
12 15 47 14 210 371 390
46 22 22 38 302 463 52
43 15 46 28 136 287 398
28 17 17 32 164 347 495
43 23 13 23 9 161 237
32 41 13 26 277 560 414
24 31 42 16 436 586 486
30 45 35 30 235 514 460
24 46 24 26 261 487 256
27 46 23 48 184 289 454
31 19 46 29 118 415 482
16 50 15 20 61 267 231
47 22 39 47 234 457 356
41 33 22 23 338 472 262
28 42 34 35 356 469 319
35 10 27 37 478 701 103
14 12 49 50 266 522 225
11 17 30 12 406 532 91
13 23 10 13 310 553 432
48 23 50 28 338 520 460
44 42 16 42 222 456 163
24 11 45 20 384 554 115
28 13 43 28 74 308 97
23 25 33 40 178 279 318
37 29 41 29 409 552 372
40 26 34 42 1 294 372
49 43 41 13 314 492 364
39 36 46 24 234 461 55
18 41 42 31 135 387 144
17 48 19 14 168 370 110
18 21 43 16 402 552 491
24 13 42 36 408 519 393
39 27 25 40 343 463 237
12 42 15 40 465 607 450
11 49 31 27 115 406 213
47 16 41 20 361 486 385
47 30 40 38 201 311 492
44 14 35 48 132 365 88
49 24 11 40 328 438 54
11 13 49 18 312 483 96
31 39 25 11 414 576 485
37 33 16 47 257 385 440
48 18 10 28 410 575 467
19 11 28 26 298 423 357
10 15 20 40 16 167 138
28 20 21 13 248 498 411
11 15 38 29 397 508 287
44 14 19 15 125 416 250
25 44 43 44 414 553 112
21 37 22 36 138 350 266
26 35 47 33 308 486 183
48 50 40 48 64 311 56
45 19 23 23 260 421 128
34 38 17 42 218 502 215
15 43 16 26 495 622 155
28 10 31 43 4 264 323
44 16 18 50 363 532 280
12 23 50 47 106 213 251
37 25 30 22 102 303 471
31 30 33 11 184 472 443
24 34 10 15 280 503 143
32 18 34 39 366 657 273
11 32 38 35 77 332 456
48 24 25 40 349 514 147
43 10 43 18 481 686 93
37 48 38 24 76 370 229
35 33 32 38 31 225 367
29 25 48 10 353 501 232
22 43 45 42 21 175 88
13 43 41 18 21 297 323
39 46 42 29 132 324 480
24 24 46 17 49 345 381
35 46 31 47 168 361 375
18 22 23 47 426 572 92
16 46 47 29 70 333 493
24 14 12 44 45 224 238
14 30 41 19 2 124 180
15 29 27 27 248 386 125
43 32 17 17 11 138 444
44 47 23 34 347 641 80
49 15 22 17 64 360 352
35 19 19 21 392 655 92
44 22 49 19 52 289 280
30 35 25 43 438 555 436
14 19 26 34 259 514 412
11 24 47 35 271 438 175
28 42 40 13 207 451 177
46 49 26 18 127 421 262
19 34 21 40 169 270 387
50 16 47 46 321 487 459
44 34 38 49 208 448 186
23 21 22 48 286 575 96
32 38 46 36 198 368 470
23 46 42 48 392 573 412
40 30 35 40 33 147 152
14 23 18 32 434 705 395
43 32 20 20 385 613 361
22 30 20 39 56 316 60
34 18 31 35 169 442 129
49 11 28 13 103 402 431
29 34 45 43 455 744 211
42 10 35 48 476 735 145
32 15 11 20 100 297 295
38 32 49 27 351 569 279
24 22 35 22 250 378 71
49 46 38 47 233 432 483
48 28 35 46 300 525 392
38 17 12 23 143 420 243
44 30 12 18 445 745 341
14 38 35 16 58 338 388
46 41 42 23 10 292 408
49 18 22 47 205 321 110
45 47 31 13 110 218 428
32 37 12 14 199 335 424
11 15 10 33 138 408 268
25 43 40 19 86 285 383
30 36 44 41 317 536 242
49 38 38 45 67 233 312
14 39 34 19 327 537 143
25 27 32 33 335 488 305
32 30 28 39 43 154 231
11 49 12 18 264 372 96
42 50 33 50 238 487 327
43 12 12 16 60 238 347
44 28 38 36 209 429 409
25 23 11 12 136 329 62
25 28 18 13 298 510 210
15 43 24 19 245 489 236
42 50 34 21 62 328 406
50 47 41 47 280 565 194
46 46 42 46 382 514 395
46 38 49 43 27 281 166
31 12 12 45 45 256 249
29 37 17 14 461 701 204
44 47 49 10 72 321 99
35 15 27 42 311 609 199
44 33 10 12 89 321 132
10 36 43 33 465 702 182
31 39 14 10 401 553 365
11 34 12 36 16 197 199
36 10 47 24 475 668 355
24 11 31 36 128 371 479
40 19 15 28 168 319 356
49 39 21 21 360 610 398
38 19 34 13 268 537 347
27 22 35 38 374 512 490
38 19 49 24 30 268 441
46 25 19 40 30 316 367
20 14 10 28 498 670 229
17 47 40 16 209 354 414
40 13 17 19 238 506 444
42 40 21 50 69 209 338
14 32 43 39 92 328 102
45 24 12 31 272 409 88
18 17 45 42 241 379 77
28 10 22 13 183 312 292
40 37 50 14 122 326 152
44 31 12 29 447 586 355
39 37 42 17 202 424 175
39 19 49 41 330 574 481
29 17 24 10 354 520 244
20 10 31 44 141 395 300
50 44 26 21 491 745 451
49 19 39 23 81 268 115
28 38 36 36 292 430 84
37 44 12 16 158 457 251
44 46 13 36 81 220 326
34 17 18 45 181 323 276
18 31 26 16 382 501 71
13 50 22 12 257 362 148
13 21 19 11 373 514 452
44 16 12 24 399 695 188
49 24 44 23 175 460 153
29 48 25 42 300 593 281
41 45 46 12 146 280 185
30 12 37 15 48 149 231
29 11 25 44 67 262 111
43 50 16 21 244 373 100
19 47 47 48 290 396 127
16 44 50 20 258 361 75
31 39 41 45 478 673 164
36 30 42 16 28 313 374
26 32 30 47 244 489 202
49 19 12 50 256 382 92
20 23 26 12 338 491 435
10 36 36 21 184 371 166
33 28 40 10 481 646 221
27 40 42 12 8 219 228
40 19 21 28 23 219 301
24 28 50 22 226 375 403
43 40 14 18 491 616 475
21 17 10 13 272 425 57
12 31 10 37 220 420 447
49 33 31 29 71 186 65
14 36 17 21 410 708 372
44 25 33 36 477 767 339
36 32 33 11 269 517 114
31 13 32 13 178 349 361
49 19 48 12 198 489 397
24 26 46 12 140 354 84
36 37 22 41 210 456 186
38 37 33 44 211 485 225
25 45 45 24 354 634 94
41 16 14 48 205 403 70
10 35 10 30 56 220 95
35 50 23 18 88 235 319
18 27 27 34 420 520 350
11 19 26 18 438 716 308
15 47 30 46 369 665 87
44 17 31 34 84 331 83
19 23 47 38 424 529 475
16 18 12 32 160 344 433
23 45 48 33 118 233 351
47 50 36 29 49 327 228
49 35 32 33 86 209 227
16 49 49 40 399 619 343
15 11 17 47 283 555 198
50 31 11 49 367 528 268
24 32 26 35 382 682 245
42 48 21 10 211 406 80
39 21 28 19 225 372 496
11 17 18 43 98 345 252
16 48 48 20 473 725 55
40 42 30 30 490 680 235
24 42 24 38 277 524 352
38 50 36 49 286 584 64
25 24 25 23 194 297 379
16 25 21 22 135 403 425
40 46 26 37 411 561 173
33 12 15 42 371 601 66
28 40 47 38 282 581 263
32 46 33 27 171 348 431
48 39 46 26 373 632 226
18 47 45 24 300 423 477
49 36 12 40 193 426 150
24 16 44 18 443 656 446
15 26 39 38 96 284 471
20 17 12 22 453 682 410
43 41 15 19 138 386 160
41 47 34 47 36 218 153
15 24 40 33 93 384 116
31 25 11 16 171 438 196
28 20 32 19 159 385 419
38 38 29 23 286 413 465
19 50 34 16 252 366 377
50 30 39 18 92 238 454
19 43 33 10 133 373 110
18 45 20 11 44 222 87
35 15 45 41 336 627 361
31 27 10 17 15 260 484
18 11 43 49 432 586 335
45 31 10 11 178 406 83
13 13 18 32 376 494 483
46 20 31 14 0 242 388
42 10 21 47 478 700 446
27 32 49 40 71 337 204
11 12 29 22 22 176 405
12 17 49 18 425 527 478
19 47 41 32 80 216 358
33 30 41 30 241 365 451
30 43 24 35 456 562 411
10 46 17 27 141 352 139
13 17 35 34 196 437 295
18 17 25 25 452 611 288
10 19 48 27 327 556 169
49 18 12 44 113 317 68
