150
13 40 99 98 1120 1538 54
73 92 69 93 849 1401 18
9 29 96 50 923 1323 48
81 34 1 3 68 696 63
56 27 13 56 1058 1742 83
17 52 40 14 1259 1745 7
81 43 66 86 989 1647 16
53 89 17 79 126 736 27
10 91 81 6 1127 1597 34
18 92 97 50 551 985 7
59 69 11 19 338 980 95
75 73 95 80 1309 1991 77
53 88 7 15 1439 2207 89
92 6 31 100 184 670 70
100 68 26 94 1543 2131 95
70 18 35 44 1389 1883 10
14 64 14 85 108 886 82
59 2 22 23 899 1615 58
42 94 95 31 464 932 12
81 85 23 23 494 922 100
47 99 82 3 34 758 43
26 27 47 77 1593 2107 41
52 78 93 16 242 856 73
22 87 68 66 989 1747 60
44 4 64 11 810 1508 70
52 29 87 61 1347 1995 36
90 94 80 57 330 756 90
93 96 52 35 1728 2214 55
81 58 4 34 102 528 63
74 37 50 96 1161 1899 13
30 95 27 100 1178 1718 49
78 87 68 62 1564 2244 18
5 56 27 3 1777 2215 64
86 20 3 90 505 1143 11
94 83 40 21 487 973 69
93 22 16 35 564 968 90
72 33 61 29 1104 1890 22
51 41 15 73 276 822 19
42 83 13 87 1571 1971 39
85 87 3 72 760 1354 38
86 81 10 45 117 773 45
89 9 60 40 1085 1707 55
5 66 74 1 321 825 9
63 35 17 84 1378 1962 86
19 11 37 7 1371 1935 71
41 11 64 90 1404 1810 61
15 45 7 4 1563 2127 79
6 29 24 24 1510 1972 68
98 15 99 94 1786 2570 94
42 15 90 62 1796 2388 50
77 81 27 100 640 1420 2
28 7 44 42 277 725 75
11 55 81 39 140 846 29
82 52 67 55 1749 2195 2
58 52 44 13 30 534 63
72 25 66 53 1753 2465 34
23 46 95 90 254 1054 50
37 2 72 70 1678 2374 84
60 1 83 81 689 1131 35
4 37 18 35 1046 1732 5
72 45 37 7 1782 2480 35
65 17 86 87 1373 1901 40
57 42 4 41 417 881 67
17 95 38 24 1184 1678 8
88 29 21 60 590 1106 39
78 6 8 83 747 1483 2
9 31 20 9 634 1336 83
39 40 46 77 1348 2004 80
2 92 24 71 61 861 79
10 84 51 88 1424 1932 40
93 62 12 12 796 1308 87
93 73 23 12 1232 1974 12
3 46 55 12 1414 1972 52
99 42 55 9 270 1010 89
16 41 30 29 1000 1646 53
15 35 88 66 817 1485 66
42 4 45 81 185 929 12
85 11 45 7 1463 2037 76
74 75 76 62 756 1254 90
18 11 12 19 1728 2218 25
58 92 60 65 980 1502 57
44 47 26 87 1458 2076 78
55 46 3 66 1126 1758 84
75 13 35 84 1642 2362 76
89 29 81 3 41 749 82
65 75 53 75 1763 2261 82
95 37 56 43 46 534 32
64 25 60 50 214 968 70
55 88 90 51 1713 2483 58
1 32 12 89 1570 2330 24
3 7 57 64 669 1275 92
76 43 36 1 969 1585 25
5 22 63 73 727 1331 71
95 26 17 62 1293 1789 25
71 97 10 96 1768 2206 58
67 54 9 81 344 932 28
20 47 79 47 234 900 84
30 68 69 9 243 793 2
12 92 13 56 1504 2046 16
39 84 11 13 617 1071 90
96 59 42 72 1003 1595 83
69 37 22 79 1404 2004 60
35 37 60 82 1754 2416 76
80 21 28 84 533 1077 33
100 83 61 91 1621 2361 73
20 62 8 19 401 1093 26
64 40 100 84 1169 1721 2
56 3 55 66 1378 1952 89
82 63 5 61 1183 1609 89
82 86 44 42 298 932 57
31 33 39 10 369 967 2
6 45 45 33 1054 1666 88
54 22 95 21 832 1348 91
2 83 22 23 623 1351 46
74 58 33 61 220 694 47
33 50 53 85 564 1096 100
81 78 99 31 1555 2353 41
7 27 80 89 1600 2264 78
7 5 58 34 1463 2093 16
38 84 73 1 441 1005 68
6 73 28 1 857 1545 50
82 83 33 21 847 1603 49
13 53 91 63 575 997 6
72 54 5 83 1296 1826 22
64 69 79 48 210 982 61
21 93 89 8 1492 2076 78
13 86 87 89 1550 2268 33
2 73 32 88 830 1504 84
62 84 26 34 1244 1680 13
2 53 89 96 1212 1790 51
67 42 20 67 1635 2407 42
78 6 27 61 1698 2424 43
88 17 25 55 1131 1807 84
95 29 7 97 872 1542 60
91 42 86 10 308 1038 53
37 9 61 52 1031 1649 90
24 82 76 37 1288 1938 28
90 56 93 14 607 1037 60
57 78 70 51 574 1208 99
56 21 66 18 86 666 63
90 83 28 96 612 1246 18
69 61 6 79 457 1059 1
51 35 29 68 207 959 67
37 7 96 49 274 768 97
22 24 23 39 1505 2267 35
44 64 94 66 297 767 76
64 98 97 26 1736 2336 79
92 39 42 62 966 1746 21
45 40 38 69 533 1017 7
95 48 12 33 1729 2349 95
