200
86 61 54 9 139 239 2
87 14 79 25 195 403 2
64 93 55 21 175 506 10
75 39 88 35 11 17 5
74 29 76 14 166 283 5
66 75 79 67 69 163 5
50 69 97 61 66 112 2
71 83 33 17 47 98 6
61 84 56 22 45 113 4
9 82 23 70 179 470 4
14 31 93 11 107 320 10
34 83 58 58 78 126 6
58 31 8 38 98 200 3
87 20 77 31 181 302 1
9 30 49 35 99 285 3
74 34 48 47 112 259 7
1 1 40 17 97 170 7
31 4 42 78 122 346 2
91 38 26 41 43 77 10
42 59 31 33 84 92 6
71 31 48 61 89 150 1
50 56 85 93 79 134 4
78 38 47 90 200 280 9
63 34 59 32 78 208 1
1 63 99 85 34 34 3
19 97 8 68 154 402 6
29 82 81 79 39 80 6
31 77 79 60 120 184 6
67 54 14 70 195 491 3
32 77 45 15 34 90 8
5 28 12 69 9 20 9
87 70 70 52 134 390 3
39 97 64 2 163 489 2
38 8 23 70 111 291 9
73 86 71 24 15 24 3
74 3 31 82 162 414 7
76 6 10 6 121 147 9
69 70 66 26 95 242 3
67 22 13 36 168 231 10
66 34 70 34 3 8 5
30 96 41 64 168 323 4
89 85 10 13 180 485 10
57 41 62 77 7 7 6
33 4 82 41 51 103 5
66 40 28 27 145 431 4
40 99 65 78 98 198 3
11 39 13 70 5 12 5
67 33 42 83 27 32 9
28 67 87 6 56 107 7
55 2 19 3 150 383 6
76 14 65 85 196 572 7
66 37 98 82 70 159 4
1 91 16 42 146 185 6
81 53 85 15 86 219 7
7 28 73 69 23 60 1
35 22 59 69 141 323 3
59 71 19 29 168 412 8
63 9 65 45 44 81 3
80 59 44 94 64 109 5
17 83 94 99 196 522 4
35 66 14 33 26 38 8
30 28 57 48 53 142 5
54 97 19 100 79 147 2
37 21 13 22 87 113 3
27 78 80 30 34 36 9
26 76 55 29 114 258 3
5 30 99 55 96 224 6
69 74 48 41 37 84 5
30 16 71 30 149 310 3
55 30 63 60 133 284 2
81 56 50 81 97 105 5
34 31 95 3 138 284 7
7 61 34 42 185 351 4
91 2 66 2 47 81 7
9 77 41 84 20 39 1
21 92 1 54 118 253 1
56 82 28 18 81 124 2
32 94 23 26 124 316 2
28 96 55 50 184 332 2
48 20 29 19 150 449 10
3 13 64 65 56 118 7
94 53 37 95 155 188 6
62 5 62 23 154 425 4
87 66 93 29 95 268 2
98 56 11 89 155 400 3
24 74 43 15 114 271 7
30 87 16 60 6 10 4
36 37 7 46 138 201 7
48 99 36 30 96 216 6
4 26 20 1 34 50 4
3 32 35 39 156 445 5
96 50 44 35 4 11 9
64 50 9 39 104 293 10
95 26 56 48 57 57 9
55 62 30 77 32 50 4
59 77 40 36 76 206 9
22 75 94 13 187 559 2
44 44 28 92 45 123 2
33 14 44 10 143 146 4
67 42 85 87 193 248 7
44 91 43 52 48 70 3
26 46 75 62 185 451 6
68 86 93 13 68 163 7
70 46 27 39 114 210 3
78 39 100 97 138 323 1
52 84 2 79 3 7 6
14 40 19 45 193 412 2
12 75 84 82 113 277 10
69 53 37 79 114 238 7
10 23 57 17 61 130 2
28 20 32 19 34 70 6
34 50 16 54 39 102 5
74 81 14 60 38 75 2
50 94 13 38 71 148 3
70 83 96 44 180 519 2
79 43 10 6 175 294 5
59 49 13 51 77 196 2
63 84 67 90 52 141 7
44 43 24 38 142 151 1
22 77 12 1 94 175 6
48 56 57 74 92 189 6
35 87 89 17 71 131 8
97 61 61 43 158 374 1
71 60 73 32 66 187 5
51 12 74 66 188 505 9
89 64 43 85 70 72 4
13 72 33 5 183 312 7
77 70 58 6 53 121 6
74 12 74 90 104 295 3
39 78 2 88 191 201 5
40 59 77 81 86 174 8
22 81 26 62 157 447 4
92 58 24 57 107 171 4
80 61 92 95 178 478 7
65 87 89 29 116 267 8
20 40 73 83 178 457 2
95 50 19 25 151 268 9
54 14 50 57 182 537 7
82 19 71 21 169 293 6
69 39 37 20 101 125 2
19 96 75 14 97 166 10
79 34 49 97 85 103 7
42 14 6 6 200 512 4
100 13 68 88 190 294 5
8 58 20 18 2 4 1
18 47 89 96 190 468 3
81 53 11 24 59 75 9
92 27 19 4 55 139 3
85 58 95 87 24 27 1
39 34 76 6 193 465 3
78 90 38 75 113 176 7
24 80 18 40 75 224 2
75 65 4 98 111 269 6
9 18 90 7 88 159 8
35 5 13 90 112 177 4
56 95 50 95 121 337 10
14 17 82 67 12 34 5
9 57 39 11 59 125 5
59 76 60 8 35 59 6
75 9 74 42 114 336 2
53 9 64 58 26 42 8
50 54 72 45 189 197 10
50 28 24 44 135 279 10
98 61 27 4 43 59 1
61 93 12 77 1 1 10
37 1 21 32 33 65 7
64 22 39 59 34 88 4
93 28 93 65 113 195 7
11 1 24 23 38 91 3
22 20 30 78 13 39 7
60 72 76 9 181 527 1
42 19 86 98 116 184 10
83 43 53 57 34 40 6
95 100 9 7 142 193 7
35 56 11 72 60 167 7
7 93 17 7 103 228 5
54 26 71 28 37 63 5
58 36 74 77 105 314 7
75 60 76 4 31 36 7
26 14 4 54 43 46 1
75 66 74 40 158 289 9
46 33 15 27 61 172 10
63 79 88 4 56 120 6
42 83 79 51 46 46 2
84 33 35 99 100 217 7
44 28 3 80 61 173 9
92 29 89 87 102 125 8
86 21 69 30 44 129 2
2 44 31 43 69 159 8
30 18 90 54 138 209 8
73 44 99 26 64 83 1
93 8 17 14 195 484 6
88 22 10 44 65 84 3
99 37 17 2 63 100 6
49 12 60 91 40 46 9
21 18 98 90 163 353 3
57 56 81 47 100 123 4
69 93 98 76 170 291 3
63 80 7 85 58 148 5
85 6 13 42 113 167 10
