300
33 51 39 120 271 362 3
150 40 131 50 139 233 10
137 90 63 129 294 627 6
16 116 75 136 206 224 1
126 77 81 105 268 692 2
108 126 136 30 296 567 4
127 140 88 118 212 622 6
139 46 107 122 154 264 7
55 117 114 51 264 701 1
95 73 3 66 260 755 9
63 113 14 119 260 618 4
86 76 107 9 174 294 1
30 120 75 51 175 351 4
106 24 112 31 189 336 5
97 24 117 84 143 420 7
78 106 130 67 237 533 4
46 19 71 31 61 153 9
97 44 98 132 266 390 4
95 96 9 53 172 465 2
73 88 127 93 289 583 1
59 29 111 86 235 705 4
45 72 141 71 255 621 4
46 37 52 82 9 10 10
140 128 144 148 34 81 2
122 29 32 137 90 269 5
18 55 56 79 270 682 6
51 28 125 35 75 174 9
133 83 90 69 129 308 3
2 134 64 136 249 349 9
97 109 23 60 3 4 6
10 122 23 100 25 43 6
54 118 1 4 13 36 10
147 59 100 39 155 401 2
125 136 98 133 247 263 1
49 149 30 3 165 339 1
8 71 54 53 229 514 4
79 7 125 138 113 237 2
53 92 77 17 202 240 5
27 29 29 52 25 63 4
73 102 97 116 42 123 4
14 69 14 49 203 606 7
83 143 131 35 70 207 9
130 41 4 17 53 141 4
23 8 148 115 224 332 9
131 52 144 150 201 368 5
25 28 122 85 230 520 6
117 135 105 81 246 488 2
16 116 22 5 278 370 6
126 97 27 78 82 177 2
138 17 52 90 169 433 10
81 132 102 45 81 170 9
75 2 58 104 93 173 2
29 56 96 19 170 176 9
68 14 58 114 137 262 6
51 11 81 29 96 250 8
99 3 22 113 13 18 2
72 135 24 33 209 286 2
120 101 136 43 196 550 1
99 114 42 56 13 34 10
74 25 14 75 14 19 7
133 14 127 22 67 100 4
130 122 33 102 231 613 10
111 39 82 66 105 119 8
31 3 22 47 165 418 3
147 100 139 95 49 50 9
53 105 49 9 66 170 3
107 72 81 11 11 33 2
128 41 30 129 186 249 9
19 141 109 51 218 606 8
112 28 124 33 26 56 6
79 131 143 127 241 451 1
149 64 88 93 256 614 6
27 51 113 70 16 24 7
34 59 50 129 4 12 9
126 52 125 30 79 176 8
31 90 101 95 119 141 4
126 131 52 8 153 263 1
123 35 132 42 171 376 8
73 142 106 132 282 360 8
35 136 125 142 9 16 1
30 142 146 20 15 18 4
31 76 100 91 255 300 4
135 112 14 63 14 34 3
126 127 93 76 74 219 5
128 84 149 98 61 64 2
42 84 62 39 91 150 1
67 35 53 11 297 669 1
45 9 30 86 153 379 8
150 83 4 40 36 91 3
134 61 143 12 35 89 6
76 123 134 141 273 796 7
137 16 123 125 121 313 4
83 60 121 32 118 209 8
3 142 71 89 126 166 4
74 71 41 67 177 332 9
89 102 106 64 20 35 5
127 40 12 113 157 248 4
84 71 113 133 100 218 9
33 143 130 88 173 409 5
17 103 113 82 128 246 6
125 130 67 101 300 873 9
25 113 14 138 28 62 7
107 141 134 141 227 256 4
107 32 56 114 219 312 10
49 30 103 40 241 500 10
102 127 111 128 64 174 1
134 105 85 1 52 78 10
45 131 118 138 75 145 8
100 48 94 53 220 291 7
35 137 51 95 128 173 8
112 57 47 57 115 317 9
106 25 105 124 187 187 10
3 104 103 103 295 876 7
47 65 117 39 217 628 9
41 121 117 93 51 97 6
39 96 105 130 24 34 9
98 145 46 102 125 343 2
55 102 120 11 147 172 8
52 62 123 94 58 71 10
33 120 21 92 115 153 1
9 56 135 76 254 470 2
75 113 46 97 256 747 2
148 53 63 97 2 6 1
90 82 44 95 182 385 2
22 13 39 95 300 420 5
138 53 26 39 98 281 1
19 145 72 27 157 172 3
14 6 1 34 121 329 6
73 37 31 131 254 263 10
27 128 97 54 263 413 4
119 19 46 3 243 364 4
62 56 48 60 204 245 5
16 19 50 132 103 113 8
7 24 18 98 198 444 6
57 40 65 63 202 231 7
102 128 54 25 85 184 5
89 148 6 62 267 465 7
109 57 127 83 103 284 10
66 69 124 13 58 117 5
97 27 65 108 242 503 3
103 87 28 58 227 265 8
16 71 133 29 228 258 10
37 119 23 30 23 25 7
86 124 133 18 172 231 6
41 60 53 42 59 148 10
14 64 38 106 12 25 4
73 150 113 13 44 116 9
92 19 118 116 280 662 7
136 146 88 107 92 97 3
89 2 31 70 133 179 8
121 18 129 127 7 14 10
82 67 35 82 271 799 9
125 56 13 29 125 311 2
13 80 55 13 145 151 8
108 55 9 36 180 217 6
17 103 149 73 289 577 6
54 129 107 7 156 428 7
107 107 71 122 85 146 5
19 126 76 14 88 98 5
127 39 96 129 296 580 5
38 141 94 41 244 628 8
140 55 105 21 223 518 3
49 118 46 26 194 492 7
23 39 88 80 54 57 7
12 34 91 28 102 124 6
9 65 34 138 257 423 10
98 67 15 22 161 369 8
77 76 70 125 71 102 3
12 38 85 90 109 163 2
79 97 128 61 164 239 9
4 134 85 64 205 606 10
147 101 135 109 226 480 5
117 50 79 150 134 341 2
93 18 6 139 111 244 10
126 53 65 39 273 401 5
66 106 120 18 213 334 5
79 19 33 127 280 654 1
9 139 17 62 149 386 3
123 31 122 102 78 212 2
40 47 127 43 79 197 5
108 125 6 47 204 279 5
132 105 117 99 140 299 4
148 14 75 19 186 380 4
140 92 41 109 259 499 8
79 12 24 29 279 822 1
43 23 43 59 92 119 1
68 80 26 99 150 275 9
65 50 100 73 247 429 10
26 15 66 71 57 130 9
146 34 118 31 23 48 5
117 141 17 130 259 499 8
54 101 43 124 108 115 5
136 103 124 95 105 208 3
19 148 129 27 129 201 2
113 89 125 24 187 358 4
134 17 69 8 246 289 8
149 95 144 30 260 656 4
122 19 135 17 223 359 4
33 21 146 101 292 432 2
54 144 34 19 65 171 1
125 132 131 135 3 9 10
69 54 43 96 242 520 1
11 81 63 18 235 526 1
150 48 2 109 71 109 6
94 45 148 115 136 148 2
75 96 109 49 254 761 7
147 110 40 51 110 273 4
28 24 91 15 165 367 2
133 62 19 60 218 218 6
17 77 104 73 278 623 6
117 47 99 53 186 476 5
109 54 74 149 165 289 3
39 146 40 107 235 675 4
20 143 14 67 260 360 9
46 46 11 105 34 46 4
28 147 124 74 287 714 9
124 94 41 134 205 361 2
138 117 127 138 88 258 6
58 78 96 13 111 265 4
92 50 119 83 197 336 2
76 1 33 97 51 111 7
16 65 137 70 261 498 9
35 68 112 98 142 284 10
98 103 118 43 100 200 4
132 108 98 116 178 492 5
141 131 106 126 181 250 7
54 64 10 136 13 34 4
38 77 121 24 267 539 5
49 105 49 33 10 19 5
19 30 55 119 177 221 10
106 112 36 21 243 497 8
138 60 112 65 149 247 5
23 127 106 105 202 446 5
96 82 54 66 20 36 3
62 124 19 79 269 746 4
120 47 47 148 224 654 5
5 76 89 34 289 318 3
125 85 9 50 164 470 3
42 25 78 83 237 455 6
122 97 92 66 70 201 10
69 4 3 11 121 179 5
111 129 18 27 28 41 6
137 23 48 100 76 160 6
127 62 33 86 96 223 9
121 104 70 52 266 758 6
62 76 16 75 89 96 5
63 41 135 129 235 340 1
142 9 97 75 130 296 4
85 25 64 93 33 41 10
137 10 29 25 149 337 3
18 10 57 27 224 455 10
32 66 4 71 256 688 5
135 81 44 72 36 48 3
100 42 38 49 84 85 5
128 10 45 84 252 518 5
130 124 55 37 172 486 5
141 125 56 9 90 109 2
3 123 17 51 157 254 5
33 50 150 53 153 345 7
149 138 143 135 194 236 3
104 107 107 146 260 331 9
19 95 73 138 61 134 3
137 32 149 126 161 359 10
126 53 88 58 273 369 9
39 145 114 111 215 395 6
57 132 75 62 29 79 10
76 24 78 54 268 581 3
44 143 21 121 24 71 2
75 103 124 135 38 43 2
57 111 29 48 186 284 2
7 84 121 84 208 230 9
100 34 120 44 104 269 7
72 104 15 45 236 593 2
123 104 34 100 35 96 9
142 49 126 45 212 312 6
18 19 7 48 234 319 3
3 32 108 26 107 216 2
40 121 124 147 274 497 8
112 68 66 133 90 255 1
127 110 46 29 91 207 8
112 138 100 54 144 275 1
139 65 39 82 42 92 8
33 31 140 82 237 377 9
89 66 98 44 154 158 7
44 69 48 141 174 424 6
13 128 49 28 194 533 2
43 73 49 133 53 83 4
28 8 70 50 165 178 8
40 138 121 61 208 268 1
98 145 138 118 271 389 2
92 75 82 40 298 492 1
71 68 54 79 165 217 7
74 39 62 142 290 481 1
70 6 23 107 7 13 7
103 29 77 121 39 49 1
84 69 120 39 204 251 5
137 108 9 113 174 427 4
42 58 66 148 161 337 10
112 86 46 82 248 275 1
125 46 126 13 46 92 10
