50
33 29 31 30 64 195 93
19 24 20 20 527 619 74
16 15 14 14 783 852 63
25 30 30 29 110 234 91
12 15 12 16 858 924 56
16 15 16 19 697 773 64
33 24 27 32 130 252 91
28 24 24 25 378 488 81
11 11 12 12 847 903 61
15 11 13 16 875 941 58
16 14 12 16 872 936 61
31 22 30 29 147 270 89
15 16 18 19 640 719 67
17 18 21 18 665 745 67
12 11 15 14 869 931 52
21 24 16 20 516 607 65
21 23 17 20 498 586 71
15 14 16 14 839 909 58
20 17 23 22 474 564 76
15 16 13 11 843 906 58
27 30 25 28 231 351 87
26 25 28 35 0 122 95
15 14 15 15 844 912 56
29 32 30 23 188 312 89
12 16 13 13 817 878 53
36 28 26 28 0 125 95
18 16 15 14 725 799 58
20 18 16 21 579 661 67
28 27 20 24 370 476 81
17 18 17 19 467 545 72
20 20 18 21 491 580 72
22 20 24 29 294 399 83
12 14 15 11 876 940 57
20 28 21 19 348 448 79
13 19 17 17 691 769 59
14 13 16 16 842 907 52
19 14 20 20 684 764 59
14 11 13 11 874 931 59
16 16 15 16 857 927 59
16 11 11 14 857 921 57
25 20 28 28 367 475 81
27 29 26 22 314 426 83
26 30 30 27 144 264 89
16 15 21 17 632 713 67
21 20 23 22 538 636 73
25 25 21 28 322 429 83
16 16 12 14 844 914 61
22 22 20 20 514 605 71
18 13 17 20 696 776 59
20 30 24 20 250 350 85
