200
15 1 8 4 40 43 892
3 1 15 14 59 59 950
11 10 4 1 29 29 262
9 3 6 13 24 26 922
13 14 6 1 5 20 142
11 11 12 2 27 75 540
3 9 5 1 14 49 961
14 2 15 9 19 21 969
1 5 15 10 32 36 929
8 5 4 2 20 23 293
4 11 4 12 7 13 974
3 3 14 2 45 71 130
3 14 15 4 45 66 671
8 9 10 11 9 33 687
10 7 6 2 6 47 493
4 10 14 9 30 67 18
1 7 6 6 10 11 620
9 8 15 11 86 96 708
4 10 7 8 63 65 48
13 11 10 1 11 24 296
13 10 14 12 6 12 462
5 3 15 14 41 72 844
7 8 15 15 97 100 171
2 5 2 8 40 87 55
1 2 8 15 16 64 31
10 4 2 9 3 53 966
11 9 4 13 24 57 591
1 12 5 10 14 76 511
10 13 11 10 69 94 235
7 8 2 7 56 68 941
3 2 8 5 33 93 370
15 2 15 15 43 66 513
2 2 9 10 61 70 135
9 2 6 1 38 58 99
13 14 6 3 20 22 860
11 14 10 13 59 64 406
1 14 10 2 2 14 11
1 11 6 1 47 79 234
11 1 10 13 8 68 917
2 14 1 12 11 18 178
9 4 1 8 14 21 532
8 12 1 5 7 34 929
6 5 13 3 30 35 109
11 1 14 5 77 100 148
4 8 10 12 10 45 839
13 2 6 7 12 31 985
1 5 12 7 5 41 530
10 3 8 12 3 23 332
9 4 10 2 71 95 858
5 2 14 9 15 62 131
3 13 9 14 17 72 626
6 14 2 10 0 24 574
1 5 14 6 17 23 804
13 5 15 10 22 52 629
1 2 8 14 71 71 746
9 3 4 13 30 40 172
9 8 7 4 8 11 287
10 8 1 1 22 23 654
11 8 10 3 57 99 719
8 11 2 15 35 37 465
13 7 11 1 51 52 156
8 1 15 5 14 76 686
6 4 2 3 2 48 218
2 1 15 10 48 81 977
3 2 4 9 14 80 40
2 5 14 7 15 59 770
14 10 5 1 81 92 222
5 7 8 10 58 79 973
11 12 13 1 59 75 712
5 12 15 13 19 20 293
12 8 10 3 31 72 508
12 14 13 9 39 49 769
2 10 5 5 15 44 439
4 15 13 1 55 92 265
2 8 15 3 49 77 856
5 2 6 15 35 92 400
6 11 7 14 7 24 218
14 1 3 4 36 98 361
4 10 7 12 10 75 862
2 1 14 1 67 67 118
5 2 8 9 1 53 132
12 2 11 9 43 57 200
3 3 14 3 25 79 911
5 8 14 14 5 41 93
14 15 2 9 39 49 237
1 3 4 2 13 47 928
2 13 14 15 4 23 769
8 8 6 1 19 21 383
6 6 15 13 51 69 601
15 14 15 9 16 26 254
9 10 8 7 47 50 200
6 7 7 6 10 63 630
7 5 15 1 11 43 519
1 9 13 9 11 98 12
12 8 3 3 54 91 956
1 12 1 2 1 10 204
9 1 3 4 13 36 710
7 7 4 6 94 99 222
8 9 5 4 10 31 253
3 1 2 4 25 37 445
8 4 2 12 23 32 409
1 4 8 5 26 61 160
5 10 9 11 5 46 167
12 8 2 7 38 74 956
14 2 7 13 3 30 187
6 9 5 11 30 57 652
4 6 4 3 51 90 726
3 10 5 3 5 91 378
1 14 2 2 3 49 245
6 15 7 4 8 10 919
4 10 7 2 18 79 210
12 3 14 13 45 81 750
2 14 4 8 5 61 359
2 11 7 7 4 81 200
7 5 5 10 46 77 635
5 15 4 4 35 82 671
5 11 9 4 9 27 404
9 8 13 14 70 96 575
5 5 14 8 0 14 42
7 10 5 13 54 78 615
15 15 9 5 4 10 268
7 5 15 9 67 76 568
7 12 4 15 9 75 873
10 5 11 12 20 32 634
5 10 9 12 34 49 147
8 2 3 3 7 34 521
3 1 14 7 16 46 287
2 10 11 2 21 76 956
2 9 4 15 22 26 320
1 5 14 11 50 99 88
12 13 4 1 10 10 929
5 6 11 7 51 62 594
7 14 2 7 29 54 586
15 4 15 7 55 70 588
15 14 13 2 43 67 296
8 15 5 2 5 25 547
2 15 2 13 56 86 757
8 4 7 9 8 55 973
3 8 7 8 17 31 176
4 5 12 10 37 47 164
1 2 7 3 39 98 508
12 5 11 9 19 66 65
10 8 12 10 2 15 189
6 14 14 6 28 44 786
7 11 3 6 11 39 408
4 13 10 5 4 32 924
6 12 4 11 23 81 20
6 6 10 5 48 99 968
5 5 14 2 24 75 978
2 11 5 2 36 95 198
11 7 10 7 59 100 322
13 12 7 10 9 11 832
14 5 11 5 27 35 700
10 4 14 3 14 80 62
10 12 10 4 11 23 41
7 15 13 2 19 76 461
4 14 6 6 41 64 207
10 10 10 4 7 65 612
15 11 2 5 14 32 335
8 15 13 1 24 41 421
3 15 8 6 21 26 765
2 2 10 14 52 97 626
8 10 6 7 32 59 425
15 5 2 12 11 21 329
7 11 14 10 54 82 982
4 10 6 11 74 96 164
4 9 11 6 24 36 300
1 14 7 7 53 91 534
9 10 14 3 3 12 739
7 14 13 15 55 82 846
9 6 4 12 7 23 846
6 2 3 8 35 49 413
13 15 11 7 10 19 784
3 11 6 14 45 70 46
6 1 2 12 6 10 79
2 14 1 14 24 26 714
10 10 15 6 22 37 520
7 6 9 7 8 21 574
9 13 13 2 23 100 56
1 11 4 3 39 68 670
11 2 4 4 8 24 178
15 13 13 7 77 87 68
9 6 15 1 24 58 87
1 7 7 7 79 98 835
12 1 12 12 16 52 324
5 12 5 3 78 95 529
3 11 12 2 12 77 954
1 4 1 3 0 17 245
6 8 10 3 13 30 535
2 6 13 7 15 36 705
11 4 3 10 0 13 810
5 13 4 9 53 90 639
2 2 6 5 14 30 918
12 8 10 15 30 30 26
13 9 5 6 29 66 722
2 13 7 2 14 41 227
4 4 5 12 31 69 37
10 1 15 13 22 32 752
1 3 7 2 14 24 362
3 2 4 7 11 53 536