450
21 15 54 79 2145 4630 64
61 27 74 67 3861 8007 59
51 35 93 58 2237 3712 211
51 11 78 81 210 844 237
44 23 58 14 1611 2281 144
30 44 64 64 885 3012 68
18 59 80 47 3256 6461 166
50 28 66 48 3155 5914 224
62 97 85 67 2882 3695 201
57 11 23 11 3499 5749 196
38 40 60 68 47 3342 199
86 62 16 81 1550 4667 212
43 50 30 83 3795 6506 188
32 88 52 53 1595 2156 58
79 63 29 94 1241 5643 73
83 14 23 17 381 3391 174
26 29 98 52 854 4542 116
85 12 52 36 2440 6751 244
44 64 44 81 2802 5271 244
57 99 90 35 3119 6377 108
91 78 50 67 2719 3163 167
37 81 54 15 960 4555 106
44 49 82 78 3734 6187 52
97 34 11 38 2116 3476 93
65 27 51 45 173 646 157
10 46 93 16 1759 4615 246
30 59 65 18 2011 3971 66
96 35 37 85 2238 3679 206
28 70 32 82 1427 2448 171
21 98 93 54 4431 7420 148
39 64 66 13 1555 4609 118
14 72 67 98 4018 4625 200
27 76 98 17 3327 6723 83
84 34 41 94 2191 6317 120
46 34 42 74 3340 6042 242
28 37 59 40 4070 7169 241
40 20 29 72 2453 6451 223
87 35 51 25 2836 6013 93
68 64 62 36 773 2708 225
13 25 69 86 610 2756 117
82 85 33 100 2424 4126 171
45 46 76 11 2962 4711 137
29 52 73 42 4481 5823 124
71 33 68 30 1764 3798 65
14 59 68 81 2170 6324 106
77 84 92 98 2464 4593 63
50 32 97 71 4295 6479 245
93 53 75 36 2936 5141 205
70 27 45 67 2482 5088 141
71 44 38 71 4084 6480 196
89 70 39 69 3367 5714 208
26 70 79 45 1685 5101 196
70 87 86 33 594 4522 169
75 52 91 83 4013 5220 108
20 62 83 53 3412 6199 203
40 54 33 86 3159 4436 91
88 96 11 85 1249 5622 230
96 61 41 65 2573 5910 160
65 34 42 69 1957 3696 249
49 18 63 87 2836 6918 115
62 72 57 34 1376 4453 54
22 11 75 100 2982 5791 199
67 43 52 64 1370 3688 85
15 17 21 13 1125 2998 93
51 86 38 14 991 5153 159
27 34 88 54 1212 4351 57
63 91 58 47 1435 5899 55
56 69 20 71 1785 3072 76
99 40 35 56 4058 6275 107
46 88 96 81 1870 3848 202
62 63 53 51 2358 5981 135
40 99 74 73 342 1551 151
96 29 97 10 329 1655 212
60 21 49 51 420 2377 233
95 48 74 40 2774 4491 99
34 36 35 76 60 925 121
72 73 13 40 1568 5550 153
81 83 33 96 966 3409 188
27 71 97 74 1556 4957 82
21 87 84 96 2248 6468 248
87 74 14 83 3775 4594 95
72 94 20 26 452 2684 112
28 54 57 50 834 2423 185
75 56 13 53 1126 1778 144
12 98 75 12 1134 4633 150
17 28 90 82 3017 7001 225
29 65 97 56 426 4852 130
32 27 95 34 154 546 175
21 49 95 60 898 2163 63
32 67 43 63 2466 4787 114
54 98 54 63 320 2764 186
14 100 38 46 2624 4476 55
29 20 64 53 1355 2855 102
51 76 33 43 3826 4411 63
86 29 43 67 246 2032 209
71 45 15 16 4205 4659 204
84 57 68 56 871 2922 77
35 41 29 62 1497 5069 204
55 19 25 41 2105 3853 137
60 27 72 100 4500 5201 132
33 23 50 90 959 3766 59
20 51 77 77 12 2206 203
97 82 63 87 526 2901 92
14 42 61 29 356 3922 104
23 77 68 11 1872 4633 209
94 60 80 96 3407 5963 143
20 78 26 36 2228 5261 230
80 91 93 83 1605 2182 219
15 48 33 77 1729 3195 201
24 51 18 51 252 489 205
32 72 36 45 3787 5332 161
16 58 27 47 2642 3869 194
51 12 20 72 3322 7353 106
54 85 43 91 3323 4484 102
22 16 33 64 2524 5473 139
69 60 45 74 4145 5138 210
26 30 87 36 4328 7947 137
46 72 86 75 2497 5675 142
52 40 62 30 3850 7772 166
24 61 64 83 2135 3722 72
97 81 97 65 3147 6969 104
88 90 53 28 2611 3578 232
73 10 43 51 164 3908 133
87 60 61 79 2147 3748 92
22 25 10 53 2515 4367 162
74 33 79 32 3373 5364 168
49 71 27 60 2472 5958 230
61 70 50 11 4184 8198 242
73 42 87 65 474 4852 191
31 95 84 21 1533 5703 55
76 35 17 95 555 1290 87
89 75 16 88 2298 3500 247
89 14 82 33 4425 6271 94
96 17 16 89 3871 5773 106
26 89 65 26 232 2381 166
19 81 67 79 1155 1797 235
13 39 45 48 2964 5740 67
48 61 43 61 1072 3868 187
65 12 34 71 3533 6124 114
63 10 34 42 2884 5644 240
80 95 97 97 2264 2733 200
38 24 87 21 4061 5848 98
87 25 71 12 1564 4972 213
45 45 98 46 4263 6383 52
65 70 49 52 31 2119 197
55 21 31 35 4283 6250 220
84 63 63 89 144 4342 84
29 93 100 85 4388 6946 50
34 77 98 82 451 4222 70
98 35 39 48 4202 5430 85
37 64 33 52 205 4307 194
14 68 26 13 1717 5124 51
59 44 42 23 2044 5140 62
28 57 42 38 3394 7013 232
95 29 41 82 3536 6851 145
59 15 27 70 525 3394 208
75 44 77 55 4267 7813 121
50 38 76 71 975 5321 53
10 16 70 93 1420 4290 98
52 88 96 55 4366 8059 93
13 92 13 97 1558 5311 188
53 64 74 62 109 2884 131
27 99 26 81 3905 6218 77
61 60 29 99 3888 4305 52
43 65 100 49 4374 7110 104
44 88 77 35 3687 6943 195
35 34 69 18 2459 3885 237
12 39 17 15 434 3048 83
100 41 91 41 1151 2950 102
64 78 76 67 3298 7160 83
12 64 94 38 2935 6384 75
79 69 48 75 2173 6010 90
82 39 30 59 1958 3359 155
19 99 51 48 3518 4485 63
62 19 10 44 2912 5651 145
57 37 48 48 4068 6671 54
67 20 26 19 3924 4924 162
48 65 46 20 142 3067 182
67 16 85 70 3180 4610 149
87 71 11 33 3396 5469 212
97 60 47 87 1507 3290 106
16 95 23 17 3087 3636 219
69 99 17 28 3629 5425 203
27 37 99 94 1008 2534 202
17 77 45 27 1288 2429 72
42 16 84 98 3506 5403 143
72 31 34 26 3806 4569 198
21 16 16 92 2067 6053 151
88 54 79 41 2017 6129 59
92 99 24 93 1513 5823 166
86 42 85 63 3636 7532 128
52 18 12 29 1916 4939 150
38 80 15 73 4208 5618 101
46 100 85 36 3995 8415 142
21 49 20 93 2812 6808 239
81 53 61 46 3983 7064 118
65 83 28 43 3674 5350 248
67 20 23 14 2597 3017 54
26 35 88 79 1191 5636 89
96 60 84 39 3400 5392 84
21 32 52 34 1829 4188 113
75 53 58 81 3408 7673 192
44 80 38 33 1689 6032 99
51 21 80 70 227 1294 109
15 29 77 94 4281 5032 117
39 68 18 71 4199 8497 148
33 59 21 91 478 4025 69
71 61 31 66 1258 2888 155
81 76 37 94 3566 4624 104
62 19 96 25 3100 4823 250
77 35 87 57 855 4594 191
82 66 80 73 2117 3464 140
12 26 60 51 489 2367 114
96 26 13 69 3373 4446 122
13 20 58 64 2545 3366 127
24 31 15 22 3705 4179 160
68 97 33 29 3156 5591 169
90 42 57 84 1560 5733 125
50 81 79 13 3546 5374 56
35 37 32 18 469 1146 142
68 90 23 46 195 3834 109
50 96 44 55 2572 5373 58
31 27 35 80 1541 3934 69
79 51 83 53 1973 2283 217
35 50 88 81 663 3532 195
94 25 27 59 1799 2649 72
22 48 12 23 3250 6160 107
64 39 26 87 647 2554 216
94 75 63 48 4483 4857 57
22 29 70 86 1467 2192 114
12 83 29 15 4110 6352 241
85 61 80 14 1937 5040 146
25 67 12 88 2822 4736 127
33 67 23 59 2181 4692 95
76 63 61 12 4445 8898 223
89 48 61 56 203 4543 167
86 14 19 47 3475 6018 215
40 32 49 60 2148 5886 113
17 51 44 81 1374 5117 107
36 76 69 36 1125 4891 87
98 95 85 25 186 2294 223
31 23 82 29 756 1994 181
79 43 92 22 1158 4747 94
99 22 44 11 1718 5071 157
86 40 31 32 2549 4202 204
11 37 34 32 2717 4395 104
43 63 45 69 3373 5110 53
45 60 31 85 2792 6255 210
53 51 24 13 3657 7254 216
29 33 50 57 2754 5393 119
66 53 61 10 3560 6606 162
65 90 32 56 922 2255 122
92 91 23 39 3644 6150 135
43 67 83 32 4245 6632 89
69 86 59 81 1845 5439 155
54 72 46 47 2594 6039 109
78 17 34 16 3848 4142 246
44 36 63 76 3994 5039 160
93 41 16 19 38 2492 129
83 26 26 45 493 3283 198
69 56 64 16 2727 5898 58
98 26 42 86 4415 6638 107
94 38 79 10 4089 4732 94
42 31 85 76 390 4104 157
41 97 37 57 1351 2588 192
81 27 74 52 2831 5998 186
58 71 40 28 1165 2226 231
21 31 19 84 2536 5889 207
43 91 91 89 1801 5163 180
87 30 91 48 556 3979 79
45 87 47 74 2123 2748 168
64 100 54 10 2432 4116 133
80 56 94 98 3943 5012 241
99 57 73 61 938 1559 118
58 62 59 59 3243 5979 165
36 14 45 11 3934 6570 132
92 42 74 31 338 3473 219
27 58 21 75 57 2892 123
16 94 98 29 1429 4152 201
36 34 73 42 250 2344 236
95 47 46 91 151 1303 181
26 74 82 86 3765 7480 225
19 25 56 21 3515 4821 235
42 42 63 96 3911 7114 67
28 78 49 31 4321 5145 170
17 35 40 15 1088 5089 154
80 40 26 24 2051 6223 226
42 38 35 76 2619 6133 207
98 23 31 80 3619 4638 138
82 57 43 32 3260 6337 232
76 19 19 44 4254 4472 189
37 36 36 14 4429 6201 58
56 88 17 98 1702 3184 143
54 98 86 51 3630 7175 243
100 80 59 90 1226 3240 77
57 46 29 57 3472 7032 250
81 21 14 30 890 2790 202
83 63 46 16 1840 5038 195
22 79 23 27 4150 8517 206
49 13 90 40 2386 3564 161
100 64 88 38 711 2852 208
43 54 63 83 79 1553 50
65 12 76 15 2217 6315 159
70 52 27 17 1763 3314 166
87 50 41 31 1157 5290 190
68 76 69 64 1363 3616 210
96 49 73 58 2458 4165 58
29 22 63 49 2982 7452 148
32 19 32 80 4162 7087 160
97 87 43 25 3663 6342 128
50 100 70 34 2681 3348 179
87 97 89 20 3002 5013 92
21 89 61 28 2204 4378 156
64 20 44 90 956 1521 227
61 94 93 47 4108 5830 119
79 56 76 56 758 1994 201
90 61 21 15 3294 7703 247
34 24 71 93 3309 6149 158
62 55 92 12 674 3828 113
11 89 50 59 4075 4722 204
32 44 48 14 1101 2069 117
23 26 63 64 4364 8171 123
42 78 36 61 316 3786 141
30 29 58 82 657 4367 126
95 34 65 22 3892 4413 189
98 54 75 51 1145 5044 92
91 28 21 95 310 1899 138
59 24 42 39 4044 5935 103
44 72 90 87 1362 4014 88
28 49 78 53 3548 6674 126
52 90 54 81 1498 3145 68
50 91 82 46 451 2819 191
29 19 86 92 3635 6701 230
35 83 99 86 3168 4704 65
68 86 51 47 193 4158 231
64 83 48 81 4135 4448 111
72 68 85 64 3058 4529 144
49 82 17 53 3141 7510 223
94 44 23 80 1735 5269 190
92 32 44 21 2126 2771 80
16 17 99 80 2330 3480 201
30 69 88 52 1995 3051 145
43 37 70 40 4329 8069 127
73 94 12 15 3246 6178 137
62 78 45 18 95 3750 239
68 10 76 89 2303 6776 72
86 39 49 99 1143 3052 239
59 32 19 33 3031 5692 164
40 14 19 29 978 3677 238
98 13 53 38 2176 5863 172
94 76 76 27 1490 2163 106
70 42 100 85 3508 4480 103
29 21 70 83 1778 6088 125
69 80 72 40 4362 5949 118
66 33 74 55 4249 5095 236
97 70 26 46 4096 7791 123
11 86 35 85 1526 2201 127
92 67 28 72 3705 6009 65
29 86 33 10 3612 6335 100
93 94 84 10 3828 6289 72
72 41 64 34 4005 5042 148
27 35 85 54 4340 8117 207
44 61 37 74 524 906 115
67 26 84 54 2812 3945 93
41 36 73 53 4404 8087 215
40 30 54 92 4063 8530 103
50 45 25 26 1982 3989 198
51 100 20 39 430 2782 192
72 78 16 80 2652 6078 160
63 28 53 50 1110 5172 105
54 57 85 79 976 2424 144
93 40 47 52 3516 7171 142
63 12 90 54 4091 6951 250
58 55 86 15 34 734 100
69 57 40 54 2913 5061 218
89 70 10 62 762 3272 98
33 64 82 26 186 2208 51
65 63 69 42 177 1833 179
85 70 54 18 4363 5185 198
13 70 28 35 2121 3192 138
35 46 93 57 1018 2018 101
18 23 73 25 4452 6799 202
95 45 98 25 737 1664 72
26 58 30 95 301 610 234
17 55 84 58 917 5406 140
15 87 58 52 3064 3651 170
43 48 37 83 3347 6694 221
62 65 34 18 4010 8119 138
31 69 25 39 19 3638 234
87 48 73 39 2966 6614 136
10 85 40 78 364 4627 197
83 70 33 36 2113 5054 73
89 51 55 36 4272 6624 162
53 95 59 87 2527 4100 239
58 24 46 83 2823 4617 66
10 69 49 61 3650 5306 235
40 87 91 35 2023 5046 101
22 60 49 28 884 4684 132
14 27 53 16 2465 6554 147
12 29 98 94 2911 5287 77
16 25 50 88 802 2163 98
91 92 64 68 2942 5195 85
51 10 97 65 1902 4898 141
14 68 80 13 1959 5984 241
42 27 13 34 408 753 219
19 98 60 34 1952 4379 219
52 81 10 84 4266 6504 231
19 31 65 16 3528 6831 184
74 23 19 48 1577 3858 228
34 97 50 67 2984 5495 248
67 45 15 11 2339 5590 78
10 91 49 71 870 3807 205
78 30 23 79 3864 6483 81
82 79 81 24 64 1244 70
65 30 88 12 372 2941 221
18 60 83 11 3856 5151 236
45 88 33 97 3660 7844 190
80 76 56 73 3789 7408 91
81 20 54 63 1208 5669 133
97 65 77 90 3869 7133 94
98 48 70 15 2585 4978 145
20 54 28 20 622 4644 56
69 48 62 51 4348 6861 236
29 59 27 37 2458 4571 199
19 43 30 87 2286 4983 142
100 22 52 25 4345 6986 175
100 46 93 82 2498 4396 225
97 74 64 97 3362 5745 239
93 22 30 77 2446 6538 138
61 100 57 66 2597 5265 81
87 49 48 35 2411 5720 158
68 59 40 82 3815 8183 101
71 95 31 93 321 4521 123
70 89 98 58 529 3046 86
92 28 47 100 3638 6122 69
71 91 13 18 2481 5448 60
37 55 29 22 1258 5016 239
43 32 56 61 150 4438 67
19 13 99 46 1943 3193 153
32 58 64 51 3878 5052 161
86 39 87 29 1955 3399 236
48 38 16 56 3528 5932 81
61 67 67 67 1674 4299 160
21 15 18 35 778 1948 240
93 60 44 55 2790 4129 136
82 88 15 90 1233 2832 103
88 74 21 89 1393 4855 238
57 37 34 83 2629 7110 231
84 33 53 47 3628 5857 213
72 52 21 66 919 2850 53
