400
17 15 13 15 5914 6058 56
22 19 16 19 4633 4802 65
29 28 24 26 2650 2851 83
20 17 15 15 5437 5571 67
10 14 13 15 7381 7492 54
26 29 26 20 2037 2196 85
17 12 17 14 6113 6261 57
14 14 15 14 7288 7427 57
23 24 23 18 4130 4287 75
13 13 10 12 7317 7462 56
24 32 32 24 851 1020 91
14 13 13 11 7326 7440 57
29 32 34 27 717 895 91
20 21 17 19 4165 4308 66
13 11 13 14 7199 7317 50
15 15 13 15 7335 7459 56
13 13 13 18 6127 6279 58
20 18 22 21 5019 5177 66
14 12 16 18 6147 6258 57
18 23 17 17 4303 4434 65
11 15 11 15 7110 7235 50
16 18 20 20 4755 4904 68
31 25 24 23 1162 1323 89
10 10 10 11 7194 7297 49
14 17 21 19 5161 5317 63
17 16 16 12 5837 5980 62
22 19 19 18 4981 5125 67
21 26 22 28 2627 2821 83
18 19 21 20 4693 4848 64
15 12 15 16 5816 5972 61
15 15 16 14 5850 5981 64
17 14 12 15 6045 6168 59
18 21 19 21 3885 4016 66
23 26 21 25 2492 2651 83
24 23 28 29 2073 2238 85
31 32 25 33 1376 1546 89
21 22 22 25 3481 3630 77
11 10 12 14 7139 7264 57
24 25 22 23 3050 3242 81
11 11 10 14 7320 7437 56
22 23 20 18 3287 3437 77
14 15 13 14 6145 6252 57
32 33 25 25 403 609 93
31 26 27 34 482 658 93
11 10 13 13 7137 7236 59
18 23 22 19 3226 3381 78
16 21 18 19 4683 4839 63
26 21 23 19 3336 3476 69
13 14 10 13 7325 7433 57
26 29 26 23 1219 1399 89
32 23 23 33 1090 1272 89
21 16 17 18 4358 4504 68
18 19 20 22 3507 3670 74
14 11 15 12 7213 7344 59
18 17 17 14 6140 6304 59
19 20 15 15 5757 5884 63
13 16 12 15 5954 6104 64
10 13 13 12 7096 7217 49
10 14 12 15 7103 7207 58
14 10 14 13 7147 7269 57
23 19 21 23 2949 3124 79
13 12 15 15 7206 7314 50
12 12 10 13 7330 7447 51
17 23 19 17 4536 4674 68
11 12 12 11 7074 7183 51
28 22 20 25 2054 2213 85
22 23 22 22 4623 4786 69
18 21 18 24 3251 3396 70
19 21 21 19 4519 4680 72
19 16 16 15 4653 4775 68
16 12 14 18 5834 5988 61
19 20 20 17 4762 4909 63
19 19 20 20 3660 3833 75
31 26 31 24 1628 1835 87
13 12 14 12 7269 7403 50
25 19 18 26 3071 3239 78
12 13 14 10 6996 7140 58
15 16 14 15 6024 6135 60
28 24 25 30 797 959 91
12 12 13 17 6163 6313 57
16 14 16 15 6002 6152 56
15 13 11 12 7377 7480 57
26 23 23 22 3256 3428 79
14 11 10 13 7145 7274 57
28 25 27 20 2281 2470 83
25 23 25 28 2747 2921 81
26 22 26 19 3733 3901 77
20 23 18 26 3356 3499 73
12 13 11 10 7117 7246 51
15 18 18 22 4711 4848 69
13 11 13 13 7194 7301 52
27 20 20 28 2142 2308 85
12 14 15 10 7162 7307 50
26 26 27 24 2482 2663 83
29 31 25 30 1634 1798 87
15 12 11 12 7302 7401 52
21 18 18 21 3539 3714 72
20 24 30 27 2075 2230 85
27 26 31 24 0 206 95
12 14 17 16 6154 6298 62
19 21 19 17 4661 4815 70
19 21 19 24 3518 3676 74
31 28 23 31 803 971 91
29 27 25 20 2639 2808 83
11 14 15 13 7092 7235 55
25 26 34 26 0 160 95
27 27 30 29 1387 1560 89
21 27 29 21 2503 2692 83
12 13 10 11 7236 7369 57
27 26 30 22 1084 1239 89
10 14 15 14 7016 7133 54
15 15 15 22 4735 4894 71
16 19 18 22 4689 4837 70
23 27 26 25 2529 2719 83
22 25 26 25 3435 3582 79
14 12 12 14 7212 7344 53
11 14 15 15 7169 7274 57
10 13 10 14 7143 7247 53
16 15 13 17 5937 6072 55
20 22 21 22 4860 5017 69
16 15 17 16 6013 6158 58
18 24 19 23 3660 3813 72
17 12 18 16 5963 6076 56
13 11 15 10 6998 7100 52
16 20 17 17 4615 4742 73
17 22 19 20 4887 5052 70
23 20 21 21 4269 4441 63
25 24 20 26 2036 2191 85
13 14 13 14 7279 7390 50
16 13 12 16 5844 5951 62
29 31 31 29 1036 1213 91
20 26 25 24 2541 2705 83
29 28 21 22 2306 2467 83
28 31 23 24 854 1016 91
14 20 18 18 5458 5606 62
12 14 12 10 7148 7291 50
22 17 21 18 4330 4458 65
14 17 13 15 6009 6136 55
13 15 13 11 7348 7491 53
15 15 14 13 5816 5922 65
18 15 13 14 5963 6084 65
29 29 25 25 742 928 91
31 28 25 23 747 948 91
13 15 10 10 7092 7205 50
22 19 20 18 4908 5041 63
16 12 16 18 5879 6004 60
21 29 30 23 1872 2056 85
20 19 15 17 4751 4872 63
21 24 21 26 2722 2879 81
16 15 12 16 6162 6300 62
28 27 23 30 2077 2245 85
15 17 20 20 4632 4762 69
12 10 15 12 7279 7391 54
12 14 16 13 6799 6930 58
21 19 19 21 4596 4764 67
26 25 21 23 2426 2597 83
26 28 19 22 2811 2982 81
27 28 34 33 692 888 91
12 12 16 13 6182 6323 57
17 19 18 19 4812 4977 67
13 16 16 18 6050 6178 60
20 28 24 24 2964 3152 81
10 15 14 10 7384 7489 57
18 18 23 20 4482 4643 68
12 17 14 16 6101 6241 57
30 34 32 27 389 565 93
13 14 11 13 7073 7191 55
18 15 17 14 5863 5999 60
13 12 11 11 7322 7445 51
25 24 26 34 845 1047 91
15 15 11 12 7004 7151 50
13 10 14 12 7076 7213 51
12 12 12 11 7229 7333 57
31 29 24 23 734 926 91
13 18 12 12 5961 6107 61
23 26 23 26 839 1021 91
17 24 22 24 3704 3842 77
16 21 20 22 3930 4068 74
24 22 24 29 2018 2185 85
16 16 17 22 4688 4840 63
21 19 19 17 4885 5028 69
30 30 25 25 2215 2399 85
25 30 22 21 2061 2220 85
20 17 18 20 4255 4412 70
32 30 22 27 1816 2018 87
13 10 13 13 7125 7265 52
18 17 19 16 4977 5118 67
27 26 26 23 1942 2139 85
25 33 22 30 1181 1380 89
13 12 16 15 6027 6174 59
17 16 13 15 6035 6170 56
25 27 23 26 2616 2808 83
18 20 20 19 3724 3876 70
14 18 13 18 5820 5950 64
15 12 12 12 7386 7528 49
10 14 14 14 7173 7286 55
24 29 28 29 1470 1636 89
27 25 22 24 2177 2333 85
14 14 10 11 7026 7170 54
17 18 19 20 5630 5771 59
10 12 11 12 7235 7335 57
17 22 24 25 3661 3809 73
17 19 17 14 5463 5591 67
32 32 30 27 690 890 91
20 21 25 26 2618 2773 83
29 28 29 24 0 206 95
26 26 24 26 1167 1354 89
19 17 17 15 5022 5147 67
14 14 12 14 6994 7102 50
15 10 10 15 7026 7156 56
18 23 26 24 3593 3753 77
11 12 14 11 7117 7233 50
22 22 21 22 4991 5142 62
27 33 33 30 718 921 91
30 27 31 29 0 190 95
19 20 22 16 4962 5137 66
15 14 12 10 7120 7257 56
15 18 16 12 5832 5957 62
16 14 16 13 6031 6176 64
15 16 14 17 5718 5864 57
14 11 10 10 7105 7209 53
18 13 16 17 6143 6256 56
19 27 22 18 3142 3287 71
22 29 24 23 2115 2301 85
17 17 21 17 4432 4570 70
16 17 20 19 4415 4537 68
26 23 23 25 2451 2614 83
25 24 19 25 3570 3735 77
26 17 21 18 3788 3958 73
10 10 14 10 7357 7470 51
12 12 12 13 7264 7368 53
20 24 22 24 3842 4017 75
15 16 14 15 6121 6265 62
21 29 28 21 2392 2551 83
24 19 20 20 3040 3194 81
17 19 18 17 4464 4626 71
13 12 11 15 7330 7457 51
17 19 22 19 4936 5067 65
19 17 20 25 3479 3641 68
17 18 17 18 5835 5996 65
19 20 16 18 4898 5020 69
26 25 33 33 734 918 91
21 23 21 27 2414 2557 83
16 16 20 15 5719 5874 66
24 19 21 25 3395 3535 77
15 21 20 20 4801 4951 68
17 14 14 15 6049 6182 55
18 16 17 14 6049 6205 60
16 12 16 13 5831 5962 59
23 24 30 30 2053 2257 85
17 16 12 18 5895 6022 59
28 23 30 32 1222 1428 89
14 12 10 10 7293 7401 50
14 11 12 13 7269 7368 50
26 20 23 25 3534 3717 77
13 18 12 15 6144 6264 55
12 15 15 17 5833 5943 61
16 16 13 12 5943 6064 59
19 24 20 18 3638 3789 68
14 13 11 11 7165 7270 51
21 17 17 22 4445 4576 66
32 32 28 27 917 1131 91
14 13 14 13 7088 7238 59
10 15 10 10 7183 7321 54
17 14 16 17 6076 6232 62
20 28 25 23 2096 2271 85
27 26 23 30 2142 2320 85
13 13 14 11 7165 7283 59
10 10 11 15 7089 7190 58
10 14 12 14 7275 7408 55
10 12 10 11 7078 7180 49
18 16 19 16 4947 5084 62
15 15 15 14 7081 7233 52
16 14 18 14 5884 6039 56
26 25 27 29 1094 1255 89
15 12 16 17 5887 6019 59
13 13 10 15 7144 7254 50
23 29 25 29 2167 2333 85
15 15 18 14 5841 5961 65
27 32 26 29 786 977 91
22 18 20 22 4705 4871 71
15 17 19 19 4918 5049 70
11 14 10 13 7308 7433 49
15 13 17 14 5871 6014 64
18 13 12 17 5909 6035 55
12 14 12 17 5921 6025 57
15 16 14 14 5832 5959 55
15 12 14 14 7092 7214 55
14 12 14 16 6076 6187 59
16 17 15 13 5613 5758 67
18 13 17 14 5929 6050 64
12 13 15 14 7000 7140 51
21 17 16 15 4918 5057 70
19 25 18 18 3333 3464 71
31 31 29 32 1339 1531 89
13 13 15 11 7269 7393 53
22 20 24 18 4113 4284 67
17 16 18 13 6000 6131 64
26 20 19 23 3579 3728 77
28 32 27 29 1063 1272 91
16 18 12 15 6158 6275 57
16 18 19 18 4578 4698 66
17 13 16 18 5830 5951 64
30 23 28 31 871 1072 91
12 14 10 14 7224 7331 57
24 29 34 31 1058 1263 91
16 22 21 17 4680 4815 66
15 11 14 14 7301 7423 52
26 32 25 33 1210 1415 89
18 24 26 22 3431 3604 79
16 22 15 20 4903 5041 70
10 12 13 15 7059 7169 54
17 15 16 15 5935 6080 56
30 33 25 27 1243 1415 89
17 17 17 14 5860 6001 61
30 30 21 20 2216 2381 85
21 17 22 21 4691 4857 63
15 14 14 14 7170 7316 49
19 16 23 19 4028 4195 67
18 17 17 15 6084 6230 58
13 10 11 14 7204 7346 50
10 10 10 15 7365 7501 51
24 35 30 27 0 178 95
15 16 12 15 5961 6092 56
10 12 11 15 7252 7354 51
15 13 11 11 7082 7224 54
13 12 10 14 7123 7262 50
12 17 14 18 6009 6128 58
18 19 17 20 5009 5149 61
13 14 12 11 7068 7190 54
10 15 12 14 7175 7309 56
20 18 27 22 3399 3557 78
15 15 14 12 7380 7519 57
32 32 33 34 748 930 91
21 28 25 30 1864 2045 87
20 19 26 22 3743 3885 71
28 32 32 24 0 179 95
11 10 13 12 7178 7312 57
19 23 20 21 2809 2969 81
11 10 11 14 7381 7487 50
11 13 10 11 7078 7190 55
13 11 13 15 7351 7456 53
14 16 12 13 5963 6112 65
13 11 14 10 7130 7257 53
13 12 16 14 5996 6100 61
32 24 22 33 1274 1481 89
17 12 14 14 6092 6205 64
14 15 15 13 5722 5866 61
10 15 15 15 7305 7424 52
27 22 22 23 1909 2069 85
11 10 11 10 7331 7457 53
17 26 25 26 3502 3693 77
14 15 14 17 5869 6027 59
18 12 17 15 6020 6176 58
22 24 20 27 3247 3438 79
16 13 18 16 5602 5735 59
15 14 17 12 5934 6090 64
29 24 21 21 2236 2404 85
15 15 16 14 6379 6501 54
14 13 10 13 7130 7264 59
24 24 25 20 2125 2297 85
11 12 11 11 7300 7427 56
17 13 17 14 5435 5548 59
23 21 29 26 2497 2676 83
15 16 12 17 5988 6101 59
21 18 17 15 4839 4977 66
22 31 26 31 1187 1363 89
24 28 20 20 1934 2117 85
26 20 19 22 3301 3446 74
14 13 11 11 7144 7291 54
10 12 11 14 7236 7341 49
11 11 12 11 7017 7148 52
17 12 16 17 5968 6108 58
15 12 17 15 6250 6358 62
11 14 10 10 7335 7474 50
25 21 17 19 3727 3883 67
14 15 18 14 5962 6114 61
23 17 23 26 3762 3926 76
27 27 20 26 3368 3540 79
24 22 24 22 3245 3416 79
12 12 15 14 7358 7460 54
15 13 10 15 7276 7412 54
28 34 35 35 448 637 93
17 13 15 16 6030 6170 58
15 13 14 14 6134 6249 64
17 17 15 14 5875 6000 58
12 12 18 16 6005 6113 63
14 14 15 10 7274 7377 59
15 21 21 20 4735 4908 70
27 25 29 32 1290 1460 89
18 17 18 19 5000 5132 71
18 23 19 19 4378 4538 70
17 15 14 13 5843 5952 62
21 17 18 26 3649 3811 76
13 13 12 13 7255 7379 57
15 14 16 13 5851 6007 57
14 14 14 12 7137 7244 58
18 18 19 22 4915 5054 65
15 11 10 13 7303 7417 49
15 14 13 11 7242 7365 52
