400
133 192 39 189 241 704 6
37 8 122 125 206 250 5
130 166 177 168 266 797 7
198 185 7 49 305 701 6
139 45 15 194 381 742 2
11 46 55 19 212 576 10
70 150 42 83 5 8 6
140 196 105 17 382 1046 9
155 165 10 104 269 598 9
41 176 29 73 124 227 7
102 100 71 30 386 869 1
103 34 132 173 47 98 1
58 93 34 21 105 120 8
119 146 13 138 200 597 4
84 92 161 173 206 547 7
103 125 182 123 105 174 1
87 129 17 126 70 157 3
148 184 41 79 326 593 4
125 180 71 15 315 368 3
179 198 166 101 218 437 3
144 118 37 58 231 440 1
23 152 59 1 276 387 6
8 12 65 114 303 906 5
114 122 75 107 179 371 3
154 93 56 148 94 119 10
86 168 178 61 146 416 5
80 61 73 51 94 119 4
9 4 191 179 119 171 3
70 171 189 117 183 368 7
189 25 119 61 136 384 3
199 23 85 159 111 320 4
92 191 112 121 140 345 4
144 194 139 119 145 270 7
31 124 101 49 230 297 1
43 84 27 169 64 123 5
25 74 71 162 193 271 6
144 21 113 24 24 61 4
108 139 126 11 46 58 9
18 130 129 156 332 764 3
41 45 152 82 148 433 7
24 186 147 82 322 432 6
80 78 98 137 72 80 3
84 143 48 21 384 893 1
76 6 60 8 121 363 6
192 135 30 192 183 449 2
45 198 107 193 32 94 2
133 94 64 149 57 77 3
12 7 109 97 95 219 1
135 34 77 184 260 564 5
132 39 95 155 122 360 6
95 114 189 23 300 869 8
198 155 52 178 21 54 10
149 57 27 150 263 377 6
40 60 14 127 265 660 10
11 4 87 72 285 463 6
37 31 180 63 131 209 2
23 192 136 75 399 963 2
119 46 2 13 236 239 7
34 152 143 19 119 165 4
76 49 89 132 189 391 10
31 10 24 84 200 326 2
48 61 65 22 292 671 1
86 69 87 21 109 144 10
128 88 191 71 104 297 5
63 80 167 132 336 925 10
135 163 149 80 119 344 10
57 95 127 69 282 521 6
56 183 74 125 43 115 10
105 107 117 181 187 452 4
45 170 4 133 239 376 1
144 2 74 188 345 590 5
25 181 41 10 101 214 3
54 98 120 192 190 497 1
157 115 116 16 227 440 1
48 136 190 130 245 592 1
125 4 75 36 372 509 7
130 79 81 115 35 87 6
184 108 171 48 54 60 7
142 17 187 36 141 338 2
99 148 178 154 318 384 4
47 190 9 133 338 345 1
183 188 145 14 110 135 6
123 98 150 92 353 404 1
149 130 136 129 182 425 7
65 72 78 124 5 6 10
85 145 94 18 214 601 8
174 112 199 60 348 985 9
14 107 131 37 163 183 6
143 133 91 106 182 315 5
17 75 178 40 273 371 1
136 121 132 14 126 259 1
2 200 106 130 50 73 7
20 124 115 43 161 252 1
78 19 28 97 264 734 5
110 134 53 90 43 95 5
29 192 133 41 269 288 3
84 116 145 82 344 744 4
135 14 156 155 337 983 7
47 73 14 163 300 485 2
73 40 1 80 30 54 1
162 180 45 72 214 278 8
183 56 168 155 18 24 10
66 55 129 11 143 239 8
123 58 108 19 309 921 4
68 161 54 139 243 633 10
111 44 159 54 218 334 1
199 135 168 161 196 522 8
177 9 180 87 47 58 2
24 109 132 162 298 637 7
24 9 39 47 338 411 3
10 28 45 129 148 279 9
128 53 57 110 245 654 1
7 79 53 58 86 172 7
119 143 77 198 51 89 3
43 61 31 136 333 643 5
74 140 2 34 160 245 4
152 56 105 19 107 212 2
43 14 162 2 348 704 6
79 192 146 44 332 685 2
194 125 177 46 25 75 9
2 143 58 187 188 416 9
94 43 120 67 82 128 3
191 11 79 124 43 52 1
163 124 100 173 261 271 6
120 3 161 76 259 609 5
53 174 45 34 225 524 2
47 107 153 91 336 428 9
165 6 2 77 242 317 4
184 183 59 108 204 442 5
163 109 90 109 168 336 1
58 124 197 198 388 1033 9
105 24 176 134 155 197 6
8 5 52 200 286 697 9
16 62 56 134 339 893 2
54 197 193 142 102 233 7
38 2 165 59 219 377 5
84 55 139 70 340 593 2
53 132 13 21 30 55 7
74 31 2 116 396 487 3
172 78 181 199 237 563 3
59 86 65 83 377 893 5
72 155 141 97 374 840 3
92 157 137 76 321 426 5
12 141 101 57 324 431 1
149 118 16 98 392 616 10
26 115 162 121 40 67 9
79 93 101 30 41 97 6
67 41 192 47 6 14 1
65 4 118 152 89 96 1
143 29 111 29 238 680 8
70 17 119 108 204 462 1
102 177 191 159 94 264 10
114 154 194 106 105 121 9
191 109 197 150 184 524 3
1 194 67 189 384 884 7
8 117 34 53 305 626 3
70 147 115 101 281 777 1
95 165 59 95 359 388 5
66 111 135 161 5 6 10
7 97 45 134 263 483 6
89 103 52 126 185 509 7
148 149 118 71 13 15 9
104 100 159 191 106 234 8
10 98 46 101 351 843 8
7 50 115 124 335 724 2
93 43 141 76 161 341 9
128 56 142 93 160 189 1
113 196 32 167 150 405 3
138 158 63 79 276 817 7
145 55 143 19 106 124 1
14 7 168 196 195 366 4
154 120 34 19 99 141 3
183 68 16 39 169 454 3
26 78 98 200 80 158 5
83 75 23 42 354 801 7
143 41 149 167 212 230 5
3 134 6 108 189 225 6
37 79 103 116 277 823 1
184 42 165 56 164 465 4
196 52 133 111 157 333 3
68 93 174 48 323 343 6
137 24 153 51 278 708 5
70 198 69 86 282 720 5
52 178 123 167 93 122 7
20 20 138 158 251 557 9
99 79 47 125 158 326 9
189 185 15 30 74 165 10
158 49 10 110 142 371 1
166 159 122 192 251 745 1
116 51 172 56 364 560 1
124 61 158 52 273 684 1
56 144 51 194 122 336 4
43 190 188 156 256 449 2
33 100 14 165 255 334 9
84 116 73 15 183 524 3
179 142 39 82 195 383 3
144 200 32 9 132 248 2
61 176 14 16 361 926 1
25 144 11 45 151 241 9
190 77 116 181 163 414 7
111 65 106 134 306 895 10
139 93 137 98 157 426 7
44 44 70 149 327 479 10
92 127 125 90 370 1054 3
125 196 98 31 339 578 4
88 43 52 76 26 44 9
155 5 99 161 357 512 10
171 21 86 25 121 300 6
98 167 88 118 142 219 3
193 57 106 104 256 560 8
174 109 95 156 194 226 4
106 139 159 83 133 386 6
27 33 122 109 372 910 4
162 1 34 115 254 617 9
67 120 193 2 100 130 8
139 190 30 87 308 679 9
36 176 23 97 212 286 1
65 12 96 165 100 296 5
125 67 186 124 106 187 8
163 51 128 162 67 95 10
184 159 56 88 43 121 7
72 174 111 196 119 313 10
101 75 104 131 202 360 9
185 1 69 13 158 413 4
16 126 93 3 351 962 5
138 42 185 20 60 68 10
36 98 52 50 16 39 8
121 200 173 22 221 555 9
104 84 54 194 353 802 2
47 56 196 162 59 121 3
98 19 190 129 338 955 6
27 158 125 103 264 286 4
198 37 166 80 218 480 9
47 29 79 90 34 92 7
107 156 60 153 286 330 6
72 75 108 27 215 288 6
71 124 76 97 111 123 2
42 102 15 192 185 422 7
93 70 134 118 59 149 5
162 27 45 11 388 482 2
27 186 78 188 353 780 1
128 148 96 157 295 785 3
189 94 112 13 304 876 7
112 132 87 27 301 681 8
19 130 160 87 103 218 2
38 85 17 22 286 427 8
153 193 61 62 162 213 2
103 75 31 102 188 337 6
25 153 87 127 298 689 7
80 57 13 36 47 91 7
6 59 6 24 21 48 6
37 37 144 117 176 326 6
102 24 90 127 360 857 9
60 181 105 53 209 254 5
80 31 169 10 248 436 5
28 16 22 75 118 304 6
88 69 86 41 197 425 3
61 106 140 115 320 843 2
115 122 181 146 86 138 4
93 200 90 118 138 175 2
131 165 57 160 200 220 7
119 130 96 175 185 452 9
13 113 136 100 226 373 10
66 134 138 138 340 1015 7
100 167 169 155 66 174 2
71 127 154 68 41 44 1
28 82 67 67 357 966 3
118 198 28 49 317 943 8
90 162 8 123 190 323 9
136 76 32 99 180 340 1
193 171 132 177 243 708 1
153 169 160 3 199 320 6
95 62 22 134 377 520 4
34 162 136 23 112 172 5
11 54 31 102 209 276 8
88 51 74 109 56 110 3
96 142 144 58 241 711 9
136 199 119 58 176 500 2
36 180 68 46 392 1024 2
180 189 185 193 316 484 7
148 14 174 31 103 280 3
106 154 13 133 30 53 7
153 83 97 184 60 67 2
158 150 173 115 92 250 10
156 176 91 110 48 139 4
74 18 150 94 40 56 9
140 109 133 49 32 80 5
11 74 23 120 145 284 5
66 139 194 118 180 456 8
138 131 154 184 341 384 2
129 9 10 93 14 14 6
168 197 113 114 364 425 5
146 162 199 134 17 22 1
164 56 155 38 290 487 9
29 161 129 137 1 3 6
139 60 80 39 399 539 7
178 177 131 59 394 575 1
145 84 33 112 314 892 10
187 116 119 177 98 204 10
135 29 165 121 115 170 1
70 102 125 80 180 417 8
21 148 65 56 231 430 6
32 55 80 164 308 584 3
55 89 101 140 308 785 4
138 40 104 65 181 446 1
74 53 57 112 67 77 6
64 76 180 26 74 124 9
52 63 193 135 261 303 8
193 174 19 192 334 524 2
131 84 103 162 268 757 8
36 181 111 117 218 306 7
198 5 106 169 43 45 7
96 151 82 188 28 79 1
92 50 48 190 164 479 1
50 43 69 70 314 808 9
109 190 94 41 374 738 5
159 46 121 35 264 343 8
12 152 85 125 151 313 5
93 184 172 19 14 37 3
106 85 149 183 394 1053 10
180 12 141 11 128 278 2
21 44 51 3 242 293 10
66 24 66 141 305 614 9
29 53 96 10 83 125 10
6 134 139 71 38 88 3
180 138 5 47 249 317 10
7 19 100 161 338 429 10
196 11 177 190 203 419 9
200 91 77 36 184 541 8
153 133 92 146 240 439 10
63 178 185 23 244 280 7
123 116 166 141 59 73 2
66 145 14 94 48 98 10
185 159 126 173 57 63 9
120 137 183 126 127 143 5
41 56 82 81 66 190 8
9 66 150 143 112 128 2
180 146 87 57 257 310 2
113 42 132 199 324 473 10
53 28 112 176 315 342 4
170 124 52 199 173 281 6
106 198 35 97 61 139 9
140 29 17 172 245 570 9
187 4 54 171 90 148 6
148 130 39 196 206 208 3
30 114 44 29 258 706 8
54 102 176 70 359 409 8
81 141 167 34 18 41 10
23 9 169 19 1 1 4
62 129 183 119 207 411 2
149 193 3 80 290 566 1
7 8 88 81 204 230 5
72 149 152 101 245 485 8
186 93 121 189 269 721 1
140 86 69 86 8 13 1
181 29 159 180 107 248 6
193 85 88 125 205 566 7
82 77 165 25 162 168 9
108 175 58 128 21 47 8
142 164 133 186 174 205 2
200 129 193 169 210 251 3
61 115 101 121 37 66 9
63 50 12 16 272 572 1
175 66 49 68 108 313 3
17 29 45 74 352 780 5
98 170 75 132 287 712 2
167 152 116 199 302 877 4
169 55 116 187 13 39 6
171 11 20 79 371 947 2
13 17 127 188 22 53 8
106 38 176 16 165 308 9
134 38 195 150 188 526 1
37 60 153 149 389 401 5
161 67 19 43 355 607 9
11 146 17 52 3 7 8
29 200 111 106 342 1018 7
123 113 76 22 79 210 7
122 105 124 57 75 120 10
168 10 113 34 64 66 3
99 166 88 91 295 624 9
133 51 74 86 137 408 5
59 110 47 197 261 734 8
116 2 158 13 282 657 6
52 70 154 110 65 184 9
42 141 186 12 134 161 5
127 40 145 68 203 383 2
98 181 200 157 380 682 10
53 181 68 43 299 383 5
98 29 59 136 270 387 5
31 164 158 85 239 244 5
199 120 82 120 165 203 4
147 66 70 135 256 513 10
42 171 149 19 330 853 2
63 126 17 105 235 282 8
158 40 24 61 122 207 1
80 11 175 41 196 254 4
179 178 7 47 142 268 3
20 187 152 129 314 322 4
106 143 21 185 131 164 3
103 120 140 146 104 273 6
