50
19 19 9 17 24 127 15
7 13 18 16 10 66 6
17 20 14 6 81 145 7
14 18 19 10 30 119 5
19 12 8 6 72 173 2
16 15 9 15 59 119 8
17 19 12 11 39 102 4
9 19 9 10 8 96 2
19 16 17 8 73 139 14
10 8 14 9 36 157 4
12 14 17 13 85 178 6
7 15 10 15 8 100 13
6 12 5 5 50 96 11
13 20 12 20 94 176 4
19 6 12 8 90 147 12
11 7 12 19 26 75 6
15 10 5 8 88 140 1
19 9 5 13 7 194 10
16 9 7 5 96 139 2
13 6 8 9 27 169 5
8 9 6 8 56 101 10
18 6 10 14 21 172 2
11 8 20 6 76 139 13
8 15 12 7 96 155 7
15 15 5 17 36 186 10
14 13 10 5 76 132 8
17 6 20 14 23 87 9
14 13 11 8 6 52 13
17 6 20 8 96 161 3
13 16 14 6 67 118 11
18 5 14 10 33 80 1
19 15 18 16 87 172 2
11 14 8 9 72 117 11
12 5 15 19 21 150 15
5 20 14 5 1 144 9
11 14 19 15 1 75 6
11 11 9 6 84 135 5
13 6 15 17 19 79 12
19 13 6 12 93 152 13
13 14 10 20 32 109 5
17 12 7 12 68 143 15
8 5 14 8 88 127 2
15 12 5 18 88 146 8
13 13 16 10 12 67 9
18 17 15 13 70 180 14
11 16 7 6 55 162 15
18 19 12 17 43 169 13
5 15 6 18 66 114 2
10 15 19 13 54 123 11
17 9 5 15 62 128 6
