400
46 71 58 41 0 256 912
80 33 87 45 0 257 571
48 20 43 75 0 168 229
20 72 97 42 0 253 465
90 62 17 87 243 464 168
98 69 39 15 278 514 423
69 84 50 96 349 724 448
84 82 14 10 432 590 771
82 66 74 71 611 1021 664
74 40 58 64 661 976 710
19 47 87 76 782 1132 754
71 12 87 66 1000 1319 791
12 81 56 52 1047 1299 430
49 94 95 31 1307 1582 398
65 39 64 38 1465 1935 781
35 23 76 18 1707 1780 640
65 43 85 90 1858 1931 251
81 35 36 14 2136 2332 437
80 79 58 85 1855 2243 279
81 31 30 82 2466 2832 450
96 72 25 52 2344 3048 757
36 97 65 29 2636 2589 913
58 77 24 18 2844 3068 590
16 65 69 27 2568 2963 921
58 44 43 88 2860 3500 821
71 79 48 26 2681 3255 934
59 73 30 96 3095 3293 957
19 13 55 89 3379 3891 773
98 28 11 74 3302 3244 675
76 12 69 93 3581 3476 281
99 94 74 98 4046 4753 304
56 39 71 88 3825 4210 495
15 74 76 95 4162 5193 469
81 28 48 32 3977 4682 440
86 97 12 79 4872 4759 116
47 41 45 48 4725 5123 682
10 50 42 42 5172 5333 518
58 18 43 13 4427 4584 484
80 63 85 14 4948 5609 726
60 38 73 26 4715 5792 937
75 60 28 80 4890 6021 317
55 10 98 54 5417 6504 903
68 55 53 16 5882 6415 348
43 43 69 57 6142 5860 174
28 28 80 34 6145 6675 410
83 91 71 85 6427 7494 805
100 35 75 23 6905 6939 382
60 40 28 14 7721 8999 120
22 12 86 35 8231 8813 639
27 13 41 26 6875 8323 987
73 44 34 62 6880 7629 124
77 40 25 89 7904 9677 821
59 17 24 92 7745 8142 148
92 68 32 92 8106 8254 850
76 45 32 45 9365 10197 174
71 28 50 60 8187 9275 246
57 18 23 30 9160 11080 983
26 87 84 65 10100 10375 103
41 82 37 77 9385 10770 108
94 34 41 57 10482 12027 477
14 39 10 35 10194 12308 759
36 95 29 74 10718 10728 121
25 67 82 24 12281 11654 194
47 41 23 72 11271 12154 658
27 92 85 37 10648 10157 876
56 56 52 44 12805 15501 534
73 93 41 15 13961 16591 974
77 34 70 90 14560 13503 391
55 20 66 89 15434 17224 843
19 17 12 85 16707 19105 716
20 19 47 88 15090 16491 726
85 57 51 11 15987 15219 931
58 85 88 32 17572 21083 561
36 94 59 12 19722 18190 960
12 23 79 27 16606 20074 368
80 76 56 52 17828 18980 656
88 54 97 93 17045 19899 923
18 82 14 94 18606 17941 726
76 82 78 92 16130 18228 678
96 17 74 84 17582 18809 892
64 61 68 97 16048 17630 544
85 37 40 63 18273 21931 618
72 13 52 20 17606 16448 252
63 35 40 45 18956 21163 397
80 39 92 78 17197 17501 629
39 48 61 53 20991 24123 277
20 27 51 93 18370 22179 905
86 28 69 45 19209 19743 840
81 35 23 14 18454 18821 202
39 39 39 91 21377 20977 771
92 89 72 83 17912 16849 466
87 76 15 35 19530 18413 959
87 71 43 37 22199 22442 423
56 20 78 58 21379 21111 237
62 73 67 29 23200 23928 233
22 10 96 56 25930 24553 693
43 46 41 65 21379 22393 911
62 34 68 13 24163 24687 600
23 74 75 100 23249 24061 708
43 18 11 11 23958 22497 121
58 63 36 63 25194 28131 715
46 71 23 36 23477 26082 190
10 50 75 37 28744 33491 705
23 61 24 96 29441 33709 140
23 86 53 95 31583 30195 776
59 54 87 21 28216 32119 196
51 15 97 29 30461 30053 599
52 72 85 35 30820 30351 734
14 84 38 99 36336 37241 952
25 14 38 68 29892 30510 743
28 85 32 11 31039 31978 579
32 63 39 57 33439 38525 737
80 94 17 16 37311 40902 238
35 41 18 37 36444 41754 584
13 69 72 29 33583 34851 726
17 20 28 36 37071 43650 110
91 34 71 49 35708 36025 345
53 66 95 96 42402 41881 635
51 70 57 62 35631 40742 299
76 12 43 57 36733 36066 565
81 56 27 61 35016 34825 396
18 30 10 85 40228 47625 683
20 50 85 19 42874 45773 153
14 62 62 16 41995 49815 149
42 98 95 38 46160 46918 440
76 79 16 36 39511 38327 736
44 43 20 80 46640 51253 266
23 60 15 46 51411 55002 827
71 18 52 66 49500 54030 818
92 50 76 57 46836 46920 285
94 11 63 70 58168 69170 430
27 81 19 50 52956 56050 920
45 85 56 94 59073 53985 971
13 74 82 73 57444 68941 256
33 91 92 87 59308 65921 775
53 65 73 22 57204 66248 517
67 23 97 10 63316 68533 564
77 10 95 10 59274 63683 858
33 55 16 34 58181 60905 653
21 60 98 79 68880 72188 790
66 62 60 89 57551 61880 749
86 23 15 86 63397 63367 668
64 29 27 94 63548 68516 921
12 64 40 14 58514 54031 302
78 53 77 23 65294 68536 914
48 40 31 89 69609 72150 164
98 74 87 44 67959 63470 817
60 20 21 32 62596 74695 504
61 83 77 42 62032 67091 568
72 98 92 11 69728 69067 442
96 36 70 38 72897 80884 726
58 81 51 88 74171 67835 264
48 90 53 84 81741 87033 678
48 32 37 99 68252 70209 232
48 50 69 64 76566 79904 585
90 48 52 20 70625 65156 810
41 14 82 57 68957 80276 435
72 42 19 82 82163 98701 555
47 10 95 28 88204 79930 603
49 57 80 69 73565 71495 418
62 49 80 30 90992 109274 815
35 87 36 42 83874 80268 658
29 96 52 33 88825 96822 943
10 37 65 46 92926 106597 1000
77 50 98 82 84775 102004 730
96 82 98 11 92216 105857 198
79 70 23 43 102063 94976 122
94 86 79 32 99472 97718 363
61 30 82 64 112194 122382 639
52 92 52 76 118279 133460 626
17 64 86 55 112186 128043 346
60 66 23 25 129887 146755 287
21 38 20 41 138296 129012 878
53 48 69 30 130715 130827 694
39 67 87 79 143588 164456 469
77 50 47 17 158537 178327 660
33 58 96 81 137703 160189 912
61 54 54 85 153481 165317 126
87 74 99 60 167817 201233 942
36 22 60 16 144911 152379 549
72 55 61 19 174102 194649 400
49 21 81 68 186094 203356 363
96 64 100 63 200437 205170 432
22 29 46 61 209085 195259 595
73 86 20 100 192636 220513 607
23 41 64 53 211116 204171 622
39 85 64 96 209217 219049 506
93 60 88 69 216345 210671 259
92 49 72 16 212183 231123 545
27 89 15 66 244581 248531 408
64 62 87 10 240251 274253 703
93 70 98 27 270160 281002 924
62 66 98 79 273014 263906 379
11 66 79 90 240321 286388 762
29 48 67 35 258481 301123 586
52 90 24 99 256689 277935 762
84 35 73 14 260101 282437 992
18 91 55 73 256994 279293 237
39 54 72 39 289884 268056 544
66 54 24 76 312003 345602 740
82 90 73 36 335901 345995 225
87 23 31 26 276685 284185 607
83 68 62 10 353406 411003 172
95 81 70 54 288983 333446 134
80 98 86 26 351647 356184 328
29 42 13 53 314755 344666 350
19 54 72 93 343844 317736 737
84 29 51 75 300917 320960 956
33 78 69 57 305227 344318 319
36 46 57 78 317547 290090 686
76 69 14 37 356748 396330 465
10 83 100 61 301177 332064 603
25 100 31 62 382738 372700 434
62 98 11 42 351829 411982 558
71 24 88 70 327195 304658 239
23 13 22 41 366834 383768 100
18 18 23 72 339061 316749 827
46 17 46 88 394566 416916 201
82 35 33 99 419142 419949 605
36 94 58 78 399861 377022 498
87 17 32 40 433956 464882 126
13 56 75 16 471483 494995 167
19 26 93 18 413746 415639 228
94 28 63 25 445692 417238 297
97 42 27 30 523540 479003 171
69 38 30 64 510621 593792 360
32 12 10 68 500446 492512 219
23 92 45 52 473541 456314 366
50 71 44 100 525881 502614 463
65 58 43 64 532769 554426 988
39 20 71 100 478904 553308 784
59 46 56 98 492113 569556 868
27 58 69 51 596926 670973 335
19 79 25 67 558372 519473 651
80 97 84 35 536119 510096 196
57 16 17 43 516196 617813 589
69 93 60 94 504702 535873 281
12 13 92 15 581160 562405 544
13 57 55 42 640699 671230 367
21 15 74 98 512204 596913 260
53 23 85 80 658846 772109 434
44 20 46 42 541935 601238 771
46 60 22 35 597059 655558 752
13 67 55 73 620256 627818 861
95 75 82 27 707117 799476 966
86 31 66 45 588782 685582 570
81 20 29 16 581136 665706 709
58 92 94 82 673038 753913 170
19 29 54 92 748692 709899 225
23 89 38 54 749360 829370 766
57 60 88 66 622273 579545 453
71 14 93 58 689440 649517 178
92 38 74 82 665143 748573 572
17 86 60 49 816594 838557 274
14 14 39 59 641926 700118 961
98 11 85 90 720551 861029 329
43 11 67 39 768576 826420 631
49 59 89 54 663976 677115 540
61 66 13 92 796742 857061 947
68 13 75 57 821045 939800 565
18 90 64 14 696471 767050 605
28 86 86 81 890244 902885 674
27 57 78 18 867490 1035929 911
46 30 45 20 739537 805530 797
39 65 71 70 919150 1014088 677
91 26 17 41 850975 790310 810
16 88 59 99 819444 950724 957
91 30 16 70 891339 1059752 462
34 93 94 91 789662 777757 663
90 57 67 72 874448 845431 775
72 43 41 15 857817 904960 274
92 84 66 63 940590 954648 455
29 76 87 77 1034386 1068987 121
80 37 44 87 1037268 1049733 368
25 99 89 92 1017755 1097888 880
78 13 17 92 982013 896923 494
64 48 81 93 1030597 1023357 291
67 74 23 60 975477 947012 487
76 25 32 35 940095 862174 328
28 99 46 38 1059670 1102813 652
19 40 10 28 1029943 1000936 348
82 22 72 83 1085725 1299101 288
49 88 74 68 999443 1052401 744
10 41 44 30 976507 1110866 549
86 55 82 75 1134342 1346951 497
56 65 23 17 1158660 1168354 892
75 21 98 68 1258750 1477708 441
26 68 33 93 1081655 1145816 334
45 73 63 19 1368785 1411708 937
30 51 28 48 1167941 1345311 367
35 55 32 58 1403628 1316819 446
80 91 78 100 1216546 1238428 687
80 13 26 25 1207494 1096731 121
45 42 69 99 1151832 1214897 228
80 60 77 24 1376850 1533143 622
47 98 44 63 1390854 1344609 964
57 81 14 32 1236449 1430310 245
78 57 49 12 1517375 1549390 631
69 66 16 95 1423157 1707219 194
16 23 35 18 1339488 1247857 273
35 31 78 14 1636683 1740739 846
81 55 31 62 1338876 1488766 137
43 43 76 71 1619054 1594408 572
66 46 21 71 1526609 1443385 336
77 62 63 19 1590012 1481605 807
48 93 92 71 1721651 2054993 423
22 78 27 84 1512185 1377571 672
81 65 77 76 1605668 1922186 434
43 15 12 96 1728520 1695753 797
24 65 67 56 1839871 1656589 804
81 80 57 53 1604055 1847831 268
48 76 95 89 1626845 1821882 811
77 11 81 38 1739342 1772366 339
11 62 55 54 1743285 2016167 358
86 23 71 60 1704031 1797150 570
44 77 17 38 1957204 2085854 549
45 24 21 10 2027453 2027987 817
77 17 49 18 2013426 1933438 814
73 19 45 56 2080598 2076144 673
79 56 75 16 1944375 1850677 150
15 50 59 59 2098564 2042433 123
22 97 10 53 2362494 2528075 516
26 37 55 17 2133431 2259275 441
75 66 95 97 2213663 2059660 530
18 91 83 56 2052051 2426728 581
96 63 15 98 2262774 2664520 985
51 29 45 79 2050373 1892045 675
34 94 37 67 1947826 2168038 652
80 61 82 42 1974372 2219003 385
70 18 10 57 1930126 2159125 110
69 62 13 11 2161844 2146091 896
31 99 40 14 1975124 1806852 769
38 99 42 85 1993666 2093443 645
76 24 75 80 2069956 1895791 943
64 20 94 34 2396397 2688680 948
32 88 62 41 2058888 2407426 615
56 26 19 36 1993267 1794271 451
85 72 46 54 2188452 2464106 895
48 31 73 36 2015300 2259221 395
56 18 86 62 2443875 2735926 663
75 19 54 10 2311265 2122080 539
14 46 59 97 2543786 2504396 762
18 95 100 80 2287946 2346502 124
51 48 43 14 2157333 2200039 206
25 47 86 13 2726369 2492165 973
36 68 11 73 2609246 3106792 968
79 81 39 18 2872615 2685973 539
86 17 15 10 2557254 2371984 838
76 50 70 70 2660897 3188938 325
12 15 62 53 3024149 2995742 228
100 59 90 60 3029759 2907394 528
60 42 74 36 2872641 2607454 104
28 85 84 59 3424649 3449935 110
71 29 74 62 3395854 3572493 961
100 43 42 53 3778173 3530758 368
27 64 27 54 3158508 3048087 206
23 50 72 64 3895867 3729059 754
10 39 62 93 4036568 4290749 259
31 49 72 51 4037718 4221287 128
27 47 91 15 4434966 4458307 842
50 75 74 43 3787982 4068628 608
28 67 67 88 4462197 4741202 602
31 95 94 93 4117061 4182050 424
76 63 80 44 4714072 5030186 551
39 96 77 28 4742811 4926193 354
48 87 35 92 5042979 5109480 864
65 24 15 62 4234377 4589926 321
68 73 19 65 5128611 5451349 808
41 39 63 66 4544598 5050803 119
78 78 86 88 5090452 5866969 181
66 25 71 32 4839698 5680893 686
79 37 99 40 5289625 5413006 290
90 37 42 98 5281525 5240253 957
19 90 27 83 6022047 6513275 325
24 97 54 27 5179728 5252384 946
92 73 49 85 5846915 6332419 571
15 71 84 11 6171763 7405806 286
68 98 83 63 5670566 5553626 527
20 36 15 34 6279813 6097497 476
51 36 78 25 6912732 7121869 312
11 56 16 81 6625529 7446143 560
56 26 62 83 6880762 6459444 737
24 87 95 41 7629198 8566125 488
81 22 86 92 7446139 8539696 469
53 56 55 95 8239025 9867034 531
17 33 20 51 7836614 8047012 491
12 42 20 58 7576902 7807353 388
43 13 39 57 8411543 9322731 833
41 88 88 38 8981117 10197977 795
29 48 94 76 8674998 9404563 262
80 54 50 84 8826905 8353731 860
34 87 92 50 9687607 11550674 705
98 69 21 41 8423596 8163010 282
15 86 36 47 8298285 8675068 498
100 74 50 50 9582535 10371302 874
14 70 94 60 9432223 9236547 359
96 19 10 48 9320375 10113030 811
24 13 32 60 9182471 9183486 822
11 81 96 63 8758806 9574555 565
48 78 34 21 10716004 12138132 929
