300
75 55 57 10 1785 4777 63
16 15 16 97 2776 5671 106
87 53 86 27 661 2286 235
67 82 57 35 2516 5333 217
20 32 78 24 1261 2203 227
38 34 14 10 2176 2508 180
68 24 75 31 162 2689 236
97 89 33 66 576 1142 103
99 65 57 96 2554 5210 95
46 100 26 100 541 2650 145
97 86 36 90 2252 4386 105
80 78 74 66 399 2878 124
52 12 21 47 88 702 81
38 24 24 12 1543 3732 144
11 72 42 46 992 2109 248
44 60 10 79 433 2443 131
14 42 61 23 1430 2018 173
83 11 66 67 1550 3098 210
96 66 91 75 1032 2571 86
18 63 82 26 661 2150 184
44 82 83 91 1757 2240 244
31 85 80 20 1075 1857 162
100 89 65 89 819 3195 208
36 27 15 73 1616 2745 87
11 51 66 78 2739 5334 52
53 38 50 18 2954 3293 72
48 51 20 89 671 2563 196
57 77 79 83 356 2143 94
48 51 84 31 587 1942 167
62 46 43 27 1035 2275 215
18 73 11 56 878 3587 217
14 100 80 19 2861 3677 144
97 31 14 71 2968 5035 97
42 91 64 70 2453 4457 207
66 54 45 67 178 2260 227
35 25 72 58 1454 2922 244
87 27 63 90 1233 2764 202
84 34 58 59 1252 2618 65
27 50 65 23 2393 3754 66
75 98 43 71 1571 3935 195
84 71 44 93 2020 4097 76
26 21 22 94 2180 3463 167
24 93 87 84 880 1589 225
35 22 71 28 677 1268 168
29 93 52 60 2158 2412 128
17 64 96 32 1607 2854 130
21 27 63 27 1040 1329 108
99 82 43 20 623 2426 109
91 43 96 40 1741 3988 114
20 84 91 44 539 1580 65
79 74 54 73 2013 3348 162
59 80 41 34 1250 4066 179
22 12 67 86 1764 3609 217
64 47 34 23 465 740 197
82 59 97 49 1538 3946 161
62 94 59 54 2932 5400 63
40 45 100 77 2940 4782 237
78 82 13 64 2807 4461 183
28 74 49 24 2013 4521 212
50 69 11 43 300 2490 68
25 10 46 68 2714 3945 184
16 16 11 81 2527 4258 201
43 42 26 25 2927 5581 141
96 44 67 69 180 1275 78
92 48 95 20 1080 3793 207
79 91 66 97 48 625 68
54 44 52 90 667 2867 174
80 22 46 10 2472 3714 69
53 80 80 17 599 2584 216
95 94 24 90 2426 3930 232
25 19 10 41 1855 3460 172
22 42 50 12 1868 2984 170
71 88 46 68 464 2994 128
42 63 63 26 2509 4332 143
98 19 18 72 666 1079 115
21 95 45 75 1869 2288 66
64 30 49 46 2581 3520 73
94 26 89 62 1221 1875 105
19 44 79 50 2545 3818 214
54 63 92 66 303 1403 119
65 15 21 67 2583 3757 133
34 22 77 82 1963 3409 158
15 95 20 76 1850 3018 242
25 62 51 88 2416 3845 106
27 66 67 51 322 2013 160
71 60 43 36 1395 1931 103
44 86 75 91 93 757 170
69 20 82 20 1428 1665 131
26 96 66 24 2359 4264 222
55 72 51 64 2114 5011 82
26 22 89 55 587 2705 159
11 25 86 54 2305 2737 195
46 26 76 13 1032 2055 115
20 41 73 87 1477 4065 59
52 24 26 69 985 3401 144
35 27 32 51 1165 3295 149
12 67 98 38 2372 4769 206
61 10 39 12 41 2140 234
23 98 99 64 888 2696 231
83 80 47 25 1665 3877 87
45 26 29 98 483 2897 177
87 51 87 55 1748 4635 191
42 93 78 14 2497 5378 132
22 25 13 33 659 1168 66
92 17 47 49 1250 1892 82
87 98 63 52 1933 3132 188
26 96 90 71 689 2464 211
86 72 90 30 431 2920 179
85 20 41 65 2699 4683 86
100 45 10 16 2866 4129 51
21 79 19 72 1611 2321 149
53 93 80 33 1712 2587 50
56 56 26 83 1595 1956 81
82 77 34 56 471 3334 148
33 59 35 93 1214 1971 232
10 89 69 55 200 2707 88
37 26 33 12 603 1668 200
21 43 59 76 1268 2099 198
80 92 70 56 1170 1795 72
40 77 81 87 2394 3693 175
93 54 32 58 1908 4616 125
46 19 45 91 2343 2705 165
31 34 63 84 146 390 126
19 57 78 79 1666 2831 113
86 84 75 98 1425 4020 137
83 87 13 81 1159 3392 166
94 27 75 80 665 2325 60
59 28 78 92 867 2761 100
89 69 82 29 1405 3081 170
71 60 42 92 931 1211 147
20 15 78 44 2149 4941 247
81 44 65 30 2685 5229 234
79 74 46 77 2234 3610 205
69 70 45 31 2035 4275 77
36 88 66 43 1591 2239 97
68 95 80 54 480 1384 98
68 34 20 41 1675 4452 97
42 86 26 79 2308 3270 180
10 33 19 79 438 3394 125
77 69 30 65 727 1950 207
77 72 49 44 2257 4314 234
54 89 58 18 39 2595 144
45 81 45 32 2336 4538 126
54 19 26 98 1471 3236 192
70 13 23 85 1705 4688 160
82 81 96 73 2301 4363 130
62 70 96 10 444 1844 82
14 52 98 16 2098 3413 221
44 64 74 16 1347 4272 61
83 62 87 44 2144 2810 232
63 72 13 44 1903 2888 248
76 45 86 94 1655 2837 189
76 19 100 29 2757 3118 155
68 61 26 85 2564 3150 148
67 91 50 82 1661 4643 157
42 15 26 52 868 1733 161
14 51 61 61 340 2648 129
57 38 97 59 1654 2082 137
19 95 42 99 2697 3721 233
73 55 51 63 351 2848 111
96 54 25 31 2842 5646 227
71 26 78 26 2168 3455 107
62 73 86 60 140 2589 84
100 76 10 47 564 1703 247
98 25 59 78 2471 5019 80
28 91 70 89 512 3493 121
72 66 13 74 1692 3570 62
59 45 24 50 522 1654 214
88 30 27 58 594 2030 131
78 22 90 64 2366 4065 168
15 10 32 71 505 3401 179
56 36 40 51 2575 4412 226
39 38 11 93 2000 4598 187
69 15 73 47 970 2146 189
24 16 14 37 518 2676 176
21 29 72 85 2040 4795 206
76 68 34 75 138 1893 181
67 35 30 97 2497 3841 107
10 13 32 91 1411 2630 114
98 34 99 68 2361 4180 61
64 68 66 73 1290 4098 101
78 69 99 58 729 2299 224
42 30 42 79 2855 3345 50
84 52 24 58 780 2766 221
71 87 16 67 2373 5366 145
29 71 53 58 304 1690 162
87 19 35 50 915 3350 173
13 27 68 30 932 2877 229
89 83 23 47 2380 4986 172
29 13 80 83 1989 3581 177
93 33 11 87 2111 3829 102
35 53 16 57 1894 4674 225
10 71 69 26 314 1185 248
31 24 13 92 365 2507 60
83 40 55 22 1781 3922 195
53 80 21 65 1417 3050 202
82 28 81 47 138 2017 174
23 96 20 90 708 2710 114
72 70 31 64 2878 5877 225
78 96 93 40 2472 5135 134
15 49 33 11 828 3546 65
78 38 75 79 1600 3674 171
38 52 38 77 2584 4324 211
10 88 93 78 1032 3189 204
38 71 85 20 12 1400 245
98 18 89 73 915 3411 54
62 77 18 98 308 2100 97
16 71 31 82 807 3514 193
20 18 83 95 1039 2906 83
48 36 30 47 2015 2649 142
74 15 79 11 2215 3493 248
13 15 26 99 516 963 150
18 43 57 29 1000 1830 87
99 27 16 58 2775 4910 239
43 99 18 14 130 2362 218
57 23 32 71 1222 1421 110
40 31 15 65 1523 3384 249
56 31 46 14 2914 3786 194
22 100 48 59 1586 3635 54
23 53 64 70 1995 3081 63
95 38 41 77 473 1870 227
98 73 56 83 122 1308 130
45 14 51 53 1153 2858 62
34 72 43 100 2482 5079 232
10 77 52 21 1006 1751 189
87 85 49 29 2398 4992 79
57 30 24 62 2986 4160 90
58 34 13 69 1096 1930 98
58 19 45 83 2863 5129 178
56 37 89 54 2352 5197 248
81 61 68 25 2850 5422 189
83 74 54 94 80 1193 156
74 73 73 67 2853 4538 200
99 28 79 96 2128 3398 61
67 59 60 85 115 828 213
21 44 11 98 2931 4116 168
13 50 77 71 1219 2800 84
81 57 32 32 2013 2536 183
75 17 46 86 392 1711 116
100 64 73 34 1134 2433 98
33 71 20 80 1617 2313 211
22 98 73 35 1168 2239 211
20 64 60 95 1637 2936 88
40 100 43 54 2907 4044 239
95 74 19 79 2459 3550 189
55 86 47 51 243 1745 67
76 27 39 11 1432 2903 124
65 10 81 91 1331 2014 83
77 95 68 38 1061 3357 158
42 13 22 84 933 3360 196
69 44 79 74 1395 1736 153
49 56 57 76 2992 3793 56
35 53 11 14 1221 3636 246
81 88 69 73 411 2191 89
44 52 15 76 1775 4069 165
57 80 82 66 664 2170 122
17 15 73 62 1143 2063 117
92 38 39 46 2273 3244 240
42 73 30 15 347 3285 240
70 13 75 51 2596 5240 102
71 99 46 39 2549 5460 148
100 98 87 72 1111 3193 183
51 89 81 73 1082 2902 191
39 51 99 100 1688 2151 86
12 76 33 31 2866 4538 102
44 91 31 63 1330 3755 177
67 94 11 15 2832 5258 148
22 21 89 69 486 2023 248
97 60 16 94 2907 5182 124
72 55 20 16 1519 3230 160
73 75 72 14 1043 2148 237
65 19 68 59 1751 2967 89
26 99 39 48 1903 3042 60
45 77 25 87 2896 5691 51
50 29 19 95 2064 3979 177
64 58 44 100 2751 3438 230
30 14 11 74 266 619 109
26 67 28 67 1907 2511 193
52 10 68 66 1606 3703 119
70 17 30 76 1992 2385 138
81 88 38 75 102 927 121
44 66 68 12 1944 3682 163
61 87 75 13 763 2800 198
100 76 47 89 491 1772 89
66 26 97 54 719 1889 180
60 23 47 12 565 3354 155
96 46 65 35 2520 5452 132
43 78 46 56 2586 3702 132
58 37 12 69 2940 4629 137
30 66 36 34 319 1755 250
55 83 11 32 841 2594 150
48 38 53 16 1118 1936 120
60 52 33 81 242 2661 219
92 70 26 30 1430 4174 75
18 73 76 21 372 1451 146
25 22 10 55 2262 3433 194
11 62 93 60 1811 3388 226
14 44 97 84 686 1190 81
64 47 90 11 1247 3369 129
52 100 25 39 552 1350 232
