200
17 18 6 8 304 761 13
6 17 5 6 44 460 7
14 17 13 18 51 382 4
16 15 16 16 163 585 13
12 18 16 7 84 543 13
18 6 9 19 55 366 8
11 16 9 10 12 723 12
16 10 15 8 27 229 11
11 15 9 9 352 428 9
8 11 6 20 67 632 2
6 20 11 14 148 286 14
11 9 6 15 231 683 1
9 15 7 13 46 288 3
8 7 17 17 342 544 12
17 8 10 12 38 607 1
19 20 7 16 317 389 6
17 20 14 8 118 754 10
12 11 13 14 23 570 12
18 14 14 11 125 420 2
13 11 10 20 351 409 2
20 9 12 10 373 428 9
14 9 13 10 3 610 7
12 16 13 19 215 275 15
17 11 20 19 268 353 11
15 12 20 10 384 455 15
6 11 10 8 85 122 7
6 18 10 13 282 341 12
13 15 8 14 8 240 11
20 20 16 20 182 421 3
9 12 10 11 115 576 15
15 15 10 11 261 729 7
15 15 20 16 143 757 1
12 17 11 18 217 300 11
16 13 16 5 187 740 9
13 9 19 19 38 419 14
19 11 7 12 135 201 5
13 19 12 12 273 738 2
11 11 12 16 246 298 3
5 16 12 8 6 711 8
10 8 12 13 184 794 11
11 13 15 12 369 422 9
9 20 16 18 154 718 13
19 13 18 17 151 782 13
17 6 15 12 237 299 12
17 20 14 5 248 537 4
10 8 8 19 167 441 5
17 17 16 7 189 263 6
13 5 20 19 54 433 2
13 19 20 5 372 668 5
19 18 15 6 288 353 12
15 11 15 19 287 656 1
12 19 14 8 263 320 8
18 7 19 10 27 481 10
6 16 20 11 259 673 7
10 7 7 9 266 651 13
17 10 11 18 241 786 4
14 18 6 17 302 365 11
19 10 12 13 200 254 7
12 15 14 14 175 328 4
16 5 12 13 6 448 10
15 5 15 20 12 82 15
6 14 10 13 214 267 1
10 10 18 7 5 319 2
17 7 12 15 398 514 7
15 8 18 8 283 467 7
8 14 17 13 31 84 4
14 17 14 10 338 394 1
15 17 6 16 368 742 10
20 12 6 16 352 419 1
16 9 12 5 190 291 13
10 8 6 19 44 98 11
14 17 5 20 349 775 5
18 6 12 16 126 487 9
5 13 12 17 123 625 15
20 6 10 16 136 389 6
13 16 20 15 33 564 4
9 9 16 15 53 384 11
6 18 13 7 329 622 10
18 10 15 11 340 415 3
16 12 10 20 355 419 8
11 6 13 17 293 742 14
14 20 14 7 1 334 14
11 17 6 17 190 619 8
17 10 6 9 199 366 15
16 16 10 10 107 182 9
6 15 7 13 287 722 3
16 14 18 8 120 178 11
7 5 19 15 317 516 9
17 7 5 18 124 185 7
5 18 19 11 141 706 12
7 5 7 12 94 687 7
15 19 9 19 386 454 8
10 15 14 5 69 320 6
17 9 17 5 102 620 3
20 12 6 5 135 194 4
14 14 6 13 196 497 12
11 7 13 12 247 297 13
16 16 10 14 281 595 10
16 7 11 14 333 639 12
8 15 11 16 100 698 12
6 6 10 18 197 800 2
18 19 9 10 187 423 2
10 13 20 9 322 382 11
17 20 20 10 192 584 11
12 8 20 15 246 317 4
6 12 15 14 11 233 14
18 8 5 6 8 588 15
17 20 16 13 115 181 7
5 8 10 8 105 346 11
18 14 16 18 20 748 12
12 6 9 12 312 360 5
9 18 5 11 324 539 3
10 6 10 8 205 546 11
11 16 16 5 181 396 2
14 7 9 8 172 226 13
17 14 19 11 298 641 3
10 16 11 11 252 754 13
6 6 7 10 294 326 3
17 11 5 5 139 779 10
12 12 5 18 188 258 3
15 6 8 12 245 388 1
8 18 12 9 361 417 9
8 9 19 19 183 242 15
16 17 5 20 396 785 2
5 13 9 13 104 153 8
6 8 16 14 160 722 3
16 20 16 14 89 776 6
5 6 18 16 394 592 5
14 14 13 20 320 382 10
13 19 8 10 138 193 14
7 16 19 5 394 442 2
12 5 11 10 221 525 12
17 14 19 19 344 415 7
12 11 5 17 386 778 10
16 8 12 13 171 410 7
11 5 12 14 307 486 4
16 13 7 18 383 439 13
12 19 16 19 39 496 14
5 14 10 7 296 336 15
6 16 11 17 235 733 6
11 12 10 20 145 640 5
17 6 18 8 83 200 9
8 14 14 20 174 499 13
9 19 5 5 387 428 7
8 18 6 5 45 287 5
11 20 13 16 191 792 15
12 15 5 5 94 267 10
13 14 8 11 97 212 9
5 15 9 5 310 353 5
8 17 14 15 29 495 10
13 9 15 6 197 274 14
9 17 19 12 301 361 13
7 20 17 11 95 393 15
10 12 16 12 252 305 13
14 19 13 7 80 581 7
12 10 8 10 342 648 13
7 11 15 17 21 105 2
8 16 5 19 396 450 14
20 15 6 9 349 410 8
18 11 14 16 153 661 2
15 12 8 13 98 429 6
5 20 8 19 223 287 10
11 7 11 13 82 684 1
15 16 6 17 14 635 2
20 7 6 19 384 450 4
7 10 11 12 350 401 6
5 20 17 13 101 614 9
5 19 13 7 97 526 9
18 5 19 9 364 773 7
10 16 13 7 145 465 8
19 15 5 5 243 456 5
11 6 19 5 155 515 8
9 14 8 9 347 394 5
8 11 8 10 110 642 7
9 10 16 13 111 175 7
6 15 20 13 343 693 13
10 9 14 18 267 740 6
10 14 16 8 260 313 2
5 16 6 5 293 340 3
7 5 15 14 189 696 5
8 16 13 8 267 767 13
16 14 9 19 109 173 8
6 11 16 16 104 265 2
17 12 13 13 106 691 5
5 11 19 10 202 263 1
15 19 18 9 171 433 8
15 16 16 9 228 330 9
9 15 16 10 346 399 15
8 5 16 16 388 632 4
15 16 16 19 151 426 6
20 16 5 10 109 464 8
8 10 17 11 400 467 11
6 11 14 7 358 407 4
9 10 8 12 159 214 15
15 15 17 12 47 212 14
15 12 15 7 11 168 7
6 16 20 6 41 224 6
6 9 12 10 137 194 3
9 7 17 14 188 320 4
16 6 8 19 9 667 6
