500
54 98 96 72 943 8683 612 
57 23 63 67 5362 9459 283 
47 36 58 61 6195 9210 491 
46 59 37 47 2334 4738 527 
53 61 32 96 1987 12432 375 
78 94 80 94 2795 4815 614 
48 68 92 55 3521 5893 722 
33 43 45 74 1049 5444 753 
98 27 85 47 2525 6964 145 
62 92 95 54 4718 5578 561 
33 22 37 98 6652 8078 649 
56 65 32 73 586 9628 385 
40 43 28 66 6954 11486 659 
27 61 68 87 1403 5346 479 
61 53 29 57 4247 7046 240 
21 25 20 97 2488 11157 183 
21 86 57 93 5638 11192 283 
33 42 44 78 6249 7611 612 
100 54 52 91 7082 7722 526 
56 65 25 79 1962 5892 406 
73 38 65 57 6033 8657 964 
39 62 27 73 5329 5772 886 
72 69 97 100 5691 6948 463 
54 34 75 54 4281 9122 730 
93 48 29 41 7395 9535 271 
83 60 23 24 7106 11293 184 
21 29 37 72 7124 11269 223 
48 21 75 62 2624 11913 469 
51 60 22 84 7057 8676 319 
31 50 67 95 476 9825 438 
90 34 33 53 3091 10896 247 
83 87 79 71 567 9961 805 
78 91 32 51 4490 7753 284 
57 74 86 100 192 8532 448 
24 29 55 57 882 3054 384 
99 81 55 30 2892 8612 828 
83 89 80 34 7301 9559 799 
86 52 53 57 6646 10098 300 
75 66 48 41 671 10893 514 
45 80 39 25 6634 10010 871 
53 81 99 81 1894 10689 136 
46 83 88 83 5425 9124 851 
59 33 58 20 7162 7703 811 
60 37 24 100 1495 8457 164 
83 41 58 70 2339 11456 143 
82 28 58 64 6584 11811 238 
45 74 47 79 5687 9425 293 
22 79 58 35 4589 7756 432 
72 81 62 57 6010 7733 860 
25 91 85 35 351 6638 594 
37 43 86 25 960 2833 828 
83 43 52 50 6161 7206 239 
40 60 39 80 1828 6060 500 
60 72 25 74 3599 6351 301 
100 50 71 60 330 11959 718 
80 27 43 51 6977 8507 788 
50 82 80 74 7167 10598 745 
57 89 39 58 6368 8812 440 
38 62 59 55 3336 8289 426 
86 22 72 96 3029 3356 793 
48 63 88 31 2741 7443 635 
24 57 51 43 7304 12500 404 
95 44 95 89 4640 10988 389 
73 52 20 34 4011 9769 315 
94 39 39 80 4910 10538 123 
70 82 52 69 5317 7255 916 
92 93 95 39 5565 8217 283 
68 20 61 97 1504 8926 222 
61 63 29 66 3100 12238 317 
64 38 100 41 2043 2318 289 
78 43 90 62 468 8419 661 
99 55 62 65 2628 11128 899 
64 70 57 26 4113 9873 624 
83 67 84 49 1698 11692 222 
59 37 24 88 1467 9258 391 
46 97 81 87 5335 6519 280 
69 70 26 31 5523 5981 137 
43 67 45 87 2315 5781 976 
100 36 49 27 820 2381 197 
39 31 79 75 5382 11336 881 
89 40 92 37 4868 11452 527 
25 95 57 39 4714 8201 676 
67 86 48 37 1626 4338 282 
59 61 39 47 2154 3878 424 
94 78 69 49 3202 8507 791 
82 40 95 82 2909 5916 374 
62 34 93 63 1069 8669 724 
36 26 33 87 5442 8948 158 
33 83 95 96 2909 4751 404 
82 52 21 74 6360 10993 102 
59 98 38 60 5094 10319 860 
55 59 77 42 883 6964 874 
66 69 86 78 2864 11354 113 
42 57 45 79 3828 6342 589 
29 56 27 66 844 2799 633 
78 81 32 39 7109 9463 982 
45 83 92 66 204 3820 498 
57 66 50 41 5690 11894 554 
76 66 40 46 3167 8592 636 
52 39 69 99 5380 12468 300 
51 71 81 67 395 9711 640 
72 81 26 39 5633 7883 530 
29 40 86 92 3728 8764 254 
85 68 25 30 3837 7799 832 
43 76 41 31 4237 6504 592 
82 79 60 34 7331 9666 635 
46 55 89 54 6253 9393 728 
43 40 53 96 6185 12332 454 
26 65 35 50 3668 6248 222 
26 78 24 89 2914 7813 351 
40 23 44 54 1227 3676 455 
79 20 72 49 1185 5886 299 
53 27 95 53 1685 6568 894 
62 59 89 55 794 6288 786 
49 100 25 98 6190 10373 120 
49 81 70 88 1751 5555 491 
49 84 54 20 5600 9022 999 
43 71 22 50 5600 12425 101 
31 31 21 98 6579 9608 156 
86 54 78 82 1065 5745 250 
25 69 66 44 5416 5882 483 
69 65 94 28 553 6336 120 
76 46 67 42 5362 6359 987 
22 20 53 33 3495 6960 937 
56 33 66 69 392 3255 699 
32 94 39 72 5289 6416 887 
25 97 40 23 3398 4829 386 
54 97 24 63 1315 2479 123 
47 96 94 78 3529 4138 350 
76 95 89 26 4140 9656 769 
56 34 28 89 5436 7580 397 
27 99 95 88 6534 10007 727 
28 83 60 30 3893 10601 855 
34 86 39 89 4290 11975 152 
57 33 86 85 4687 10914 648 
96 76 51 96 7070 8792 965 
68 100 30 88 5156 10203 829 
35 99 72 91 6144 12398 513 
22 78 25 82 3157 7504 696 
55 96 80 79 3501 9134 501 
71 66 42 70 2472 5087 729 
65 59 21 45 1979 9156 512 
63 41 71 38 665 2727 454 
74 91 95 57 5666 8469 102 
93 84 47 57 3350 5089 403 
45 44 63 68 92 8473 682 
87 91 69 71 268 8467 231 
78 53 48 79 183 1404 148 
56 97 80 37 3689 6204 762 
30 81 31 50 444 10935 239 
71 86 98 70 1651 8904 823 
80 96 86 54 2024 8105 538 
81 58 47 82 5463 10798 102 
42 89 61 21 1825 10968 805 
99 68 60 33 2053 2665 908 
94 77 79 21 2080 8607 504 
42 46 33 25 2345 9008 535 
79 64 65 35 2325 10402 100 
60 93 63 32 6367 9414 867 
85 72 20 52 2255 10583 903 
88 75 82 52 2007 9786 353 
49 48 60 40 5475 10089 476 
70 67 52 74 4317 12445 915 
43 55 20 35 5264 7336 971 
77 77 27 22 6265 11204 322 
70 27 82 45 3369 3941 279 
51 60 30 79 4944 8407 855 
55 90 98 49 5118 7136 955 
27 74 80 61 1877 11880 473 
100 24 76 36 6764 12067 264 
42 70 82 34 5428 6754 947 
20 43 76 69 1995 11497 677 
22 49 88 76 1538 4855 471 
67 34 95 88 4012 8091 960 
60 45 100 64 5501 11336 781 
38 34 100 71 1603 6272 281 
51 28 80 24 4157 6498 753 
71 72 77 77 3575 4806 756 
40 66 45 97 4970 10912 994 
87 100 55 68 7395 9421 650 
20 70 97 97 541 5073 694 
63 84 48 79 5121 9322 259 
45 74 72 35 2502 10536 936 
94 86 84 79 3057 11270 839 
99 45 75 23 5748 6809 653 
69 27 84 76 1655 10443 727 
30 26 65 77 4952 10016 364 
27 54 80 85 2322 8802 738 
85 54 93 54 2387 8114 850 
82 73 23 51 158 2853 451 
38 51 70 32 4981 6675 577 
63 45 89 75 3792 6768 428 
55 90 40 48 6233 9560 350 
47 39 33 41 7054 11609 443 
25 48 75 91 2572 12021 475 
97 51 44 93 7112 8636 505 
76 22 69 87 2831 3239 956 
93 22 23 56 3709 10275 263 
74 99 80 24 6387 11892 554 
35 84 24 54 399 10881 439 
70 24 85 35 3829 7731 705 
74 54 41 50 129 9072 156 
87 86 56 71 968 4209 170 
91 51 60 69 2466 11254 192 
74 43 61 50 4465 4889 701 
23 40 34 91 7267 9199 592 
67 54 79 92 51 11521 418 
41 56 90 61 7450 11590 695 
89 34 57 26 6012 11455 902 
36 26 50 63 3654 4826 565 
82 88 67 67 1296 12042 758 
96 82 42 85 1758 5866 316 
58 30 68 90 7332 10265 192 
43 26 22 30 1153 3401 508 
20 90 76 90 6496 11610 720 
91 87 78 53 4400 6790 139 
38 68 89 24 3662 12239 807 
22 82 37 79 2031 3124 140 
28 55 60 99 2451 9715 172 
72 31 87 54 6399 8080 871 
76 79 56 51 2776 7718 163 
95 70 64 98 2634 12065 105 
69 66 59 47 2959 9047 593 
53 94 30 98 4389 10188 530 
87 21 26 48 768 12160 688 
81 76 71 75 1978 11311 600 
82 36 57 71 3661 8075 742 
39 65 49 38 6531 8420 710 
46 90 75 94 4575 12188 393 
88 54 51 55 4895 8043 894 
66 70 86 89 1821 6884 822 
79 69 37 50 19 4337 527 
63 28 56 45 3680 7576 760 
65 89 50 36 598 11889 323 
25 38 23 69 6538 9956 406 
70 51 27 85 6519 10976 960 
42 35 80 99 1180 2883 483 
77 94 89 30 1097 11188 601 
87 31 78 51 6953 9387 656 
65 78 54 48 1761 11918 447 
41 88 84 21 4013 9422 439 
44 53 78 32 1193 3778 867 
55 22 34 79 3378 9170 214 
39 29 91 79 6023 11684 359 
67 43 38 74 192 3007 596 
78 25 22 22 6542 12122 642 
63 67 89 27 2237 3272 285 
26 61 72 69 6744 9983 397 
50 34 40 22 3460 8458 584 
96 73 39 66 5224 6195 534 
35 36 50 81 2695 9802 231 
79 24 78 33 5482 9031 934 
47 98 45 37 4654 5635 410 
21 23 58 42 5676 8141 201 
91 80 25 72 3961 7363 896 
26 92 34 81 2202 3788 682 
74 78 77 78 3042 7636 209 
70 76 58 99 4537 7943 833 
23 68 87 38 4363 6941 670 
32 30 94 53 838 2738 278 
28 71 66 87 688 1623 222 
65 50 36 49 5432 6232 333 
74 20 77 60 2702 10685 713 
25 43 39 42 39 10806 608 
49 94 42 41 4733 11960 408 
34 48 54 56 3309 3950 701 
50 68 70 65 3758 9584 922 
30 22 46 25 5218 10972 172 
20 87 36 90 5562 11430 615 
25 32 28 81 879 4704 967 
36 68 20 40 2641 7834 159 
94 96 99 65 6951 8801 526 
43 58 91 96 6192 10474 298 
25 34 64 75 2535 9230 538 
50 70 49 30 7204 10924 963 
62 40 96 88 7407 12451 560 
28 63 39 63 1182 11551 614 
80 77 50 42 1657 11836 386 
72 94 95 85 269 1770 588 
95 85 78 79 4451 12312 225 
53 92 53 54 7451 7796 960 
35 38 30 52 6201 10352 818 
90 58 47 32 660 4214 303 
63 85 26 60 660 6295 268 
20 55 70 63 951 9450 936 
57 59 54 33 571 3750 598 
71 35 52 93 2699 7844 726 
27 62 27 85 4456 7943 940 
28 66 42 89 3535 7081 461 
40 35 92 96 4690 12455 431 
85 35 90 82 732 3262 565 
60 94 48 39 6723 11617 713 
67 39 20 60 250 9514 227 
40 83 85 23 2246 5084 301 
46 93 61 49 5318 12492 798 
60 45 79 59 6042 8366 658 
38 91 56 56 4385 11635 853 
91 61 66 50 2295 4907 336 
37 63 58 68 2884 12354 932 
76 76 92 69 4794 7596 521 
96 79 20 68 7338 12240 292 
87 42 47 23 6694 12015 832 
64 50 80 56 4566 9140 234 
70 26 50 20 377 1771 499 
89 86 84 25 621 4507 373 
22 35 98 98 3994 4513 655 
21 42 70 29 1350 6103 590 
74 88 100 27 5289 10580 192 
93 75 53 94 7340 8591 837 
33 43 45 32 7396 7852 691 
51 62 50 66 6822 10074 910 
50 53 93 45 3286 10478 175 
96 86 100 60 3618 7032 266 
46 81 43 50 4040 7895 446 
58 86 93 28 682 6717 530 
38 65 76 41 7235 11203 901 
92 82 90 64 4912 9533 971 
91 44 72 60 3462 9185 621 
34 23 34 48 2845 6941 913 
100 78 74 88 3474 8973 282 
63 81 77 87 3620 6535 736 
20 61 58 43 4373 6402 885 
73 81 57 31 3593 8842 679 
30 61 70 77 3430 5619 971 
48 60 33 47 140 8482 988 
21 60 35 63 6274 9502 865 
56 53 95 100 5875 9448 296 
77 84 28 46 1567 5883 548 
74 82 71 88 6655 9932 682 
20 23 89 47 3687 4278 530 
81 39 74 48 1663 6155 436 
55 63 87 28 1913 10301 784 
86 75 97 82 5445 5949 487 
61 30 67 26 3093 9534 920 
39 80 34 34 6339 11959 309 
28 56 92 24 4759 5811 517 
68 88 52 79 3726 9181 565 
83 52 90 44 638 1492 266 
70 74 62 67 1484 5734 150 
75 88 91 47 1051 8889 633 
33 40 73 94 2882 11270 529 
67 42 84 30 6656 7004 377 
20 22 78 82 6595 11157 851 
20 61 58 83 3381 11910 976 
41 25 31 35 5857 8103 631 
30 57 43 65 4334 6877 322 
57 55 83 71 2140 7007 685 
75 47 77 67 390 683 172 
46 63 69 35 1525 2423 485 
66 99 37 78 1165 10628 816 
50 42 27 95 5139 9894 771 
91 51 43 98 6963 12093 697 
78 43 55 97 6641 10028 126 
79 24 22 100 5520 7229 752 
22 79 53 32 7247 8034 979 
70 67 78 96 2692 12038 317 
76 35 35 51 2934 3430 737 
44 60 46 85 1650 3636 497 
33 33 40 35 4433 7736 870 
46 43 73 66 2841 6455 372 
95 84 27 35 4543 7600 629 
48 95 78 84 3962 6683 531 
25 86 90 66 2093 3226 385 
71 100 38 66 2261 7898 656 
58 45 20 83 3875 5246 498 
23 25 94 52 56 9219 299 
97 100 67 27 5087 8847 853 
66 95 99 84 2818 8934 377 
30 72 43 78 4800 11719 988 
90 82 49 55 170 3473 952 
32 43 76 99 5605 10763 140 
60 59 59 46 675 8122 815 
35 74 41 78 1990 8773 765 
89 85 35 98 4487 12355 541 
73 63 44 54 552 8174 644 
22 62 89 37 1572 10998 191 
71 71 28 75 4749 7186 423 
75 77 74 43 2828 4250 549 
89 42 98 72 1713 9760 583 
69 35 70 29 3075 8563 389 
44 22 26 25 3663 9763 271 
23 95 32 70 1369 6921 838 
26 60 56 50 4589 5472 564 
95 42 24 28 412 3363 131 
57 99 100 76 7113 9721 926 
32 86 56 88 2612 10744 551 
29 73 95 37 3368 8227 295 
62 49 88 73 5913 12464 792 
22 61 22 31 7007 8964 246 
82 92 48 25 572 11130 544 
46 20 75 77 5572 10890 148 
68 93 24 43 4560 10749 407 
98 56 69 26 4499 8617 104 
57 29 83 24 5420 8078 536 
27 48 90 60 5446 10182 996 
34 32 98 20 1713 4502 223 
49 30 65 87 2291 8210 787 
71 75 60 82 6854 11021 657 
32 80 33 76 2686 9584 407 
77 48 90 92 1374 2550 730 
68 63 29 39 4770 9194 432 
27 86 24 68 6498 10908 956 
99 21 47 27 3066 10573 104 
61 46 92 21 6158 6832 317 
67 31 49 71 5040 8471 122 
77 26 24 42 7433 7902 353 
57 70 80 61 4948 6056 335 
36 26 23 93 6976 10145 903 
90 73 77 30 2832 3905 194 
93 26 22 27 570 7460 927 
60 89 23 68 4358 8779 558 
63 64 26 66 2599 3975 854 
54 53 22 37 4578 9051 354 
86 21 90 84 3475 9856 865 
58 77 52 30 6288 6740 356 
57 78 94 65 3326 9840 920 
48 30 70 65 4348 5250 301 
89 100 47 83 493 9466 344 
62 60 74 57 5209 8385 770 
66 60 70 33 571 9901 598 
24 64 75 21 3550 11844 379 
55 45 52 95 2997 11266 176 
63 26 59 22 4895 10840 667 
63 90 26 63 6821 9315 196 
26 72 79 76 1865 6716 747 
62 58 99 80 4843 8400 533 
51 43 67 65 809 8384 221 
64 97 78 79 6784 7853 288 
63 83 58 20 4674 9055 286 
60 23 60 99 5275 11772 432 
62 100 49 39 2534 11967 712 
29 23 55 65 3273 6123 941 
27 97 72 81 1876 11263 710 
99 87 27 43 6857 9474 517 
38 81 85 22 6027 9531 298 
96 33 90 24 1748 11148 991 
32 23 48 92 4669 11239 664 
98 72 87 26 4348 10004 550 
68 26 22 68 859 3291 571 
61 72 43 87 3228 4591 441 
100 81 39 57 4816 5925 418 
89 20 32 49 6652 12126 546 
78 27 77 83 3810 8935 353 
38 33 63 84 2022 5495 179 
65 39 64 22 5014 7079 845 
29 38 37 42 461 2264 158 
45 28 97 68 7161 10172 320 
22 99 61 61 3564 4967 929 
52 54 97 71 4833 9022 678 
44 94 97 29 2176 10256 408 
49 64 95 67 5168 10758 388 
69 81 33 48 3705 11869 923 
74 96 38 30 2869 9276 448 
33 59 73 46 6801 10140 553 
87 23 30 52 6582 9182 988 
63 84 50 71 2956 4846 162 
62 35 41 31 3316 10012 925 
32 49 35 68 4517 11176 776 
95 42 40 22 1070 9279 983 
85 78 85 84 7375 11022 318 
23 95 95 96 4372 6898 976 
72 47 27 51 7492 7886 325 
55 37 81 54 6027 11139 751 
54 86 45 57 2102 3969 989 
82 78 22 48 7085 10549 140 
24 32 21 61 4395 4771 198 
32 61 34 69 2122 6746 454 
67 38 83 98 5723 11786 975 
36 59 53 31 2771 4062 326 
36 60 26 46 4322 6411 984 
42 80 57 88 4400 7856 428 
27 55 31 95 485 12461 986 
76 58 97 84 2389 10107 339 
71 52 65 91 6776 8084 933 
30 55 25 25 5204 9976 976 
55 27 49 76 2290 11295 570 
70 23 73 64 6029 8000 940 
94 23 51 58 4128 6165 578 
83 91 55 41 2859 3800 817 
61 52 82 92 5077 9953 150 
92 24 56 38 2286 3383 395 
97 72 62 38 1900 4413 324 
56 50 79 81 1387 9589 908 
96 29 90 44 5974 10519 932 
40 63 86 80 916 4474 532 
77 65 47 73 5472 10319 467 
33 94 45 87 172 2905 518 
93 54 51 76 402 5320 495 
98 80 55 51 5322 11559 778 
73 64 47 42 5926 6680 681 
54 26 100 29 5869 6577 912 
83 92 94 73 5902 8180 608 
97 59 81 28 1898 10737 879 
45 36 51 77 94 4735 459 
90 29 91 74 2614 6966 627 
47 84 55 31 7411 11032 104 
52 45 26 68 5754 7862 940 
47 41 69 97 2231 9640 951 
28 48 40 86 1759 12119 204 
89 33 31 53 6631 10341 791 
