200
95 24 27 31 1683 2844 657 
57 20 65 82 2161 3400 744 
44 41 82 64 867 3674 655 
36 60 53 80 2957 3918 942 
25 38 42 71 1551 2659 888 
28 95 62 39 2912 4338 986 
76 63 45 39 2361 3244 989 
59 23 21 41 520 2291 748 
32 55 57 76 1343 2544 153 
33 91 69 37 599 3047 301 
80 68 61 52 1903 4278 245 
85 73 71 92 274 1815 516 
52 98 31 94 1844 4232 790 
25 45 97 99 2288 3540 871 
88 73 33 40 791 1319 835 
25 22 83 25 1501 3512 783 
71 39 38 35 2403 3059 683 
93 46 79 75 187 3015 365 
51 65 81 63 1153 4377 466 
22 99 26 28 2970 4737 504 
34 64 94 30 1950 4689 763 
86 90 48 22 315 1983 739 
35 71 91 45 1735 2808 457 
75 47 43 70 2504 3713 868 
22 49 74 91 2207 4962 368 
38 83 25 58 2748 4149 625 
73 78 20 78 1889 2317 366 
71 60 83 94 451 4860 878 
39 68 56 43 2787 3994 465 
65 64 67 76 477 843 298 
64 90 92 86 2713 3936 479 
69 33 51 75 2588 4352 995 
43 69 100 89 988 3184 127 
44 88 85 53 1729 3946 976 
61 100 76 87 965 2049 440 
69 53 27 38 2134 4890 982 
57 49 35 41 2145 2981 343 
89 93 67 73 496 969 293 
84 92 57 42 1321 2824 350 
95 41 85 72 261 860 848 
70 97 46 75 2972 3508 543 
98 62 99 24 991 3005 311 
81 99 65 55 717 1569 468 
39 81 86 25 666 2237 837 
27 46 67 83 2495 4592 181 
70 91 64 44 381 2188 609 
34 27 58 89 2282 4748 327 
35 79 20 75 1532 1803 151 
53 63 64 37 1736 2345 455 
24 39 39 51 2833 3380 585 
77 84 100 45 1088 1705 815 
81 54 48 69 2009 3244 536 
23 54 25 100 435 3441 524 
89 20 97 67 1757 2907 633 
58 90 61 63 2705 4430 467 
80 76 63 54 622 2605 667 
66 83 34 68 1170 4904 820 
44 49 45 48 1974 3461 449 
34 24 20 67 2116 2797 493 
61 26 39 27 2442 3275 686 
68 93 28 88 1937 3781 942 
34 62 71 42 2889 4326 710 
20 100 33 30 835 4178 677 
100 34 58 49 1405 1977 589 
100 31 80 42 1371 3030 915 
22 89 59 57 1868 3969 709 
94 61 65 93 2000 2826 244 
32 38 68 97 1623 2023 716 
93 85 77 96 2417 4007 195 
53 42 100 24 2736 4141 635 
86 38 84 89 1392 3683 762 
60 95 71 47 2861 3993 290 
58 36 63 52 1709 3094 411 
71 43 43 49 1605 3460 650 
32 61 24 24 1978 3273 853 
40 48 75 24 1845 3843 739 
31 60 60 29 2656 4515 602 
49 57 54 44 29 4500 369 
97 55 97 50 2539 3882 261 
29 23 68 98 2210 4787 312 
86 90 24 35 1266 2358 970 
42 87 75 54 571 4667 544 
52 63 29 33 2265 3581 263 
77 25 52 23 1609 4032 856 
89 55 70 90 2337 3295 658 
93 36 62 100 1081 1755 763 
80 57 49 61 1295 3458 606 
20 83 58 78 185 4070 269 
83 91 99 41 1819 3228 814 
41 62 52 99 503 1781 185 
75 56 72 86 806 2455 124 
28 94 95 92 2334 4775 428 
46 62 64 48 2125 4157 560 
74 54 65 26 2515 4919 291 
61 63 93 86 2236 4990 508 
31 63 91 31 1405 3953 735 
27 40 95 78 2901 3364 654 
75 68 60 52 1076 3783 773 
32 56 43 97 843 1808 471 
96 34 41 30 366 2264 304 
86 31 45 99 2951 4806 763 
80 47 34 59 2281 2765 216 
99 74 98 29 85 4329 560 
98 46 29 66 1617 2692 526 
42 27 99 77 1381 4011 702 
85 77 39 42 2750 3090 778 
86 84 59 41 231 2987 445 
95 32 56 24 1404 3689 356 
37 36 37 63 2795 4832 311 
21 61 63 23 397 3087 201 
81 45 81 57 154 2690 709 
78 39 60 81 257 1239 354 
75 41 96 33 255 3815 896 
77 71 49 100 2357 2997 806 
90 50 89 39 812 3340 630 
33 56 30 22 298 461 705 
25 26 23 81 1837 4736 611 
33 54 34 63 1686 2314 274 
54 70 79 44 1060 4163 649 
73 67 49 94 963 2408 259 
80 24 88 49 179 1228 757 
28 39 70 86 2179 4825 106 
52 79 71 57 2910 4167 662 
27 37 65 73 798 2361 633 
93 94 79 54 792 3779 352 
23 30 98 24 2201 2950 484 
92 85 78 47 2592 4616 748 
54 84 79 91 967 1409 513 
85 89 78 53 1416 2399 269 
100 39 62 31 1781 3699 735 
62 28 72 61 860 3167 371 
91 47 93 81 2039 3803 772 
94 84 97 31 2121 3856 992 
30 98 61 35 574 4689 284 
82 79 91 65 1037 1841 697 
29 46 77 41 2988 4209 891 
66 97 76 45 533 2449 290 
31 42 44 50 688 1608 933 
30 85 48 55 1112 3712 111 
50 51 33 42 1391 4546 280 
33 35 71 71 1933 4434 148 
98 90 85 41 2386 4468 982 
50 65 37 76 1951 2921 312 
32 26 78 32 1210 1506 539 
26 72 35 24 216 2684 822 
95 90 79 21 1872 2440 648 
22 34 76 73 1468 4702 208 
96 56 74 49 460 1495 368 
96 49 65 67 2383 3859 609 
23 24 30 62 2695 4407 252 
52 50 80 61 2718 3947 881 
78 72 87 20 2760 5000 623 
65 29 32 49 2987 4917 912 
32 81 77 35 1970 3441 930 
99 88 54 89 1908 4556 690 
37 91 92 88 2252 4489 749 
23 29 69 79 2358 3072 910 
70 71 62 52 2292 4623 941 
96 76 23 38 1239 3525 755 
58 47 97 38 1916 2633 248 
34 21 60 54 2827 3474 811 
85 70 43 53 2200 4102 448 
84 42 85 55 1832 4840 992 
42 74 94 79 347 1238 228 
93 81 48 20 1348 2674 566 
49 45 67 92 838 2707 270 
66 41 61 30 994 3246 783 
68 55 39 59 1525 3888 731 
39 52 34 48 2150 4374 223 
78 98 81 73 2098 4627 767 
62 59 23 28 1320 2982 491 
28 47 100 38 1567 3432 556 
39 71 87 77 539 2338 987 
65 89 49 22 2196 2897 211 
42 34 100 80 2308 3506 707 
64 86 73 100 2509 2833 242 
44 89 90 23 2106 3854 317 
75 20 66 63 1629 3159 535 
70 75 32 68 883 3811 593 
72 51 76 56 739 1901 976 
49 71 43 98 2834 3694 907 
37 44 37 60 2551 4255 464 
54 21 53 71 280 2330 235 
39 46 26 35 2396 4805 773 
38 26 76 39 2795 4554 592 
51 61 94 24 2601 4190 185 
66 92 90 34 773 3930 136 
77 89 23 36 2408 3206 427 
32 62 31 89 570 1912 192 
78 42 68 98 517 1070 760 
35 75 58 59 430 4050 581 
64 30 60 26 1486 4515 640 
33 41 64 71 523 3803 112 
42 62 82 63 1790 2360 353 
74 85 69 43 1403 2108 511 
31 27 45 80 1786 2689 616 
36 46 80 56 501 1330 598 
66 55 47 26 2926 3657 972 
87 22 20 50 536 4170 600 
45 89 40 57 1882 3735 217 
