150
61 59 40 29 113 339 5
57 42 46 21 136 393 9
3 68 19 7 17 47 1
5 51 3 27 26 69 9
45 69 36 48 89 98 7
15 72 52 24 147 192 7
17 66 37 69 89 236 8
28 60 55 27 73 124 2
27 7 70 10 1 2 2
31 46 66 41 134 208 3
62 35 40 70 40 57 9
75 1 58 17 77 194 8
63 47 16 68 53 111 9
29 12 33 63 119 272 4
51 43 12 74 79 199 9
58 53 32 16 75 120 2
12 38 37 35 56 63 6
68 1 58 32 61 121 2
66 74 18 39 31 86 3
23 56 7 52 133 292 6
72 26 63 11 9 21 6
55 54 73 64 88 246 6
75 12 24 66 122 248 5
73 58 54 50 16 22 4
53 7 8 63 25 40 9
51 61 8 8 104 241 8
7 41 52 35 41 122 10
55 54 18 64 134 334 2
7 49 13 40 15 27 5
46 3 14 69 54 144 7
10 38 46 42 143 317 6
47 74 68 26 125 292 7
64 29 40 6 91 132 4
45 26 23 26 29 32 8
22 15 63 16 40 75 2
4 61 28 11 28 62 3
34 26 28 23 114 241 8
48 30 32 38 77 196 8
24 14 74 17 102 287 3
9 8 18 49 55 119 1
19 75 35 66 106 312 4
18 32 37 10 123 218 7
64 39 39 16 138 306 5
71 67 60 47 136 315 6
21 49 68 66 18 31 6
54 3 58 73 142 334 6
8 22 71 3 110 119 5
73 69 3 41 102 216 2
44 25 8 17 71 174 8
64 32 37 9 119 296 3
40 54 29 46 87 165 10
4 71 29 7 36 47 4
70 68 3 15 132 338 9
30 72 53 49 146 197 9
25 30 49 3 99 160 2
39 48 27 20 47 92 1
74 61 4 68 145 432 9
11 19 6 51 100 257 4
47 44 17 44 134 367 4
75 6 21 62 100 277 5
55 9 43 57 143 188 1
42 1 32 75 87 223 9
27 52 36 39 56 115 1
20 7 33 39 63 177 2
59 62 15 29 107 154 10
60 54 54 69 108 244 3
51 28 3 45 141 184 1
10 34 67 65 71 168 1
43 71 75 60 57 72 4
71 67 13 71 57 60 3
63 36 32 62 119 122 10
66 57 2 1 65 100 8
41 6 10 69 84 182 6
45 8 19 26 78 176 4
55 7 69 6 113 300 8
6 58 70 24 4 4 10
67 10 9 62 58 64 7
65 28 21 34 55 107 8
1 11 68 13 27 56 1
32 64 62 27 70 146 5
18 34 70 28 14 20 8
29 47 65 67 125 153 1
14 51 73 2 19 31 9
23 63 13 41 2 3 1
50 70 52 33 129 378 2
7 28 11 54 117 122 1
21 31 33 41 71 186 7
5 43 68 33 101 208 8
32 5 45 48 29 61 6
1 47 13 18 23 44 5
1 18 39 39 106 195 6
43 2 8 61 122 200 5
29 4 51 72 52 54 8
61 19 44 25 109 153 6
68 42 17 19 101 208 6
9 3 1 53 77 229 7
20 50 64 48 97 243 3
60 14 74 37 4 6 7
67 14 19 63 94 277 8
2 26 63 65 45 71 7
43 39 29 39 71 94 9
60 68 57 25 113 332 8
35 68 7 14 146 293 7
24 1 28 20 89 177 5
43 48 70 50 126 207 5
2 24 71 71 129 386 9
28 40 59 38 62 94 4
29 57 71 46 24 43 4
29 53 61 29 56 94 9
23 35 57 41 142 403 6
73 71 2 56 46 113 1
18 22 68 53 150 268 6
21 61 20 60 74 197 5
8 41 69 15 103 251 1
44 56 30 19 130 217 8
70 18 31 35 129 244 9
37 36 73 64 82 139 4
17 35 69 18 48 101 3
5 32 17 7 11 29 10
55 69 27 34 78 233 8
38 19 54 62 39 67 9
29 29 64 36 147 187 6
14 30 15 28 45 96 10
1 66 62 65 110 275 5
9 52 24 8 37 82 5
62 13 61 25 54 112 9
35 48 71 14 127 268 6
71 19 23 29 64 66 3
55 21 33 28 101 107 8
43 36 30 15 65 156 5
34 11 53 45 86 137 1
23 25 54 69 61 80 6
75 68 59 44 150 375 2
2 38 23 13 69 78 5
30 63 32 47 147 363 3
32 65 49 71 103 258 5
30 56 51 17 147 346 9
68 48 48 57 134 168 4
44 35 53 32 150 242 6
34 61 54 16 37 98 8
20 55 73 40 54 144 5
45 62 29 26 130 143 7
10 25 56 69 60 127 4
48 51 72 40 62 156 7
61 2 20 31 125 345 4
16 15 66 13 62 144 8
27 38 7 53 26 27 7
61 29 24 58 135 199 7
74 62 63 67 12 16 10
61 24 15 74 45 99 3
