450
15 15 20 14 802 1243 7
8 17 10 15 166 1224 4
19 11 15 10 670 729 12
15 5 11 8 368 1495 15
19 20 19 18 146 291 8
16 7 5 7 758 1452 11
17 14 5 7 265 1042 2
15 14 19 9 219 1224 13
17 5 20 10 98 946 1
13 9 15 10 624 1420 15
19 16 7 20 222 1434 4
13 9 5 17 307 577 8
9 20 20 9 317 395 7
14 8 18 18 231 931 11
6 10 5 15 246 1505 1
11 19 12 14 514 881 6
8 10 13 16 448 734 15
19 9 19 20 460 1327 8
14 10 16 6 80 934 15
18 10 9 17 743 1695 1
6 10 13 13 645 689 11
8 6 16 14 454 506 5
9 10 14 19 489 678 15
17 20 6 20 851 1030 12
12 16 18 10 474 534 9
11 17 15 13 871 1369 3
15 8 6 6 641 677 4
5 18 10 20 870 1738 6
13 13 12 14 840 905 4
10 15 11 18 743 1471 12
11 19 11 12 632 1441 9
7 10 17 10 827 1179 6
5 15 20 7 7 226 1
15 6 6 8 296 377 6
17 9 6 16 9 370 15
18 8 5 13 353 1583 15
8 11 10 19 632 1417 11
15 9 5 17 643 1692 14
7 6 19 12 717 767 7
14 14 17 7 275 905 5
14 16 7 5 737 782 8
20 10 17 18 374 921 9
6 14 18 13 662 727 10
12 20 18 18 865 941 7
17 15 18 10 826 1367 1
12 6 6 17 691 743 4
15 16 5 10 890 1468 11
7 13 14 7 459 1760 14
11 13 17 15 841 910 7
13 14 15 11 515 1265 10
15 12 9 8 68 486 4
18 16 8 7 323 653 4
14 17 17 16 158 691 11
19 13 11 5 638 1137 6
10 10 13 9 483 934 7
13 17 16 17 264 1211 7
13 10 20 11 268 468 6
19 20 11 7 670 1360 15
13 20 19 16 876 963 5
17 13 5 10 270 646 3
5 11 6 19 15 1595 1
15 12 13 12 749 803 15
7 16 14 13 656 1273 6
18 14 14 10 181 474 9
9 14 5 5 773 1369 13
7 10 10 13 343 788 11
18 10 20 8 783 846 10
6 13 15 12 873 933 6
13 7 6 13 510 1617 2
10 7 16 20 50 1710 4
15 10 14 17 877 1252 1
20 16 10 10 301 1274 10
13 17 18 10 756 879 12
17 19 11 11 580 1200 4
17 17 11 19 499 1453 6
14 11 6 20 145 507 11
6 5 8 16 817 854 1
11 12 17 14 75 1736 13
12 15 11 19 269 328 1
14 10 18 6 870 930 15
18 14 5 11 440 693 15
7 12 18 8 17 1187 3
13 9 12 8 4 1450 7
8 15 7 9 345 1547 11
18 9 9 7 274 413 15
11 10 18 16 661 1106 6
14 6 19 10 516 571 6
5 12 15 5 455 735 11
16 19 8 14 335 1494 7
17 15 6 12 527 1771 5
11 12 19 14 89 686 6
11 5 11 15 515 567 13
9 17 18 7 449 505 6
19 14 18 17 302 686 5
11 5 18 18 369 801 6
19 15 8 8 604 1777 3
10 11 19 11 767 888 4
16 12 19 17 73 347 9
10 13 12 5 174 402 11
17 18 19 8 259 321 15
15 15 8 16 427 1307 10
6 10 7 5 391 704 13
15 15 6 17 474 1586 14
10 18 20 11 247 320 12
14 17 14 8 298 1234 10
11 13 9 7 665 1259 4
16 20 7 5 659 720 1
10 16 14 19 407 646 5
18 17 18 19 748 843 10
9 5 16 18 452 1260 12
6 16 9 5 119 985 4
9 9 17 8 114 1615 2
5 18 13 20 594 670 9
19 12 5 14 690 1352 12
8 10 17 8 418 476 13
10 8 15 15 558 624 3
10 9 13 11 658 1753 1
18 8 10 18 261 327 8
5 10 7 8 581 1535 12
8 9 14 5 70 284 13
7 9 15 7 817 857 1
19 11 17 7 401 1173 8
13 16 5 9 320 1389 15
11 9 14 5 246 613 9
16 8 16 17 454 590 6
13 12 19 8 524 703 3
17 5 13 13 194 255 5
11 13 13 15 207 1477 15
7 9 7 6 751 1760 1
11 6 13 19 334 662 10
9 7 10 18 872 1072 8
7 8 7 20 739 972 8
9 5 12 19 284 718 3
11 17 19 5 792 1238 7
9 9 16 14 241 1124 3
7 20 10 16 333 1645 6
10 7 17 19 196 1302 5
16 12 18 16 809 887 12
9 20 8 16 241 305 5
20 15 5 8 833 881 13
7 11 13 19 685 1777 12
9 18 6 11 408 1623 15
19 7 5 10 280 564 5
5 8 5 17 63 161 13
15 10 11 5 729 1266 13
13 10 9 20 401 1738 3
16 16 17 10 896 959 1
6 8 11 16 438 685 10
13 18 12 16 172 1687 3
19 18 20 11 717 1783 9
13 12 12 13 624 694 10
13 11 6 6 862 915 15
20 6 14 7 212 866 4
10 15 17 15 678 817 11
16 8 5 8 561 821 12
16 13 13 11 118 1222 14
5 15 18 18 166 1461 5
17 17 11 8 318 440 15
9 10 17 19 504 576 7
10 16 14 18 514 1464 6
15 16 15 17 350 755 1
9 6 13 11 769 1707 15
6 8 7 11 217 1537 15
9 16 18 7 7 1050 13
14 6 6 18 454 797 15
16 13 14 17 484 559 7
12 18 7 13 566 632 8
6 19 17 15 765 827 10
6 11 11 12 526 970 15
18 16 18 15 17 1462 7
19 12 9 19 277 413 10
8 14 8 11 853 897 4
6 17 14 13 330 900 9
19 7 9 14 422 480 10
7 15 18 13 80 1210 3
6 15 10 12 715 770 15
8 20 9 20 763 1251 4
5 12 9 15 704 762 6
6 20 17 15 803 872 12
20 12 8 13 875 1692 12
18 7 12 11 351 612 8
18 17 6 15 731 1468 15
18 5 19 18 640 706 9
19 14 15 12 585 986 12
14 17 5 6 463 1122 11
15 19 11 7 644 1497 3
14 15 17 10 719 776 4
8 7 9 10 247 1257 6
17 17 19 20 873 996 7
12 7 16 5 720 777 11
8 17 18 13 44 105 9
9 12 16 13 637 690 1
9 19 20 8 629 686 1
6 18 10 12 359 1704 11
11 16 13 18 456 527 3
9 11 10 13 18 334 5
15 7 6 11 106 171 1
17 8 15 7 517 1514 9
7 17 19 18 417 733 10
17 11 12 8 356 927 4
19 18 17 16 695 766 8
11 9 12 15 425 1194 9
6 7 5 16 148 591 13
9 14 5 7 101 184 12
5 18 11 5 39 990 1
15 10 5 19 485 553 8
5 15 17 10 501 1450 7
10 19 17 11 419 987 10
7 18 15 7 475 533 10
20 16 13 15 402 982 5
19 20 12 16 799 869 15
16 5 7 9 118 180 9
6 10 16 15 884 1514 12
14 13 19 13 401 593 8
16 6 7 15 889 944 4
9 15 16 20 858 961 12
8 19 8 7 178 1692 3
20 14 20 13 709 1725 6
13 7 15 17 673 1512 10
9 15 14 14 469 525 8
13 14 8 9 678 737 5
16 5 7 10 726 1782 12
12 6 10 15 210 861 12
16 10 7 18 478 1253 8
9 7 18 14 187 303 13
15 14 13 12 533 955 5
9 8 18 8 454 1180 4
14 6 19 5 586 635 15
14 9 10 7 1 1428 6
11 8 16 11 628 676 3
12 9 11 19 678 1683 14
9 7 8 6 511 884 2
16 5 8 20 71 1144 14
5 7 10 19 856 917 7
12 8 14 7 864 1220 2
16 13 6 8 323 582 1
12 19 8 13 237 958 7
19 14 14 15 621 1063 5
14 10 5 18 870 923 11
5 16 13 10 816 868 9
7 14 20 13 516 1668 9
17 16 14 20 458 592 5
8 18 7 13 588 1436 7
7 11 9 6 674 720 3
17 10 20 13 381 1558 13
19 14 17 17 898 1724 12
16 6 7 16 737 792 3
8 9 20 14 180 384 6
7 10 19 17 147 956 6
12 10 13 16 41 1734 1
7 20 17 17 665 1738 15
14 12 10 10 617 679 4
6 7 20 6 426 1767 9
7 13 18 5 274 862 14
13 9 7 7 476 1042 12
16 15 8 14 885 949 14
19 16 7 12 70 216 1
16 11 19 10 424 1490 2
19 5 11 13 25 1338 2
20 9 19 16 459 648 1
7 15 17 14 484 544 5
11 13 10 18 42 334 2
9 8 6 10 638 1689 11
13 11 10 7 844 899 14
18 8 14 5 575 637 9
14 20 5 16 452 1392 9
10 13 11 8 411 744 13
12 13 18 17 676 1570 7
6 17 12 10 813 1158 4
16 5 5 7 76 1276 7
6 20 16 7 759 827 14
16 9 8 16 345 1256 4
19 13 6 10 521 1247 14
6 6 6 12 359 914 12
15 10 12 16 858 927 9
16 18 11 14 828 1361 6
9 13 16 5 759 1298 8
8 14 14 16 773 1622 4
10 20 14 10 145 1238 1
11 10 19 20 807 879 6
19 15 16 10 61 1435 7
5 6 17 18 49 1006 8
8 14 5 10 707 750 4
20 18 18 11 589 1651 2
16 18 8 7 860 926 12
16 15 6 16 212 1479 13
13 14 6 13 334 801 5
11 8 13 8 254 299 1
13 13 16 12 270 476 1
10 5 16 17 408 1030 10
15 15 9 5 47 986 4
5 9 7 5 95 394 13
19 19 8 11 376 1442 11
5 12 6 14 737 788 9
16 9 9 18 388 1668 7
7 12 12 7 696 1086 2
20 5 9 10 405 1607 1
20 14 11 17 236 435 11
10 19 17 10 542 750 7
6 8 14 15 152 1601 14
12 11 16 6 431 1278 2
19 19 6 17 138 663 7
9 20 10 18 99 173 13
18 10 5 7 428 572 9
14 12 6 9 233 480 8
14 11 6 19 414 472 5
12 9 8 5 169 1246 2
5 14 17 20 38 241 13
18 15 14 11 897 1786 12
15 12 15 11 510 695 6
12 20 16 16 476 1716 8
6 12 17 10 725 790 11
11 5 8 7 314 965 2
16 9 8 7 765 1774 7
17 5 15 20 513 578 13
18 12 5 7 224 1752 11
13 17 6 16 558 710 9
14 7 16 18 771 842 6
11 14 8 6 260 1412 7
10 20 20 17 270 346 11
14 11 11 19 515 1775 14
19 10 5 5 460 900 13
15 7 15 5 342 714 8
15 20 8 9 106 1016 15
16 6 15 5 690 1498 7
13 10 19 9 229 1212 12
17 5 11 16 316 843 8
10 5 13 20 144 1389 14
16 20 8 14 81 249 7
14 9 16 13 725 1720 8
8 8 17 11 267 848 14
10 14 20 10 649 1172 4
17 15 18 10 117 787 1
18 16 7 8 170 1774 5
19 8 15 19 78 1466 14
11 6 13 12 897 973 9
19 14 10 15 602 1404 10
6 17 11 14 3 1619 4
19 12 20 16 43 1174 13
14 20 14 19 698 1655 11
9 6 8 15 499 828 9
16 7 19 9 331 652 12
15 5 18 14 529 596 10
6 13 5 15 587 683 11
9 7 10 6 631 1342 13
17 20 6 6 591 1506 11
7 17 8 20 193 1004 8
6 17 20 16 222 1380 4
13 14 14 8 93 1485 10
15 19 13 13 843 915 3
14 17 20 16 652 720 14
14 12 14 8 8 76 1
11 7 18 9 586 1121 11
20 7 10 8 799 864 13
13 6 8 5 723 762 8
11 8 15 15 374 1085 7
18 19 10 14 516 821 2
9 18 11 11 341 1455 1
12 11 15 12 211 667 8
9 14 20 12 356 1427 4
5 11 9 8 467 638 7
8 16 17 18 730 789 8
11 10 18 15 447 505 4
13 9 16 20 10 593 9
14 6 11 18 91 795 3
6 14 17 16 873 1414 8
14 5 9 10 143 1042 15
11 15 17 14 177 378 6
11 12 18 14 148 631 8
14 14 15 6 471 1677 11
6 9 20 14 639 695 4
6 8 15 13 296 1653 6
20 5 8 13 813 865 3
13 8 15 16 612 1450 4
10 18 12 9 255 1114 1
19 20 9 5 139 206 6
18 19 9 13 136 1216 7
14 5 20 12 529 583 11
19 13 10 17 244 419 13
6 18 17 20 812 909 9
14 12 17 5 76 407 2
19 9 19 18 301 836 6
16 10 15 11 354 1755 14
10 14 10 5 26 84 15
12 7 9 15 730 881 8
9 10 12 16 589 705 11
17 5 16 13 523 588 13
14 14 13 7 790 1688 12
5 11 16 19 600 653 2
8 15 16 18 810 870 6
6 10 18 20 536 631 7
6 6 5 10 438 957 13
9 10 6 8 91 1489 3
10 6 14 10 328 1155 15
14 15 12 9 381 663 2
7 13 7 12 247 533 4
14 6 20 10 218 357 2
19 11 14 15 445 513 3
7 13 12 13 456 717 13
14 14 8 11 408 533 10
19 10 14 5 37 647 6
14 12 14 8 636 695 3
5 17 11 19 385 1633 12
8 6 10 11 304 711 5
7 7 16 20 459 1166 4
17 14 20 8 21 728 2
8 10 8 6 536 575 9
16 12 15 11 770 1224 8
6 14 11 8 236 1727 11
20 17 19 17 511 588 15
18 16 16 6 192 1116 6
9 7 18 8 92 548 11
10 14 7 5 39 1125 4
8 14 8 19 481 1095 10
6 12 6 8 399 432 15
17 16 18 5 212 635 3
12 19 12 16 246 309 3
15 10 5 14 154 628 11
14 20 5 6 697 1516 13
10 16 11 17 244 1386 7
6 19 5 10 862 969 9
18 17 5 16 762 1187 10
7 5 13 16 380 1401 12
7 11 12 10 79 1490 14
6 11 19 8 690 1732 14
17 13 20 17 834 912 3
10 11 9 19 683 867 11
17 17 19 18 34 114 11
18 16 15 13 143 1159 5
15 9 9 15 589 873 12
9 8 18 10 135 1375 9
19 5 20 8 802 1549 5
7 14 18 6 582 1641 8
15 7 11 17 21 1594 3
8 12 5 7 512 549 10
19 5 20 6 466 1798 1
7 6 12 11 347 1067 4
6 16 14 11 704 752 9
9 6 6 12 18 1561 15
12 9 19 9 823 877 5
5 18 17 5 165 1343 10
9 16 11 5 200 947 15
13 16 18 9 5 1611 12
13 6 5 10 84 1677 10
19 19 5 6 474 1138 12
11 15 9 12 551 1348 10
11 15 19 18 733 1441 9
17 14 14 5 4 1563 14
15 11 14 17 825 1445 8
18 12 8 5 329 1621 2
