150
73 57 79 86 645 1422 895 
49 97 70 52 537 1744 145 
41 77 88 88 886 2371 114 
81 78 60 63 802 3655 650 
84 53 34 91 770 1284 351 
44 86 20 35 80 2521 981 
50 28 88 39 1157 3691 594 
52 26 70 67 1137 1585 730 
71 85 68 60 1039 1381 815 
33 88 42 96 1379 1795 934 
34 78 70 39 206 2932 391 
64 63 47 34 1952 2902 484 
100 49 26 76 303 1955 594 
84 90 85 98 919 2342 500 
53 34 59 60 147 2934 485 
36 92 24 56 392 1881 736 
91 57 72 53 1789 2492 501 
37 24 47 24 436 1074 303 
37 22 36 58 1608 2439 978 
100 75 58 37 195 2327 690 
71 78 42 88 53 1605 700 
39 24 79 34 524 707 105 
56 48 80 23 101 2470 845 
100 34 68 67 478 3210 303 
73 49 56 98 355 712 232 
69 34 35 78 420 3407 590 
21 53 35 37 2178 3404 762 
85 32 34 100 1082 2157 900 
43 47 65 27 25 3492 208 
46 24 42 26 775 1345 306 
71 54 70 91 1938 2899 174 
53 32 22 54 739 1104 114 
36 50 90 82 1493 1851 671 
51 100 35 30 2159 2773 542 
98 44 88 84 593 3633 734 
97 49 97 63 1816 2659 284 
36 72 40 86 2145 3057 857 
61 44 78 59 2015 3123 486 
99 39 26 56 1959 2290 599 
36 96 67 50 2056 2352 161 
32 89 76 65 1586 2379 489 
51 73 42 55 770 1304 209 
56 51 48 96 985 2846 1000 
33 91 71 34 2075 3368 174 
64 98 26 89 135 997 695 
62 40 81 56 173 1108 890 
21 80 96 88 1968 3652 336 
67 47 43 25 377 2753 534 
70 42 35 25 2001 2532 793 
81 73 41 78 812 1835 169 
42 37 75 65 1993 3144 387 
90 87 49 56 2148 3229 796 
99 22 51 58 1283 2856 826 
93 70 42 32 871 3062 779 
53 55 26 52 701 2235 719 
34 91 74 42 798 2005 189 
69 28 75 61 2044 2567 714 
64 75 75 42 1998 3037 639 
87 38 81 97 1139 3206 417 
77 100 32 41 1352 1863 825 
36 33 41 58 1211 1476 527 
48 36 26 75 1181 2331 961 
82 63 43 50 1378 3029 308 
79 77 75 53 933 3536 734 
67 40 26 42 1134 1338 407 
88 68 43 74 844 1301 924 
97 52 57 87 197 2361 263 
50 67 83 20 240 600 502 
47 20 20 37 768 2576 827 
48 42 88 77 1909 3531 246 
21 94 34 88 1707 2705 786 
48 93 71 53 2199 2601 805 
90 21 70 87 753 2584 548 
72 52 86 58 1225 2241 614 
100 75 28 32 330 2834 399 
28 92 72 93 781 1751 686 
30 95 95 20 280 3230 320 
50 94 89 73 484 3610 911 
57 35 99 33 210 1171 510 
71 81 92 75 721 3128 203 
44 90 84 85 136 837 262 
85 55 33 29 61 2674 111 
86 83 93 77 1455 2194 971 
33 87 78 78 820 1431 438 
25 78 50 55 733 3060 795 
50 92 51 40 1418 1759 620 
53 92 22 55 1553 3263 674 
26 86 30 34 2002 2202 548 
44 73 78 74 958 1727 510 
33 40 80 42 49 3375 648 
60 92 44 66 1389 1995 712 
71 59 80 49 783 1871 457 
82 56 48 74 959 2254 218 
68 28 45 45 1325 1936 362 
92 100 78 23 820 3241 972 
55 81 20 96 415 1802 853 
59 47 34 54 1286 3183 186 
94 94 32 22 478 1015 157 
90 60 30 100 333 1179 491 
39 50 37 47 2018 3063 805 
32 80 29 90 342 3421 567 
46 38 96 52 532 2815 149 
34 48 78 100 1287 2254 189 
95 75 72 34 1802 3109 171 
85 35 71 79 1928 3559 145 
50 93 70 95 484 1318 109 
54 20 54 91 646 2959 568 
65 80 81 72 615 923 903 
30 97 72 27 1528 2396 942 
39 45 61 71 1804 2095 227 
86 54 55 86 4 1638 859 
46 46 27 82 2180 2712 789 
97 77 71 93 244 1299 279 
58 31 100 36 2054 3502 990 
30 31 93 78 1640 3412 690 
54 100 51 54 1617 2438 221 
94 85 23 21 266 634 983 
26 52 39 94 1853 2586 957 
41 97 93 77 1053 1670 809 
93 65 82 24 491 2616 558 
81 99 49 82 2160 2890 320 
37 65 55 60 1475 2743 355 
45 86 90 40 2160 3441 288 
92 25 86 35 1919 3331 943 
52 77 22 70 1312 3350 377 
87 70 48 88 598 1850 751 
51 90 38 83 412 2291 998 
25 63 62 72 2184 2863 671 
76 32 25 70 941 2845 304 
59 82 21 43 1229 2654 251 
53 98 69 98 878 1485 311 
34 62 32 20 1612 3302 337 
63 31 75 33 146 892 629 
89 23 64 41 406 2980 863 
33 100 78 97 1820 2422 551 
38 59 99 31 1902 2174 841 
30 32 70 74 231 3567 705 
67 88 47 38 978 1227 752 
32 51 63 85 82 3602 902 
55 30 45 34 483 2483 289 
68 25 83 86 430 2767 870 
34 92 65 64 2094 2639 468 
78 47 22 73 1285 3331 597 
60 31 67 48 211 2873 617 
62 48 77 83 1409 1724 583 
51 38 77 39 281 630 810 
49 100 69 42 47 1718 657 
69 87 80 91 2061 3072 529 
46 74 55 91 1025 3432 981 
90 64 34 99 71 1247 541 
