50
1 15 8 5 43 57 830
5 13 11 12 35 71 456
5 8 15 6 22 56 72
15 13 4 9 38 41 313
14 15 14 10 5 98 173
13 10 15 14 22 50 855
2 10 8 8 24 28 52
11 12 6 1 12 27 516
15 7 9 11 17 17 42
3 13 5 10 50 80 740
9 13 12 3 10 23 53
11 11 4 13 31 53 16
14 13 8 5 19 41 417
15 9 11 6 24 29 443
1 10 15 6 14 19 585
8 4 11 4 22 28 916
1 4 1 6 15 36 564
4 13 7 8 25 91 910
5 8 12 4 18 24 56
8 8 15 5 36 93 967
7 13 10 1 13 46 555
11 10 10 12 6 60 473
9 6 4 1 34 72 980
7 6 12 15 46 100 230
12 8 9 4 0 16 393
13 11 4 13 28 75 303
3 7 2 7 20 45 632
11 14 3 2 1 52 566
4 8 14 2 25 32 656
15 12 12 6 37 77 512
6 4 13 7 0 23 704
5 13 4 2 56 64 951
10 5 5 11 3 12 737
15 9 12 11 13 45 468
15 6 1 13 73 78 917
6 7 9 14 57 100 181
3 3 2 7 22 95 20
2 4 6 5 23 41 288
2 2 6 7 27 31 192
9 14 13 6 11 73 974
8 1 10 11 56 79 49
1 9 8 14 33 60 164
9 5 13 7 1 15 49
15 12 3 10 5 23 822
8 15 6 2 24 95 779
6 15 5 8 50 74 31
2 6 15 15 1 25 581
2 5 8 7 20 49 481
15 11 15 8 1 25 29
8 14 12 12 32 66 310