250
42 71 50 70 189 336 7
67 21 3 35 94 123 10
53 64 104 55 37 55 6
52 59 74 110 243 265 9
99 83 38 95 152 297 5
74 113 83 115 4 7 1
40 3 122 24 5 5 2
45 13 25 111 114 309 7
44 19 38 82 1 3 10
100 83 60 66 159 289 7
59 46 16 107 79 134 4
75 52 61 18 15 41 10
29 123 121 79 199 299 9
48 124 25 36 23 32 5
74 16 114 51 163 246 6
42 75 47 82 190 336 9
48 4 119 11 98 240 1
54 72 71 5 226 482 9
96 59 123 93 150 222 5
100 2 111 90 186 491 10
70 82 66 51 199 380 2
30 69 7 85 115 238 8
119 103 95 53 116 122 2
59 110 69 64 226 337 1
112 64 54 47 95 96 9
55 54 23 10 178 448 5
29 4 38 28 143 283 7
46 56 114 55 250 706 7
16 6 84 60 14 30 3
11 67 39 91 170 365 6
55 32 102 92 169 443 6
1 17 91 32 64 173 4
54 13 116 47 54 72 9
116 103 116 69 79 82 2
53 20 111 39 87 209 10
76 48 29 110 42 57 3
105 17 7 27 146 437 1
3 119 12 110 23 29 6
74 59 88 14 27 71 7
36 71 107 21 68 104 6
97 89 31 15 44 94 10
6 33 9 3 30 35 3
35 58 33 125 230 446 8
47 103 116 24 20 47 9
58 70 97 53 3 4 10
44 27 27 93 94 138 1
42 113 48 41 188 499 9
89 49 43 43 235 576 10
86 7 23 79 93 265 3
32 97 29 50 74 101 8
43 45 76 83 109 148 2
92 27 79 25 241 598 7
91 16 76 105 211 413 3
17 29 114 13 179 307 5
86 59 23 98 214 585 6
96 85 26 118 184 208 5
96 58 93 27 242 671 6
67 6 105 8 6 7 3
19 45 92 88 57 77 4
92 51 44 64 230 542 4
64 85 3 7 180 502 1
47 4 93 110 217 641 3
121 81 51 88 134 301 1
61 121 107 76 54 74 8
15 85 32 116 14 30 5
72 21 72 114 147 306 6
93 107 40 32 143 239 4
24 9 48 75 15 19 10
118 32 39 13 40 74 7
83 125 76 40 228 270 9
81 32 117 31 163 292 3
110 26 29 123 196 423 2
62 116 68 30 144 421 10
117 34 11 72 180 532 7
12 22 19 53 145 152 5
63 120 34 10 184 464 7
26 4 81 100 38 78 7
79 5 5 65 56 83 4
23 15 33 10 173 218 9
46 112 10 99 9 20 4
49 92 98 65 217 518 7
101 44 111 21 26 39 3
53 118 76 79 230 637 8
58 88 87 106 31 72 5
116 114 82 26 6 12 7
18 20 5 107 6 14 1
37 121 2 102 181 297 3
101 43 70 125 32 46 9
125 57 63 103 49 115 10
88 91 94 74 179 521 8
100 121 20 62 184 506 7
54 31 31 67 6 9 7
40 3 59 106 135 345 6
40 84 29 98 15 30 2
125 76 82 71 103 187 3
48 87 63 15 40 43 4
51 20 18 43 198 267 7
76 40 25 115 42 113 6
66 76 62 11 32 36 6
22 44 86 107 244 500 3
97 51 24 63 119 200 8
14 114 21 51 161 175 3
21 101 125 17 199 238 7
111 80 30 35 130 178 10
50 60 25 51 81 117 7
14 93 29 14 154 407 5
99 112 95 90 221 581 1
78 123 70 94 172 434 6
98 66 90 94 152 187 6
43 47 107 80 250 491 8
44 37 65 100 153 309 5
7 71 112 18 98 200 3
14 18 6 86 142 349 1
36 18 35 8 1 3 9
99 33 16 17 173 466 1
53 16 107 4 196 492 1
44 111 82 34 213 627 5
62 85 125 124 215 638 3
94 32 82 104 30 84 2
61 81 44 2 88 149 9
100 62 113 101 130 219 7
118 59 35 71 64 164 9
7 83 41 103 6 11 7
55 44 33 100 71 87 9
35 74 2 81 145 223 5
88 57 119 87 181 256 6
17 103 9 92 103 215 3
6 3 41 72 246 679 7
115 51 74 117 249 377 1
29 67 122 53 178 321 4
4 120 72 112 103 300 10
22 56 28 73 161 381 1
87 81 19 102 167 212 1
65 102 38 119 207 212 8
33 63 3 100 225 668 4
79 16 61 125 238 621 4
59 57 68 58 124 127 9
109 84 66 40 12 24 10
34 95 22 26 210 241 7
28 32 15 57 43 124 9
114 119 26 110 19 52 4
66 71 74 105 89 174 8
17 100 17 49 230 379 8
28 51 94 124 59 64 9
28 88 65 107 232 592 1
12 15 15 37 243 707 4
115 89 5 106 144 393 8
83 107 57 108 64 69 4
123 31 111 6 57 128 2
24 55 65 105 221 453 9
65 64 123 71 249 344 1
54 99 76 108 182 221 7
46 107 55 36 124 173 4
68 37 119 21 104 277 5
125 91 76 84 148 177 6
90 12 119 47 233 530 6
44 5 99 38 87 228 2
115 22 100 63 250 714 5
8 75 67 54 192 464 3
29 42 106 122 139 175 6
83 108 103 34 79 172 4
109 115 66 6 70 130 3
107 112 110 24 162 483 4
110 12 108 61 93 243 3
77 55 11 92 60 113 10
85 46 99 36 144 232 1
89 117 121 101 83 197 8
121 100 110 78 205 549 5
93 61 93 123 71 86 10
64 71 17 32 13 18 7
75 91 8 4 178 365 6
99 93 75 117 157 416 5
99 11 96 76 170 433 4
27 18 1 5 29 48 6
3 52 65 119 129 279 5
37 71 49 78 237 649 7
22 111 3 99 179 236 2
71 99 57 23 97 271 4
14 123 59 109 24 45 8
93 51 123 31 49 51 6
91 44 124 76 249 429 9
59 113 30 24 82 146 10
23 87 108 78 45 60 3
92 37 22 23 249 657 6
32 53 113 43 236 424 2
89 107 8 62 85 118 5
12 78 22 122 15 40 5
13 18 123 1 73 89 2
112 74 1 28 191 348 10
49 14 52 91 157 271 1
3 125 13 21 9 21 4
8 64 17 118 143 200 2
11 111 59 83 103 106 9
109 65 52 103 61 148 5
61 51 88 73 146 211 3
116 121 16 31 136 250 3
42 95 78 65 216 217 7
13 60 44 111 201 567 6
119 93 18 114 101 157 3
82 76 125 120 33 46 4
38 84 47 40 14 26 4
121 69 110 76 21 50 7
71 62 8 112 168 239 6
8 23 67 52 213 422 5
65 73 47 67 21 23 8
66 77 100 83 124 311 1
112 30 77 58 142 243 4
60 120 103 5 16 36 9
75 79 89 59 92 244 5
31 84 119 98 34 90 10
21 34 76 58 167 363 7
44 68 24 119 249 335 10
40 119 83 87 192 424 6
69 37 68 124 112 329 9
47 21 123 121 217 542 4
44 78 78 37 169 172 10
79 11 6 113 31 44 8
111 113 15 69 196 218 2
50 52 6 78 220 377 3
62 105 92 59 207 368 9
67 49 123 73 232 447 2
30 84 53 16 116 204 4
79 121 117 36 144 308 6
99 46 22 16 139 331 6
114 113 105 72 40 68 8
110 16 33 4 10 18 1
28 76 108 74 64 164 6
25 97 40 65 117 228 7
38 19 70 73 213 413 6
108 66 112 29 126 345 8
15 63 30 19 196 206 3
81 24 10 102 135 174 6
63 88 112 44 6 12 3
40 63 72 1 163 385 10
12 108 24 43 93 121 5
73 76 125 17 55 88 5
35 105 38 114 249 554 9
42 87 80 94 207 617 2
109 32 75 84 152 214 6
19 101 94 109 207 285 8
116 16 63 37 65 190 2
98 80 75 79 27 52 5
11 90 124 40 87 219 2
23 61 7 16 237 290 4
125 113 90 3 243 351 4
90 86 73 108 98 147 1
82 3 50 46 56 160 3
123 5 96 57 48 120 3
7 76 93 23 8 17 10
65 8 66 74 17 19 1
