300
87 55 69 96 2942 3468 347
10 43 80 60 3193 3460 395
29 10 58 71 7718 7979 274
95 42 66 41 602 887 385
98 22 90 69 969 1639 390
36 15 57 11 1065 1188 172
56 76 24 54 5604 5819 171
23 88 72 94 875 1476 397
54 15 91 70 10255 10892 268
88 52 48 40 5447 5762 172
54 94 63 41 15456 15718 329
13 22 64 51 4127 4313 203
52 71 39 85 158 633 246
60 53 59 47 8318 8734 319
34 74 36 89 6025 6367 380
66 67 64 20 7467 7821 220
22 85 42 31 12626 12868 397
83 86 39 91 6619 6946 188
58 46 28 25 10832 11595 202
65 71 53 77 8685 9423 221
96 14 92 23 1594 2186 195
45 86 51 85 223 718 292
70 97 77 35 5478 5784 378
28 53 12 72 4861 5056 217
73 51 13 32 7017 7234 328
68 92 82 57 1920 2414 208
36 80 52 27 9851 10886 311
47 62 59 19 1692 1918 161
47 93 49 58 2128 2512 274
29 65 22 93 41 320 290
59 100 68 40 5733 6130 325
16 86 47 30 3151 3508 266
55 83 76 41 8824 9595 331
31 69 48 48 9559 9816 217
93 92 43 73 279 602 292
40 11 78 10 4685 5504 224
89 66 45 59 1255 1922 377
65 33 34 73 8732 9036 247
33 34 21 30 887 1152 297
96 49 29 92 3540 4009 160
27 17 19 71 2 269 310
97 37 12 78 1432 2051 340
60 53 45 37 3375 4006 318
90 32 36 15 8561 8917 397
46 43 71 14 571 981 394
97 71 16 85 5011 5729 333
94 50 26 48 1612 2045 298
50 94 61 76 6388 6734 153
75 34 52 15 9600 9853 187
93 32 51 71 793 1124 173
43 58 35 58 1432 1892 348
37 56 19 99 2628 3260 200
88 95 90 99 731 1142 294
62 29 48 100 444 707 266
60 70 46 12 2004 2473 355
36 22 22 33 3170 3579 176
30 46 88 30 15439 15769 400
13 79 41 34 4058 4270 393
49 71 58 31 1662 2015 267
96 50 45 22 10100 10540 229
41 92 15 41 123 526 202
29 39 22 100 3539 3813 316
80 15 94 59 6045 6809 189
57 93 64 29 2030 2681 154
94 23 96 60 816 1243 387
24 65 57 23 2287 2497 203
75 30 69 45 1592 2212 308
97 69 92 45 9640 9965 164
75 28 66 28 2025 2621 261
66 81 69 93 2780 3092 178
37 36 80 30 1853 2379 226
44 19 53 32 2238 2621 229
75 52 72 28 3830 4133 362
19 68 49 85 346 745 190
91 65 97 98 1287 1893 285
16 23 65 91 2368 2928 289
78 71 46 31 3495 4425 320
90 91 89 36 891 1411 267
47 30 62 67 9915 10471 177
36 29 42 25 1236 1504 196
27 47 78 30 3672 4110 356
14 75 18 30 224 386 246
50 87 85 83 81 825 391
97 62 42 75 1957 2450 251
95 44 67 60 623 920 199
35 84 94 67 11053 11898 344
72 91 57 49 7082 7479 398
54 65 100 79 12976 13361 267
60 77 13 48 3253 3616 237
20 33 21 97 1363 1620 291
57 57 27 37 680 926 216
35 74 79 97 12591 13136 349
61 37 46 30 1534 1734 291
25 99 12 71 2483 2843 331
61 24 87 35 140 481 341
62 41 43 12 13565 13912 388
66 60 42 82 1211 1491 204
80 46 91 25 4465 4719 230
32 65 72 39 2241 2649 386
13 86 18 56 10785 10961 168
83 20 80 62 4878 5512 247
87 30 19 32 9743 10223 345
41 54 34 85 872 1094 353
53 88 72 78 2560 2912 318
95 70 77 27 1116 1472 345
100 25 89 89 5 597 381
62 23 46 67 1272 1799 231
34 67 72 25 3338 3997 307
91 39 60 59 5454 6189 362
13 72 38 67 2845 3059 323
16 29 32 93 879 1258 366
72 84 98 81 3511 4293 241
62 64 91 89 24 516 228
39 60 43 39 6615 7079 225
14 28 59 11 5622 6045 355
38 61 28 47 4660 5478 163
82 82 77 14 3728 4296 204
15 40 97 61 5780 6394 155
79 67 70 81 1785 2364 151
39 87 69 78 11052 11722 276
55 98 31 36 981 1668 243
72 82 21 82 3160 3463 353
40 38 87 89 11167 11790 199
38 99 31 37 1007 1427 278
44 27 21 57 2420 3062 190
56 90 73 88 6915 7330 334
60 31 90 27 5252 5747 252
38 99 67 75 1530 1850 298
52 66 52 61 9245 9498 184
62 65 14 10 4716 4867 363
46 33 21 33 2835 3556 347
73 83 71 58 12941 13451 251
39 12 67 44 14970 15229 316
26 24 20 53 265 591 296
68 59 10 32 9944 10206 373
38 48 22 99 970 1524 299
61 74 52 28 6717 7011 365
15 73 62 71 2650 3402 348
16 91 83 11 6234 6480 365
47 11 59 34 1180 1400 328
49 21 36 84 2141 2410 278
37 49 28 56 1266 1543 246
85 15 61 89 877 1574 173
38 59 67 19 4459 5095 381
45 12 32 95 689 1172 167
83 80 28 51 2715 2999 377
38 87 75 94 2883 3187 388
78 43 42 44 24 235 255
26 22 65 25 1456 1674 290
85 69 49 49 1792 2438 225
55 88 78 99 10150 10555 303
29 64 63 70 6170 6477 254
17 46 43 41 3782 4084 314
86 23 19 24 1955 2114 270
17 97 13 92 2327 2705 254
22 81 91 33 1867 2222 293
68 51 48 79 7130 7770 321
49 89 30 28 11981 12491 233
95 27 21 71 3228 3939 287
99 24 36 58 3704 3986 186
76 18 38 64 5793 6225 359
85 51 14 26 8536 8851 246
69 97 97 92 6036 6456 387
85 17 98 48 1557 2209 202
11 24 47 39 1520 2197 340
85 58 61 16 4568 4917 174
48 33 75 20 4128 4680 302
57 31 91 56 3720 4080 159
94 68 74 83 8157 8869 198
77 45 54 40 4230 4450 358
97 20 10 48 75 266 209
87 55 26 56 1549 1792 400
57 35 97 48 5363 5840 191
87 11 67 68 139 991 386
84 63 60 55 9089 9425 185
67 80 51 57 264 542 274
75 57 77 43 1655 1935 227
53 94 49 33 945 1222 259
24 12 84 64 8113 8419 262
38 65 95 91 9060 9356 326
96 38 84 19 12719 13217 303
35 60 29 18 3161 3555 348
50 27 45 28 22 238 275
15 25 11 84 944 1353 208
56 27 18 79 3614 3875 338
11 86 96 100 2670 2976 374
47 65 33 22 7613 8352 169
67 96 86 57 4279 4658 332
52 29 19 37 1884 2046 180
29 29 65 31 5100 5424 366
30 12 47 69 357 588 222
66 18 40 39 9550 9814 212
39 59 36 35 175 559 311
84 87 24 91 66 496 301
99 16 67 42 4950 5361 249
89 36 60 89 2950 3379 158
18 47 55 72 888 1152 391
39 73 65 86 2360 3208 348
33 56 19 69 6295 6595 225
72 76 52 33 362 1360 205
68 97 34 42 1978 2465 322
68 31 67 67 1081 1581 184
19 94 37 82 11761 12171 260
39 22 95 58 2310 3251 181
70 39 31 67 4966 5442 313
71 78 55 44 4106 4425 185
16 15 40 13 9189 9616 218
93 53 85 87 10911 11261 176
16 12 94 45 6003 6222 305
49 58 60 51 7565 7855 383
97 23 87 28 711 1452 169
93 10 38 62 1556 2038 382
100 43 34 21 395 866 183
94 60 16 63 5253 5603 395
52 90 35 51 8346 8613 275
44 16 99 86 3794 4261 293
14 77 73 44 2578 3119 174
51 67 13 71 238 1130 380
74 21 37 43 9022 9342 324
88 86 34 35 5047 5424 239
31 11 100 18 575 1520 154
38 77 57 62 7543 8079 329
45 21 65 29 13321 13598 348
30 19 65 18 267 744 243
63 32 73 54 6142 6403 335
77 59 82 22 873 1137 248
87 100 92 77 2723 3344 271
98 11 84 94 187 948 210
86 99 80 43 1272 2052 150
62 50 59 43 1183 1646 183
93 67 52 76 2446 2799 261
97 60 24 59 12814 13162 358
32 33 10 12 1655 1965 175
29 11 84 14 806 995 318
53 32 21 41 9295 9535 391
65 19 31 29 2425 3012 397
29 19 21 12 10375 10552 197
53 53 10 12 1851 2483 292
55 93 23 86 3647 3937 368
85 17 51 34 5849 6109 215
68 55 35 24 1729 2456 317
65 92 73 42 861 1155 152
43 43 12 46 4336 4538 358
26 99 54 43 2598 2859 238
48 67 40 21 3354 3563 298
76 53 64 29 5860 6118 329
10 100 100 29 4395 4950 328
91 92 23 80 3368 4240 238
55 73 18 45 10007 10585 241
61 58 48 84 8189 8646 290
12 87 22 66 5081 5695 335
37 90 78 72 1406 1699 301
41 99 78 80 1370 2444 385
58 61 22 10 10571 10906 162
62 55 78 70 4269 4534 323
58 11 29 79 523 937 348
12 60 31 37 1264 1684 357
75 95 17 43 167 509 192
59 92 69 58 2966 3274 274
51 78 75 84 12532 13015 222
80 85 46 25 7293 7932 323
86 48 35 27 1549 1925 278
46 67 58 49 3586 3868 246
14 32 33 38 1809 2271 225
72 31 75 85 4684 5369 352
64 86 72 97 5047 5464 227
19 25 38 15 10875 11139 198
100 24 93 55 2910 3814 324
33 60 32 40 5704 5905 150
34 31 44 72 4805 5144 235
70 33 63 85 997 1533 232
22 44 76 51 8555 8880 364
78 77 57 68 474 861 335
82 74 73 70 8059 9113 333
39 11 11 98 2140 2618 362
74 80 99 16 1097 1648 317
83 33 96 69 16038 16349 346
99 24 60 14 957 1165 157
57 33 43 60 8358 8636 199
21 48 28 19 2563 2866 255
47 44 95 46 1430 1703 272
80 57 78 13 1925 2233 295
48 47 70 70 1273 1711 166
17 25 36 16 347 479 392
68 47 85 35 4124 4474 200
40 24 94 77 5679 6006 287
86 63 31 66 7204 7848 262
98 25 94 95 282 710 322
13 57 35 20 504 630 187
25 20 85 71 13348 13582 292
46 62 82 80 74 429 239
52 58 17 20 9339 9493 158
26 90 28 96 1431 2260 310
59 28 14 57 1874 2096 313
24 55 29 100 5656 5962 304
56 47 95 10 8073 8535 381
43 56 80 24 5536 5986 328
63 94 91 80 5854 6410 207
74 72 19 18 2171 2403 292
24 58 41 81 4720 5171 151
