350
5 17 15 15 31 296 2
16 20 9 11 305 670 13
20 12 11 8 276 953 8
8 17 8 14 92 1016 13
18 17 6 7 537 957 13
15 15 9 20 506 1309 3
6 7 7 6 21 53 8
14 5 5 12 605 658 15
19 11 6 8 635 811 14
5 5 19 19 371 422 13
11 11 8 11 484 528 7
16 15 17 18 589 1208 1
9 5 8 5 3 179 11
6 17 15 10 324 914 10
19 9 6 20 85 1378 14
8 8 13 8 379 637 8
6 10 14 16 637 687 6
17 8 6 14 330 387 1
5 18 16 17 233 398 1
6 16 19 10 679 733 6
10 10 8 7 467 1156 9
16 6 13 14 51 929 3
15 12 14 17 467 768 7
5 19 14 12 458 993 9
10 18 12 7 627 690 5
16 12 7 9 495 957 11
13 6 16 16 449 825 9
18 15 10 14 82 740 8
7 16 11 13 251 1186 2
20 19 18 17 325 808 15
19 7 15 16 360 430 11
10 10 5 11 665 706 15
6 12 17 20 111 1167 6
18 8 17 9 241 1106 15
19 5 11 9 516 1324 11
19 18 12 10 65 740 10
9 6 18 15 447 828 5
20 9 11 10 629 697 12
11 11 6 11 233 1092 8
7 16 5 10 52 713 7
11 18 10 17 448 1012 5
11 17 10 19 106 595 5
6 7 6 14 425 464 10
15 7 9 16 623 687 4
16 19 17 11 309 994 1
8 14 5 14 387 435 9
8 5 16 13 54 308 7
12 16 12 9 180 232 10
9 16 10 17 693 750 13
17 9 15 13 679 1062 15
10 7 7 13 615 667 5
13 8 6 20 682 1004 3
8 20 10 19 7 1195 8
7 18 19 19 412 897 15
13 9 8 5 682 736 5
16 14 8 11 61 1231 7
5 16 19 5 545 1017 15
13 8 14 7 317 817 13
20 6 9 19 59 287 13
13 18 12 8 440 1287 5
20 12 13 18 661 731 10
14 16 9 11 173 235 8
9 6 15 8 536 864 10
10 17 5 5 409 1153 12
12 18 7 17 149 763 13
8 14 17 6 609 1073 11
13 18 7 6 165 610 1
13 20 17 17 113 298 12
18 11 15 20 240 304 5
16 9 15 9 332 1205 5
19 9 17 8 317 895 4
7 17 15 15 655 960 3
7 15 12 16 261 539 10
15 7 13 11 211 326 9
5 5 18 18 375 424 11
5 5 7 7 37 749 8
10 11 9 12 520 567 12
13 7 16 16 461 676 11
20 11 14 7 86 1200 9
17 17 18 5 690 767 8
5 13 20 13 209 1170 15
12 7 19 9 396 456 7
5 20 6 13 366 472 4
14 7 10 12 192 691 6
18 15 12 14 310 977 3
11 10 11 5 419 1058 7
17 20 9 6 238 300 9
16 20 10 20 132 204 10
10 7 18 10 458 504 4
15 8 10 13 3 912 15
8 11 16 7 40 739 5
19 11 11 5 652 1081 12
7 13 5 8 429 1187 10
9 12 20 9 563 630 2
7 11 15 6 372 413 11
18 18 10 5 348 972 2
17 15 7 8 250 800 2
16 9 16 16 404 1094 1
7 13 7 11 577 618 2
7 19 10 16 477 1008 9
5 5 8 17 173 218 6
8 9 7 8 314 348 2
7 5 12 7 202 953 10
14 20 20 20 414 1075 14
7 6 15 7 25 421 10
6 19 13 18 68 491 8
17 12 7 6 597 657 14
10 5 14 15 672 1107 14
13 8 5 9 422 470 9
9 17 6 15 678 1252 5
9 6 9 14 532 823 11
20 11 8 12 403 646 10
8 9 15 20 29 1103 3
19 9 7 15 504 675 1
8 9 13 8 77 1341 12
11 6 10 10 439 975 2
16 12 11 11 283 1332 6
5 9 8 8 47 1052 6
18 10 18 9 284 1399 14
13 15 8 14 180 1224 3
17 10 12 7 544 599 13
5 11 12 6 261 988 6
10 17 18 7 479 881 3
10 13 12 6 486 911 15
15 13 9 13 21 826 8
13 5 19 9 132 1140 6
12 5 15 13 588 649 2
8 17 7 7 327 384 11
19 7 16 17 199 823 4
18 6 11 6 684 727 8
8 18 19 5 675 1341 15
19 13 6 14 235 361 4
17 8 13 15 111 451 5
13 5 18 5 488 539 12
15 8 7 9 489 870 3
9 8 5 20 307 992 8
6 12 7 20 356 418 3
7 13 9 10 599 656 15
17 7 7 13 518 577 9
11 14 14 17 37 913 3
10 15 17 10 390 835 12
10 11 13 10 485 549 13
20 10 5 17 377 439 11
20 6 7 15 507 627 10
15 18 8 14 384 1183 10
12 6 11 6 132 271 11
11 16 6 18 601 662 15
16 16 16 19 486 945 8
15 9 5 15 448 1343 3
12 12 7 13 499 775 12
10 13 14 9 73 940 3
11 12 10 6 611 650 1
8 19 11 15 578 641 13
6 11 15 18 69 240 4
15 20 11 6 493 559 15
14 6 6 5 244 1291 14
5 13 9 13 111 1138 5
14 20 20 16 428 1394 7
10 16 12 7 287 531 5
17 8 8 13 540 586 4
7 9 10 6 359 1045 12
19 9 6 8 420 466 4
15 16 19 10 657 1161 3
17 8 11 8 197 391 7
11 14 7 10 342 831 5
14 15 10 7 424 498 5
12 14 9 5 189 394 15
19 5 17 14 246 656 12
9 19 11 20 196 256 8
5 6 12 6 688 731 11
13 14 7 16 140 999 7
12 20 10 18 127 1164 6
17 15 11 5 672 734 6
15 9 12 10 505 552 13
16 12 13 20 675 916 1
17 14 17 16 542 622 10
19 13 6 11 366 1174 7
12 8 17 6 255 556 14
14 8 10 19 474 1075 7
9 8 18 5 110 459 15
15 9 9 7 127 1182 10
14 15 12 12 381 542 8
19 20 10 7 77 1279 13
19 7 14 9 364 1225 13
8 14 9 13 208 785 13
16 10 8 11 465 804 9
19 18 18 15 547 1085 12
17 7 19 8 462 613 9
9 9 16 7 0 77 8
14 13 14 20 523 1218 11
6 10 19 18 4 69 14
18 5 20 16 430 489 14
15 19 14 16 308 1112 7
20 14 7 10 288 452 15
10 13 16 10 65 945 1
17 17 18 5 666 729 7
5 14 11 13 301 356 11
15 8 7 15 643 698 1
16 20 9 6 210 280 15
12 20 12 20 453 661 6
14 9 7 12 495 915 3
18 19 6 8 6 257 2
11 13 11 5 674 728 1
17 19 10 15 531 1166 15
15 13 10 19 182 243 6
17 12 7 6 80 1080 3
12 15 18 16 402 748 13
9 14 9 8 250 1266 12
13 10 6 20 426 806 1
10 15 16 10 595 1035 12
5 11 12 10 659 1141 2
12 8 12 17 295 346 9
20 18 12 19 523 598 2
17 17 14 9 153 1391 9
15 12 8 6 401 447 1
19 13 7 5 164 1254 14
20 17 9 8 216 1179 5
16 5 13 13 617 894 11
16 11 19 9 323 398 8
10 17 19 20 488 1059 11
13 15 13 6 513 575 10
10 6 20 18 116 590 8
8 9 10 20 680 894 10
10 18 11 15 623 1336 5
10 15 11 14 86 597 3
14 19 9 11 255 768 4
11 14 17 7 648 766 3
19 14 20 11 504 1115 10
7 16 20 12 547 882 9
13 17 20 20 47 512 10
5 11 7 5 150 1008 12
11 7 16 5 251 320 9
17 11 16 6 565 621 13
18 9 15 7 628 1282 1
20 16 13 5 248 431 12
20 13 6 9 671 831 6
19 5 20 8 296 880 11
15 10 15 13 233 297 1
10 15 13 8 652 708 10
16 9 14 9 447 821 6
13 7 13 12 684 1127 5
9 11 19 5 492 572 12
19 12 6 11 540 1249 12
19 16 16 8 209 518 11
19 14 11 12 372 444 12
8 7 8 12 227 1359 15
17 16 16 5 374 438 4
12 12 12 11 41 1224 1
9 6 5 18 125 268 3
13 6 9 15 53 116 4
14 11 8 9 259 304 3
15 18 11 14 5 556 3
9 10 11 8 368 423 5
10 17 13 6 685 789 3
11 10 10 11 64 606 15
14 20 14 6 105 753 6
6 6 10 12 538 1397 5
6 12 10 15 587 639 13
20 5 20 12 146 1048 2
7 14 18 17 251 803 15
13 19 18 20 591 1074 6
18 12 15 5 557 1084 1
5 6 19 17 446 961 10
10 7 11 16 590 951 14
17 8 7 16 474 532 11
20 8 18 10 516 581 12
17 8 11 13 79 900 10
14 14 20 17 123 459 11
9 12 20 10 52 777 1
8 5 11 16 459 1357 6
13 18 10 19 31 472 10
6 12 7 10 309 1131 12
15 12 6 20 361 843 3
18 20 16 18 568 1029 9
8 9 15 12 671 1141 12
16 16 19 7 691 766 1
9 7 9 12 226 1272 5
17 19 11 5 381 435 9
11 15 20 10 340 407 11
15 13 5 6 353 719 13
9 10 11 20 198 990 11
17 7 10 8 477 531 2
5 9 10 8 588 874 15
6 11 16 14 226 1326 12
16 17 17 10 552 625 9
10 16 7 17 269 1023 4
6 8 19 13 106 257 1
19 10 15 19 63 1088 15
18 14 13 13 450 955 12
9 11 6 6 240 906 11
13 13 9 8 91 1008 9
8 5 6 13 526 926 12
17 9 9 16 21 1133 15
8 13 9 17 183 1077 10
5 5 20 6 92 547 7
8 18 13 20 269 1134 8
15 15 20 9 216 1148 2
7 17 20 19 449 1096 2
14 19 14 16 74 679 10
13 5 10 5 241 770 13
13 6 16 11 399 981 9
8 14 16 17 358 900 9
14 12 10 10 645 1318 6
18 8 17 5 348 1271 10
10 14 5 19 369 538 15
16 14 19 15 541 1194 7
15 16 13 17 690 762 5
17 10 20 11 673 746 11
9 6 11 8 478 690 11
17 12 7 12 179 1387 8
13 10 14 16 375 715 13
10 19 14 19 408 1054 13
17 18 12 6 254 1074 11
17 10 8 9 670 733 7
14 16 12 16 367 440 14
9 17 6 11 111 1033 7
17 19 15 13 195 757 12
16 10 12 9 202 366 7
16 10 15 14 335 1016 3
19 15 16 7 473 918 11
5 13 11 6 419 454 8
13 6 20 11 442 1206 3
19 6 13 6 637 689 4
8 9 18 6 179 413 14
7 12 15 13 638 692 1
7 12 16 18 253 316 2
17 10 18 10 333 388 13
11 20 7 13 400 1248 3
17 16 11 17 634 709 6
5 19 18 10 152 893 11
13 12 6 5 627 1183 7
11 7 19 11 46 622 1
19 11 16 9 1 565 5
15 12 5 18 550 708 10
11 11 15 5 591 651 8
20 10 13 12 322 821 3
13 15 18 8 392 1167 1
11 9 17 10 265 573 12
13 12 20 20 348 421 13
17 19 16 10 635 1377 14
7 6 8 17 81 165 6
13 11 6 6 591 634 6
5 18 14 13 169 239 2
20 18 15 16 474 549 4
20 10 11 19 54 117 12
10 6 13 14 601 1000 3
15 11 7 17 610 746 8
8 7 5 12 54 438 15
9 6 17 18 49 141 6
15 16 5 8 422 486 10
