200
83 6 32 61 451 1101 60
60 29 56 26 938 1662 52
75 77 50 34 1505 2011 78
91 29 66 2 826 1292 29
23 82 77 48 1430 2002 84
20 24 93 45 566 1280 37
4 33 17 40 1286 1936 58
86 16 49 19 668 1452 22
24 88 8 96 354 770 36
37 82 5 76 1252 1852 41
64 25 38 60 13 423 14
90 52 79 96 893 1537 31
72 79 50 76 350 832 64
65 23 93 35 1520 2010 26
11 77 48 17 1070 1530 56
73 31 66 36 1546 2284 18
56 98 88 84 1788 2582 66
86 82 60 3 2269 2973 71
43 93 28 32 1882 2356 36
30 81 83 59 2341 2797 86
9 90 89 75 1442 2018 82
72 42 17 25 5 431 54
8 52 64 38 1215 1711 30
82 39 50 5 1101 1613 13
52 18 63 80 693 1273 35
58 39 90 79 51 477 62
62 57 25 71 1423 1939 51
12 41 66 64 1486 2026 98
62 55 71 69 68 752 23
67 7 72 29 1245 1821 87
64 69 14 88 1057 1815 95
9 9 5 64 331 1069 93
17 67 74 82 100 852 6
5 77 82 87 152 604 82
88 19 32 36 43 771 5
44 33 27 72 882 1284 15
2 35 89 42 1363 1993 27
63 35 34 72 1384 2070 65
65 19 81 40 1040 1796 38
80 48 75 12 2034 2626 83
67 53 31 13 1503 2045 11
31 2 2 52 690 1224 5
95 39 75 63 800 1490 69
95 55 49 86 1801 2555 6
11 5 83 32 1190 1776 40
38 60 68 34 1800 2570 41
18 5 99 11 1182 1944 74
5 45 100 82 1145 1853 35
12 65 41 32 2392 3086 7
69 8 99 49 2330 2936 89
39 91 53 54 1844 2642 62
100 40 34 41 1083 1583 98
45 18 82 72 1609 2109 13
7 29 1 46 2323 2933 8
26 46 50 25 1757 2319 86
8 13 55 100 835 1479 55
64 47 68 31 888 1662 51
26 55 14 73 2018 2786 20
40 5 81 74 218 642 53
34 21 86 48 1749 2247 15
9 12 35 33 2181 2719 6
74 100 72 80 727 1297 44
9 65 79 76 461 883 32
43 17 44 92 1158 1646 93
35 44 89 17 114 698 47
10 46 12 87 570 998 2
1 48 20 68 1260 1902 17
97 45 81 98 1245 2011 41
23 33 39 70 568 1048 96
95 70 29 35 993 1765 27
52 55 31 30 468 1028 89
18 86 5 4 368 976 19
10 72 4 46 605 1027 3
82 51 57 33 1195 1757 71
60 33 82 93 508 1044 30
28 10 90 80 518 1046 87
46 46 35 66 2214 2812 56
88 48 13 87 1752 2300 68
28 5 46 27 2157 2557 55
52 97 27 64 2253 2795 6
55 32 14 73 1678 2142 11
50 84 83 45 288 880 47
6 60 75 93 817 1489 65
88 65 58 1 1216 1780 56
41 57 4 99 853 1411 2
84 97 60 59 2166 2754 86
89 51 39 45 2363 2783 46
99 86 73 11 217 707 17
22 74 13 1 1587 2125 56
45 43 75 93 1013 1497 52
81 31 80 78 1752 2492 24
66 43 86 97 1038 1774 64
41 66 97 85 170 608 28
33 12 51 11 995 1535 97
22 21 9 89 2348 3038 35
75 44 39 11 888 1330 34
29 19 84 61 1974 2592 73
47 71 51 62 1505 2193 38
63 29 44 100 1675 2267 68
47 66 64 90 337 775 61
67 32 52 88 1562 2228 31
73 19 17 82 1697 2481 77
35 94 83 88 1117 1577 5
13 90 73 90 2305 2753 52
81 75 13 77 2329 2969 93
63 56 79 11 1368 2028 52
59 32 70 30 366 1104 66
13 14 18 77 2147 2719 83
81 90 61 56 1522 1936 75
74 47 74 42 2166 2962 99
83 57 91 38 1225 1983 50
68 15 46 81 1436 1878 43
13 70 40 43 1492 2106 72
34 73 95 40 844 1470 56
39 86 32 62 1477 2069 83
37 13 98 26 561 1321 18
68 23 55 14 913 1701 71
48 19 63 3 409 1167 12
11 23 73 51 405 979 97
49 1 48 43 1427 2191 99
21 10 44 59 408 1056 52
54 21 36 63 524 1272 72
81 67 44 42 1415 2059 45
48 23 72 5 2251 3045 73
95 61 89 40 2128 2774 12
55 17 2 57 4 766 96
72 81 24 58 439 905 34
57 15 97 63 453 987 40
57 12 26 60 902 1364 5
47 99 5 27 2045 2817 14
27 42 36 31 1691 2475 74
55 52 50 19 1147 1639 76
48 40 48 23 176 866 44
43 72 91 77 578 1168 27
29 22 1 7 2057 2795 85
39 24 97 81 1082 1714 79
38 39 27 19 391 815 36
43 66 17 16 1089 1585 94
62 84 60 72 1251 1665 35
51 95 8 30 987 1465 66
47 67 23 90 991 1651 2
97 28 84 78 258 864 72
36 71 13 72 372 1020 35
61 5 10 19 818 1414 77
60 65 92 83 353 1009 68
20 7 36 64 1747 2303 98
96 94 46 19 1377 1931 74
1 84 32 41 18 476 87
73 60 18 51 1010 1626 34
65 26 1 93 2084 2596 6
26 96 1 70 2164 2794 86
69 43 73 92 812 1426 15
43 40 17 97 1722 2388 62
36 38 21 66 351 783 15
72 48 99 89 1225 1731 39
32 27 64 51 645 1053 73
13 91 41 79 2000 2580 55
83 55 40 97 395 1141 49
63 99 37 3 271 937 79
30 14 88 47 1686 2412 57
32 49 51 30 1864 2502 43
46 87 89 61 216 908 95
74 34 42 9 2114 2514 18
47 69 17 25 1395 1919 13
29 22 27 27 2065 2465 72
89 85 77 36 2300 2888 95
23 31 32 97 2245 2765 62
20 19 54 92 1452 2200 80
97 7 79 41 1605 2323 93
40 47 4 73 1948 2420 57
11 18 83 59 898 1352 66
66 71 22 83 482 1204 22
44 70 49 4 847 1521 97
86 59 56 4 484 1098 48
30 17 77 17 350 782 58
100 52 42 55 1115 1649 13
80 59 67 46 135 925 9
69 61 33 32 1970 2374 93
71 67 50 22 718 1200 47
44 3 43 42 59 657 53
94 21 37 91 1200 1910 66
99 86 2 34 1973 2397 87
70 62 30 65 899 1329 79
69 51 19 90 1709 2509 3
83 25 14 92 769 1321 80
73 32 31 45 954 1746 28
58 5 90 21 2274 2926 89
44 12 4 13 2049 2805 13
81 77 33 95 320 944 94
33 68 82 86 2069 2733 9
77 26 1 76 1951 2451 47
51 1 98 91 2234 2998 90
46 72 50 74 1623 2399 31
79 51 62 16 928 1492 18
28 68 22 84 412 926 79
55 47 34 96 1966 2478 36
88 50 50 97 1048 1530 64
78 28 61 65 780 1578 76
79 29 15 84 489 1253 36
92 2 38 31 918 1390 69
