150
48 17 37 28 217 492 379
17 28 41 15 390 540 172
17 30 46 32 178 387 327
23 25 18 20 204 382 279
16 27 32 25 277 495 127
37 34 36 49 11 225 64
34 29 13 10 90 240 266
43 27 12 25 1 246 405
29 22 14 24 94 234 233
14 41 24 29 288 557 313
13 26 26 50 480 714 144
35 11 40 26 325 450 271
34 40 14 37 13 313 317
21 41 23 42 223 374 189
12 22 26 26 390 581 483
30 42 31 30 338 473 61
47 10 27 49 247 425 145
43 31 30 26 192 492 260
37 23 50 27 401 643 309
38 32 35 42 323 584 254
10 35 48 12 69 272 430
16 28 11 18 318 590 468
17 47 41 28 396 542 92
44 23 14 19 464 676 233
19 22 12 32 340 601 276
45 29 38 50 485 616 314
15 23 29 10 245 446 475
16 13 23 22 219 513 247
40 47 37 38 364 527 345
24 40 40 33 235 376 103
39 33 20 38 367 496 488
40 40 12 38 32 196 79
15 14 48 29 253 363 474
47 23 31 41 362 471 316
29 32 46 46 479 666 111
36 49 15 19 295 444 250
31 22 38 48 179 371 499
32 17 49 26 314 442 417
49 27 50 44 289 434 66
33 16 24 35 18 284 216
16 41 30 38 229 411 275
45 28 20 33 409 554 185
43 21 12 43 351 619 172
20 24 12 14 396 533 436
20 11 27 18 216 352 265
36 24 35 33 8 210 159
50 17 35 41 298 458 187
31 47 40 23 185 377 143
46 35 50 28 423 625 325
28 35 14 16 110 245 439
33 41 34 33 420 539 441
17 22 10 49 290 510 245
37 14 36 17 29 139 378
39 37 19 12 390 520 361
49 14 31 15 186 439 171
46 21 22 11 50 172 163
14 46 42 23 112 384 104
16 48 14 22 297 587 435
32 28 33 48 143 254 170
15 33 48 31 416 643 253
15 16 20 24 73 216 391
43 23 44 37 493 738 228
25 45 26 28 347 636 379
42 29 11 25 425 721 200
13 34 46 48 451 698 201
29 48 40 42 124 259 354
22 21 45 46 383 494 404
20 17 48 43 399 670 456
46 23 13 34 457 653 252
24 29 30 45 192 405 226
35 10 29 13 290 565 444
10 17 45 33 289 438 473
28 50 22 33 389 509 380
10 36 36 44 454 745 477
44 10 13 14 177 476 337
39 15 38 38 121 254 433
15 10 22 45 398 623 327
30 35 49 31 192 376 390
44 31 35 33 396 615 53
36 19 38 31 139 420 444
43 12 18 48 131 302 79
50 34 33 38 7 195 238
47 42 43 18 88 258 74
34 26 13 30 453 617 145
33 35 18 31 231 468 335
14 18 28 25 470 741 144
16 45 13 21 90 312 127
34 48 37 30 472 760 458
43 16 37 44 157 429 306
28 13 20 26 1 176 141
15 14 19 38 387 627 58
42 30 16 30 457 607 133
49 13 20 45 266 515 450
10 21 22 43 490 714 50
15 41 34 42 292 532 255
47 23 48 46 238 416 324
47 50 28 49 140 437 140
35 17 25 50 111 370 337
37 45 22 46 77 359 221
32 39 34 42 8 204 268
37 48 44 46 45 200 491
46 33 50 46 361 639 92
33 23 19 31 147 254 428
25 34 12 38 235 438 88
17 29 30 43 219 432 350
20 18 34 10 27 247 277
37 45 24 17 315 467 372
21 19 14 22 416 666 355
31 45 37 14 9 210 85
44 23 47 26 308 563 95
13 28 49 19 196 323 319
46 43 20 43 216 502 410
26 28 45 44 149 334 483
17 12 24 20 237 362 428
50 43 19 12 169 348 170
42 11 34 44 72 237 237
50 11 50 10 416 523 382
11 34 44 36 370 564 247
47 30 33 27 332 565 159
30 40 12 17 242 466 433
33 49 20 17 47 221 118
41 38 19 42 251 546 258
48 42 31 36 429 658 73
32 24 20 37 41 258 373
42 26 10 17 469 701 226
22 35 18 49 337 575 490
29 27 16 10 338 621 389
18 43 46 18 246 538 84
36 20 42 31 251 529 87
28 17 21 25 100 232 262
44 40 10 45 170 434 497
31 30 41 34 136 293 172
15 16 23 29 281 468 356
37 39 26 46 389 539 496
50 47 27 24 51 322 295
29 41 44 47 427 681 341
35 45 34 48 106 320 405
25 49 37 28 404 565 149
21 36 36 20 467 719 283
38 18 12 17 186 444 258
23 45 15 35 269 507 481
10 28 38 13 234 430 121
22 18 33 33 332 482 319
15 29 17 37 222 411 170
20 45 20 29 278 415 493
29 21 15 10 94 348 260
40 38 30 49 130 389 162
13 44 26 30 50 212 75
12 14 50 24 268 410 106
43 26 25 11 108 242 401
