250
19 11 32 19 1957 3969 249
11 63 83 45 2072 4096 189
37 40 80 13 586 946 147
28 49 52 14 330 2118 220
77 29 40 27 1870 3487 138
88 42 71 83 991 2286 229
18 20 52 25 124 1717 102
64 78 33 85 1759 2368 139
11 10 38 22 1887 2695 168
10 31 93 93 394 976 76
15 37 100 25 2336 2823 184
80 14 28 40 538 1189 84
84 26 46 50 1622 2326 162
86 43 98 20 2276 3452 89
19 96 43 10 395 2730 124
24 67 63 86 181 2392 242
80 69 70 88 2404 4863 168
84 72 78 80 1791 3355 122
86 91 100 85 1340 1871 161
30 57 20 57 1143 3257 245
98 82 62 32 2223 3730 97
97 67 70 52 479 2482 203
53 91 12 34 1315 1887 195
79 63 39 91 1422 2026 89
43 35 17 73 226 1813 158
58 36 72 66 1772 2873 212
88 90 41 56 1807 3681 98
90 95 63 77 1688 3683 245
33 29 92 35 993 2333 239
32 96 88 80 208 2219 134
26 46 80 26 1695 3323 194
31 10 74 18 962 2801 121
51 74 19 13 2006 4048 223
84 61 82 63 2483 3091 237
100 57 66 25 1991 4114 185
22 55 18 55 746 2079 112
65 22 46 34 1624 2881 228
48 20 57 95 819 1880 249
63 32 79 28 1053 3043 109
75 64 41 65 1989 4066 66
31 72 15 64 452 1299 117
64 14 37 49 639 2620 223
44 82 95 59 870 2379 106
72 79 46 76 1011 2508 154
67 48 17 66 442 2736 207
94 68 16 30 1804 3086 210
75 100 10 29 533 1944 199
88 95 48 41 534 2813 133
52 67 25 81 1650 3960 121
74 88 92 21 592 2324 228
76 73 52 98 1311 3143 114
64 43 33 80 1037 1808 111
56 41 96 22 2398 3911 116
58 77 17 84 465 705 212
36 76 95 51 693 1365 186
17 98 91 72 280 2703 136
54 19 24 32 1315 2456 231
50 20 59 49 1971 4206 187
93 61 31 74 2498 3065 161
48 62 40 70 2008 3881 229
90 66 96 57 647 1473 67
35 45 71 95 1863 3466 54
38 71 25 77 955 3051 168
34 25 50 46 256 1857 149
75 20 30 83 1208 1419 122
56 94 21 100 1413 1960 192
43 10 99 23 224 1556 244
35 70 82 64 2215 3136 114
67 95 20 34 1028 3260 98
88 73 95 43 2197 3874 54
56 55 84 19 226 2594 194
34 26 49 95 1821 3513 50
53 67 32 74 2485 3409 97
78 99 23 17 1250 3223 204
63 78 49 66 708 1968 123
95 55 76 31 2258 4622 240
28 69 56 27 2066 3259 168
12 21 58 38 2108 2528 123
87 50 42 53 2174 4253 204
65 52 81 87 1708 3434 123
76 23 59 22 13 1293 103
20 62 48 31 1356 2278 152
66 51 31 66 2473 4381 80
53 23 63 12 1372 2810 144
37 39 61 60 2024 4191 232
26 57 51 10 1008 2370 117
22 18 84 70 216 1801 138
14 99 66 58 2039 4243 191
98 65 17 47 322 1749 60
47 38 22 22 2403 2594 98
13 32 67 62 1862 2428 218
35 97 38 27 245 1271 206
29 94 30 35 1704 2947 94
50 91 46 45 2163 3279 206
26 31 48 80 1036 1792 198
80 70 41 60 1405 2648 160
78 46 58 69 1101 2143 166
25 23 72 59 1775 2449 85
52 45 54 21 1547 3362 128
73 29 13 31 1554 3845 67
86 91 96 78 1630 4047 175
80 99 52 48 2337 4171 235
63 33 11 30 1238 2488 76
77 46 46 85 2028 3690 176
99 12 48 62 2394 4234 61
100 21 38 98 89 1338 116
34 68 28 31 1578 1801 156
69 99 54 42 1019 2165 56
15 96 69 95 2280 3267 165
21 66 24 62 1082 2325 138
36 98 82 88 1029 1664 224
18 86 89 31 1518 1752 63
25 94 85 45 1638 2475 97
57 17 86 76 580 930 135
55 25 25 49 1698 1929 65
33 18 24 92 328 1630 87
27 81 19 54 2352 3737 208
46 46 98 71 2378 4250 134
52 72 69 48 2088 3014 195
31 26 70 37 1006 2621 250
54 80 26 54 2209 2687 107
75 44 86 52 1017 2230 131
91 18 49 55 384 1242 167
90 28 99 37 1733 3813 157
97 36 67 53 1674 3911 156
28 88 74 34 2343 3203 167
50 87 79 56 2149 3141 149
57 86 97 94 1957 3108 223
16 60 49 92 1277 2642 152
55 82 97 25 867 2736 108
28 85 19 78 129 768 217
31 38 54 37 12 1995 157
60 35 41 78 1956 2593 121
100 64 16 54 1761 2806 65
77 86 82 54 2161 3094 111
34 72 80 83 1053 2385 165
33 15 12 47 24 525 149
42 14 27 78 1675 2151 180
59 38 28 72 97 888 219
76 12 32 73 1443 2202 159
33 15 100 35 656 1255 83
93 79 40 22 2209 4371 182
30 19 58 34 2231 4434 200
24 93 84 58 905 2101 60
82 97 52 64 133 608 101
98 56 46 43 1982 3489 94
55 86 34 27 538 1209 111
81 52 86 79 1759 3028 59
80 80 87 61 879 1557 194
77 87 62 10 1450 1891 219
85 60 68 37 1776 2327 247
91 65 93 26 1984 2511 101
23 38 86 49 759 2761 57
14 72 96 73 219 1857 158
61 48 70 18 865 1463 227
21 14 78 71 442 1618 102
34 48 63 73 1736 3099 93
60 14 33 89 266 2401 167
86 24 70 51 443 2868 122
59 43 93 61 545 2345 132
77 83 88 59 1194 3528 219
78 61 74 25 380 2633 184
45 60 71 64 282 1265 201
39 100 14 17 1737 2525 56
42 58 12 84 2144 2642 248
87 61 14 49 63 1058 143
52 53 25 19 1233 1935 102
40 46 67 22 1739 2836 102
62 65 46 62 1237 1694 158
98 69 79 79 2157 2580 60
60 14 85 42 496 1820 201
75 17 41 42 1888 2614 73
45 59 75 65 2117 2386 188
22 34 28 70 2358 4182 144
49 36 87 99 385 2169 213
49 48 83 86 158 1486 153
14 82 18 36 558 1617 210
23 99 86 92 38 1778 123
98 69 71 33 815 1872 109
17 12 21 28 700 3077 113
12 34 29 18 1303 3686 167
36 31 72 23 334 2406 215
37 44 63 90 631 1988 208
35 35 83 48 1367 3050 64
99 68 47 28 1078 2437 213
84 77 19 69 1613 2002 139
21 82 90 74 2238 2778 77
94 24 42 61 932 1553 90
84 46 69 24 550 2145 133
22 34 94 50 24 1645 170
74 22 55 88 1501 2590 195
60 12 71 39 1466 3844 70
66 47 33 50 959 2164 160
29 58 90 28 2113 2640 112
70 72 60 28 2254 2688 206
45 39 33 93 1493 1808 185
92 41 11 45 1831 2325 117
94 25 24 72 1198 1857 201
22 68 41 64 1896 3997 116
60 100 89 54 2468 3513 125
35 40 25 32 646 1412 105
63 85 66 12 2182 3570 79
42 61 24 72 723 1938 204
87 88 57 87 941 1495 74
13 34 76 47 676 1908 87
57 97 16 40 258 2135 108
32 49 40 78 2088 2845 84
86 64 49 100 6 828 146
88 42 29 61 298 1520 172
58 81 32 99 921 3193 160
39 31 79 97 5 1504 75
74 59 74 88 2115 4329 98
89 13 75 69 591 2750 123
100 96 24 38 2089 2981 95
88 68 34 41 1981 3648 115
24 48 20 40 1931 4004 222
55 15 44 49 1088 2224 187
81 97 38 18 1601 3190 213
47 31 11 67 806 1505 159
40 89 25 28 1022 2912 240
60 83 24 66 789 1758 186
63 33 12 46 2216 4076 66
67 57 65 44 490 952 234
50 70 20 85 30 1250 135
98 15 37 31 517 1800 85
28 85 70 43 339 1094 232
45 86 33 29 1629 2874 156
78 80 64 74 1617 3157 114
89 28 43 94 144 2128 94
81 85 57 49 957 3417 95
53 14 34 21 2409 3400 180
87 61 58 74 1531 1841 188
15 20 82 12 1417 3239 139
83 57 95 82 1070 2320 134
57 97 75 22 1484 2729 219
94 93 26 53 1062 2342 200
91 57 45 34 1988 3012 65
59 88 91 50 715 2569 86
49 12 57 51 1940 2850 245
44 57 50 10 1681 3267 183
31 82 58 78 719 2962 126
94 78 47 93 1436 1887 119
39 18 18 17 2487 4435 109
88 54 73 28 2135 4414 213
29 38 19 76 1674 3977 130
82 74 68 41 1206 1695 79
71 67 15 11 1108 1341 169
60 78 63 58 2335 3500 134
68 85 81 83 132 1507 238
61 76 76 80 1980 4400 142
