200
15 12 15 6 1708 1795 6
9 5 10 8 1598 1693 4
15 12 11 12 1851 1912 9
13 5 9 7 1152 1279 3
14 8 7 9 771 900 2
11 5 6 15 727 806 6
8 13 9 13 1818 1932 5
13 11 13 8 947 1089 9
7 15 13 14 666 786 7
14 9 8 9 286 358 7
5 7 6 9 1009 1077 1
12 12 15 10 387 517 4
15 13 13 10 1028 1088 9
5 8 14 11 967 1079 3
8 5 13 6 163 232 1
12 15 7 8 1061 1215 6
9 12 13 8 1056 1204 10
6 9 11 12 1562 1632 5
13 9 13 6 724 820 8
8 8 9 12 1815 1876 7
13 14 11 7 1815 1910 5
15 9 7 14 1515 1611 10
10 15 10 5 5 108 2
9 11 14 9 1443 1585 2
10 13 14 15 1513 1691 3
6 5 14 8 668 744 3
8 10 15 5 689 776 2
9 10 15 12 1161 1236 9
10 9 15 6 1696 1773 1
14 10 6 14 1623 1784 5
9 6 7 13 718 756 8
10 12 14 11 1140 1236 9
10 15 11 5 258 405 8
11 11 8 9 1773 1869 5
12 14 5 8 232 325 7
13 6 5 12 729 862 9
15 6 9 13 1333 1489 6
5 10 7 10 7 72 8
15 15 5 11 1100 1244 8
11 7 15 14 982 1031 4
13 9 5 6 1435 1559 6
14 10 6 8 128 176 1
13 8 11 5 1580 1633 8
7 10 15 12 1356 1428 3
8 14 7 10 1672 1767 10
9 14 9 6 1132 1203 5
13 8 9 9 1565 1695 5
8 13 10 11 53 142 4
9 15 9 10 970 1093 7
12 14 11 13 1000 1071 7
13 10 5 8 494 541 10
11 11 7 10 1838 1981 3
10 8 13 9 1384 1500 6
11 12 5 7 964 1029 1
5 12 11 15 680 725 3
10 12 13 14 261 349 4
10 8 14 11 703 794 4
7 5 8 7 690 783 3
12 14 10 10 142 264 10
13 9 15 9 350 400 3
15 10 11 10 1457 1623 1
12 7 9 7 799 842 9
12 14 10 12 248 376 10
9 9 8 12 552 666 1
8 14 5 12 1228 1366 7
11 10 10 12 260 375 7
11 7 6 8 243 349 9
6 14 9 12 736 871 10
10 15 6 5 1597 1685 1
14 7 13 12 955 1097 2
12 13 10 10 206 257 3
13 14 10 9 1180 1291 10
5 13 15 10 672 726 4
6 15 11 15 880 1054 8
9 6 15 9 251 316 2
13 6 13 10 1792 1868 3
14 6 12 15 1838 1989 10
12 8 5 7 183 243 1
5 7 7 9 459 499 2
7 10 7 13 1579 1710 10
7 14 5 8 1741 1778 9
12 10 8 8 1145 1263 8
7 13 15 7 984 1094 3
10 12 11 5 1522 1632 4
13 15 7 5 1805 1949 8
12 6 14 13 1531 1695 3
10 12 14 9 54 112 9
13 9 12 6 773 870 4
8 15 12 14 1594 1751 9
13 9 10 5 1395 1498 3
10 13 7 14 1400 1474 7
7 13 12 10 1672 1794 8
12 15 15 7 1614 1677 7
13 7 11 6 1427 1517 6
13 11 14 13 508 610 10
6 14 13 5 737 855 7
13 14 15 7 283 455 2
6 13 10 6 60 138 4
12 12 8 5 1069 1157 1
6 11 13 9 1315 1460 10
11 7 6 13 311 412 3
11 12 7 7 1389 1498 6
5 11 8 12 965 1014 9
9 11 11 13 399 489 4
14 14 11 9 349 461 3
13 9 13 9 208 292 9
6 7 12 10 217 317 3
9 8 8 14 930 1013 4
6 13 11 15 1707 1869 10
13 5 14 15 840 916 8
9 7 12 14 1776 1863 1
9 14 13 14 790 970 8
5 14 10 6 181 306 5
10 10 10 8 778 830 1
12 14 11 5 910 1030 9
11 8 5 13 889 994 2
10 12 13 7 1020 1131 1
5 9 7 8 947 1044 3
13 9 6 6 148 235 8
12 11 9 12 1760 1881 1
11 14 15 8 783 832 10
11 7 14 11 606 710 4
8 10 14 13 1840 1945 6
13 8 7 15 1717 1873 6
15 12 5 8 1103 1209 9
6 5 11 11 1607 1668 5
8 5 13 15 1522 1656 1
6 11 11 10 1749 1878 7
11 15 9 7 992 1123 6
9 11 8 14 1826 1949 1
7 15 8 7 920 1039 5
10 9 14 15 1673 1831 7
7 8 6 7 1715 1779 7
9 10 13 15 110 226 10
11 15 7 12 970 1104 2
12 5 15 10 1245 1371 6
10 12 9 13 1167 1250 7
12 5 9 15 1833 1921 4
15 5 15 6 1563 1708 8
11 6 5 5 910 978 8
10 12 8 8 816 937 9
15 5 15 11 1436 1608 3
13 9 11 5 1644 1725 10
11 11 5 13 577 695 8
15 9 8 15 1085 1133 1
7 9 5 6 509 554 8
5 15 7 8 183 237 5
6 14 14 14 645 819 10
6 14 15 6 476 618 7
6 11 15 13 402 520 10
8 13 14 10 1645 1804 5
11 12 10 15 668 760 1
13 12 8 9 1668 1823 9
5 10 11 10 1712 1757 1
6 9 6 8 802 869 3
12 11 9 12 36 173 10
8 14 13 11 1339 1426 10
15 13 8 5 496 582 7
15 10 6 13 1113 1201 6
7 11 11 14 466 566 5
5 5 11 10 1279 1369 5
10 5 9 5 1000 1059 9
13 11 10 14 913 987 2
9 10 15 6 504 640 10
5 10 6 10 417 481 10
12 13 12 14 986 1104 4
13 5 7 9 687 781 7
13 9 10 12 741 870 9
8 12 5 8 428 471 2
7 14 11 9 987 1117 6
13 5 12 15 674 835 10
6 10 6 8 349 390 9
8 6 12 11 1266 1380 5
12 12 7 11 85 146 3
8 12 12 13 615 728 6
5 7 11 9 109 181 1
6 6 10 10 145 259 6
15 10 10 10 380 493 2
6 11 14 10 211 306 7
12 12 9 15 1380 1468 7
7 8 15 10 1118 1230 9
12 13 5 14 1525 1678 4
10 14 9 9 1704 1773 4
15 10 7 11 939 997 8
14 9 10 15 1392 1442 3
12 7 11 10 1702 1764 5
10 6 10 9 119 237 6
7 12 5 8 974 1056 7
5 12 5 5 519 593 4
14 14 5 14 778 901 1
8 12 15 5 1045 1094 4
12 14 12 15 965 1106 3
5 11 6 14 910 994 4
7 15 13 12 380 455 1
7 9 10 11 396 485 3
10 10 11 10 362 510 4
14 10 12 14 45 162 8
14 7 9 5 97 166 9
14 13 15 14 891 977 1
12 5 5 5 320 393 5
