250
42 16 28 49 215 4278 2500
16 56 61 54 140 4137 2500
62 36 66 31 98 1798 2500
28 68 51 71 251 1154 2500
37 27 53 37 68 923 2500
70 39 23 21 213 1010 2500
30 53 60 73 159 865 2500
60 15 41 53 146 3379 2500
35 21 63 59 8 2843 2500
58 74 34 28 138 1163 2500
30 30 68 29 220 1400 2500
68 57 62 26 231 4172 2500
72 37 41 65 195 4485 2500
46 17 38 60 9 1796 2500
65 23 56 73 41 3181 2500
39 64 42 49 141 3342 2500
25 27 36 62 26 860 2500
23 28 28 68 150 4055 2500
60 64 51 66 291 752 2500
27 17 29 38 20 4406 2500
72 52 49 16 143 4150 2500
51 57 33 46 118 1894 2500
67 36 50 33 14 2456 2500
30 19 16 18 237 1693 2500
56 20 63 55 110 2245 2500
62 45 17 65 83 3823 2500
65 44 22 30 163 934 2500
58 68 59 71 4 4015 2500
66 37 71 71 91 1952 2500
24 48 23 63 130 3223 2500
63 23 28 70 19 1378 2500
53 43 29 45 289 470 2500
27 61 38 35 119 651 2500
61 57 71 58 103 2804 2500
57 38 37 18 37 4507 2500
74 73 56 55 56 1317 2500
52 53 47 42 237 992 2500
26 56 43 21 54 393 2500
63 39 25 59 68 2108 2500
38 29 45 66 142 4291 2500
74 52 19 72 90 503 2500
34 51 32 18 84 2625 2500
28 64 16 45 0 2165 2500
19 47 63 72 259 3087 2500
26 18 55 32 0 388 2500
69 42 17 20 53 1246 2500
29 16 36 54 292 3819 2500
61 52 26 60 215 2322 2500
63 58 27 34 293 2644 2500
58 59 60 74 92 963 2500
35 46 42 30 217 2594 2500
40 25 66 57 175 4238 2500
64 65 74 39 186 707 2500
15 23 49 33 264 3076 2500
63 47 39 37 37 1277 2500
52 44 49 72 74 3270 2500
37 63 26 60 157 2664 2500
64 32 49 74 19 2405 2500
37 32 17 42 214 2515 2500
51 28 25 35 251 2800 2500
27 17 35 52 214 1139 2500
45 54 23 33 115 778 2500
41 45 26 28 151 2760 2500
24 27 34 16 291 613 2500
17 37 67 57 117 2511 2500
18 49 59 61 129 582 2500
38 64 59 40 4 2746 2500
50 44 17 54 281 4490 2500
52 22 30 39 230 1593 2500
24 74 50 28 37 3029 2500
65 46 27 36 10 3095 2500
16 37 25 48 245 3120 2500
56 52 70 47 3 3988 2500
31 73 60 49 185 706 2500
32 20 30 55 143 881 2500
27 61 70 49 55 3902 2500
29 71 28 46 226 4024 2500
43 40 18 36 18 3404 2500
39 44 33 62 57 998 2500
30 56 32 47 81 1100 2500
35 59 31 46 135 1814 2500
69 19 49 36 292 3552 2500
66 52 21 51 56 1598 2500
46 36 61 57 196 937 2500
50 49 53 32 131 2858 2500
61 20 73 18 271 4168 2500
39 59 30 61 114 1847 2500
72 56 35 50 102 1809 2500
47 38 34 41 212 841 2500
54 35 55 27 95 1159 2500
23 68 70 17 197 522 2500
15 52 43 17 218 3255 2500
56 62 36 60 154 3982 2500
32 32 38 49 140 2389 2500
25 49 26 74 151 2371 2500
68 60 17 66 43 1401 2500
30 38 57 40 240 727 2500
30 56 49 40 228 2310 2500
15 63 60 18 146 1069 2500
34 24 29 72 12 1089 2500
57 22 33 35 72 4237 2500
51 62 40 64 135 2360 2500
23 32 20 49 294 3033 2500
53 57 72 49 54 921 2500
50 41 43 30 0 4307 2500
73 65 54 70 38 607 2500
59 27 40 46 55 4133 2500
47 53 26 57 57 3005 2500
53 42 48 62 128 2747 2500
65 71 55 32 140 4216 2500
49 37 46 61 40 1701 2500
33 15 17 52 79 4419 2500
26 17 60 23 167 1858 2500
63 49 24 39 257 2795 2500
36 18 53 28 251 1132 2500
64 38 54 64 249 2767 2500
66 72 48 35 47 909 2500
35 52 68 53 229 2619 2500
38 17 58 43 293 3885 2500
48 28 27 69 183 1944 2500
38 50 20 40 272 1783 2500
42 21 22 43 170 2994 2500
68 74 72 61 203 3164 2500
35 34 31 56 183 326 2500
47 72 20 59 55 1812 2500
45 60 25 16 296 1401 2500
44 32 38 73 197 3537 2500
43 40 32 54 287 1527 2500
52 37 32 29 171 2645 2500
63 26 69 54 247 617 2500
37 52 55 29 146 4112 2500
73 16 39 58 36 2084 2500
52 58 29 70 89 1123 2500
33 48 34 33 194 988 2500
48 69 26 45 285 1114 2500
63 42 62 35 243 2973 2500
60 17 67 49 29 2154 2500
44 71 62 42 5 888 2500
61 36 63 47 179 2464 2500
70 61 61 38 51 3030 2500
22 45 46 74 292 2779 2500
38 17 26 46 51 2573 2500
39 52 73 67 223 3302 2500
43 35 51 65 263 2297 2500
67 53 19 33 41 3464 2500
50 72 54 21 222 1282 2500
71 38 59 31 45 4030 2500
21 28 58 19 10 4004 2500
16 25 65 26 261 2405 2500
16 66 30 42 137 675 2500
29 19 73 60 138 1886 2500
59 28 17 29 112 868 2500
49 18 49 69 5 384 2500
43 41 21 40 277 3989 2500
25 29 69 61 173 4510 2500
50 47 19 28 155 936 2500
43 40 22 68 146 4326 2500
35 48 57 65 278 4380 2500
56 26 64 42 91 1384 2500
48 62 41 23 105 2557 2500
56 54 27 35 149 2831 2500
34 62 40 38 220 902 2500
68 38 32 68 195 1352 2500
17 53 67 18 79 3236 2500
44 59 28 53 49 1812 2500
32 56 69 37 84 1449 2500
41 59 74 25 146 3855 2500
36 63 61 47 60 4193 2500
31 35 73 56 279 4009 2500
47 36 30 73 26 4374 2500
45 72 74 68 47 1039 2500
73 49 49 73 109 1787 2500
57 32 38 18 215 4415 2500
29 71 37 15 59 481 2500
60 59 40 35 47 1276 2500
63 31 15 30 0 1185 2500
65 37 63 62 272 1541 2500
18 22 40 18 5 3633 2500
32 53 55 44 43 4408 2500
38 22 41 20 223 1379 2500
64 40 32 24 14 3959 2500
20 62 66 24 82 1386 2500
73 49 33 24 210 3274 2500
15 42 67 53 10 2330 2500
26 21 56 16 120 2402 2500
68 57 69 53 46 2319 2500
37 67 55 27 146 929 2500
19 30 63 46 162 1283 2500
16 56 51 72 159 3788 2500
33 38 72 36 150 2287 2500
16 38 69 40 96 2857 2500
41 45 43 35 62 3518 2500
27 34 40 53 83 1691 2500
23 42 42 32 208 3884 2500
58 19 73 67 158 1121 2500
53 44 72 67 145 2839 2500
22 42 27 23 203 3167 2500
32 44 73 52 251 2106 2500
37 37 67 37 96 663 2500
71 43 29 70 103 2436 2500
20 51 40 53 222 3577 2500
71 51 53 15 29 2160 2500
26 58 20 28 131 3200 2500
22 44 42 58 90 920 2500
55 65 36 22 16 1549 2500
57 74 24 30 282 3999 2500
28 73 15 56 150 381 2500
30 36 29 66 221 3100 2500
20 66 44 20 105 1527 2500
29 49 29 46 235 359 2500
27 70 35 38 250 3661 2500
52 46 63 17 224 1718 2500
49 15 59 68 36 1215 2500
43 33 69 70 129 2222 2500
41 47 74 32 240 3760 2500
32 28 32 21 295 3607 2500
33 57 61 43 283 2238 2500
38 31 35 36 173 2429 2500
58 29 58 17 290 695 2500
20 19 24 66 137 2738 2500
34 61 43 39 151 1947 2500
30 28 22 71 243 2951 2500
66 24 30 47 46 2342 2500
33 47 31 29 87 3351 2500
39 50 52 15 109 3515 2500
48 40 43 32 244 1216 2500
39 25 42 66 278 915 2500
68 71 21 60 49 2972 2500
53 23 40 40 281 496 2500
42 60 64 55 76 4465 2500
71 17 40 62 58 3947 2500
62 19 64 62 194 2603 2500
54 52 65 18 282 2374 2500
22 33 73 52 17 1647 2500
30 33 40 57 77 947 2500
74 39 25 68 149 2225 2500
71 70 67 66 97 4323 2500
47 34 27 39 26 4386 2500
29 33 38 29 278 4011 2500
48 17 25 54 234 2148 2500
40 52 24 60 99 2147 2500
59 19 30 48 299 1341 2500
62 72 29 40 203 978 2500
63 25 45 43 292 1869 2500
42 36 64 22 148 2139 2500
44 73 37 43 85 1279 2500
30 64 55 36 181 1553 2500
29 23 54 52 221 4188 2500
18 19 30 69 68 2220 2500
67 47 37 21 169 1002 2500
