200
80 52 76 40 0 289 217
58 40 49 38 0 208 762
54 100 81 41 0 281 757
56 95 19 94 0 238 238
35 71 32 98 238 448 622
84 61 79 32 313 635 930
90 51 21 37 435 733 305
25 75 55 77 508 753 840
11 58 14 74 724 803 499
49 86 22 98 646 956 609
10 33 62 70 782 1107 474
31 37 72 27 1006 1175 920
95 37 68 83 1146 1412 360
34 54 45 16 1079 1238 947
90 20 48 55 1416 1797 913
50 24 14 18 1457 1437 353
62 49 67 72 1320 1858 146
33 30 62 87 1417 1731 491
71 33 74 34 1644 1763 381
78 36 33 53 1940 2197 625
20 48 23 90 1846 2177 426
49 86 73 21 2146 2434 523
53 16 74 22 2258 2773 573
92 32 31 70 2183 2676 295
40 100 75 24 2725 2942 871
53 70 34 78 3012 3665 819
25 79 18 35 2778 3504 348
92 43 46 68 2732 2851 542
32 57 78 52 2771 3403 227
99 74 41 96 3232 3496 326
56 64 95 51 2859 3335 660
95 37 54 98 3053 3185 156
81 42 14 67 3405 3310 569
55 35 46 26 4082 3944 674
65 36 48 81 4085 5086 532
68 47 42 53 4561 4421 865
74 21 81 48 4787 5814 960
49 98 71 21 4896 6080 446
57 56 71 52 5137 5376 683
39 91 40 22 5282 5147 151
18 59 52 23 5235 4961 682
53 43 96 70 6219 6720 879
11 17 89 83 6626 6886 748
84 40 68 66 7197 8732 816
10 25 76 64 6129 6852 717
53 56 31 95 7755 9533 290
46 67 99 34 7330 9026 731
90 80 48 51 6660 7446 283
95 35 60 36 8118 8502 410
99 83 17 27 6967 8485 450
55 63 92 56 7764 7367 370
32 52 69 39 7310 8559 978
95 75 12 31 8753 9727 721
60 38 53 26 8808 9008 704
70 60 34 29 9519 10656 751
46 92 99 56 8592 8669 103
100 55 40 97 9410 9168 505
51 31 50 14 10681 11273 768
56 22 26 30 11531 10518 586
70 37 14 10 10487 12659 532
71 55 91 54 11751 12915 625
50 66 53 82 13344 14660 338
83 88 62 53 14129 14502 993
94 48 57 76 12287 13219 996
17 33 45 14 13003 14993 439
95 12 57 88 13267 12617 626
64 76 29 74 13144 15935 635
29 24 82 46 12444 12167 366
71 88 67 68 13393 14679 742
54 63 92 76 13245 16211 287
77 71 78 97 13335 15729 165
68 66 37 12 15428 16991 233
84 17 70 13 15750 19090 630
27 81 40 21 14093 16283 929
38 77 21 54 13529 15260 414
91 22 65 21 17031 20372 601
27 53 67 100 15636 16016 146
42 87 39 81 14806 13814 105
12 27 12 95 17166 20526 570
37 55 75 22 15835 18576 791
17 85 41 91 15196 18173 927
79 23 29 82 14455 13414 435
76 57 80 56 18940 20904 107
17 81 13 57 17408 20364 345
20 23 31 41 18856 20789 582
69 46 37 95 16482 16310 763
73 100 88 21 19190 22846 125
56 65 17 100 16671 18512 193
83 16 72 70 16504 16719 511
67 59 83 95 16303 17770 667
29 62 46 29 19201 21689 341
83 83 93 32 17387 20266 470
54 12 81 40 16470 19802 252
83 100 97 79 20691 22096 868
69 13 66 19 21115 23337 861
73 22 77 65 17400 16543 270
79 74 53 73 22018 23549 123
26 47 71 68 23464 27134 486
90 80 81 17 19888 21644 450
67 98 48 14 19861 22458 746
93 17 80 87 23296 25091 697
41 27 77 11 24639 24832 401
83 20 23 21 22067 23250 519
54 25 35 86 26281 25727 186
24 67 61 50 23331 22553 556
77 66 69 81 23945 25754 472
60 48 78 22 27978 33460 458
17 74 39 53 30179 29634 636
66 25 92 100 29429 30669 842
82 88 42 56 26892 27789 232
69 99 62 42 33858 36593 562
11 73 39 88 34208 40544 463
77 53 53 90 33546 36183 235
78 91 100 94 36401 37869 406
28 38 80 79 32789 37676 981
77 61 40 73 34616 37970 317
28 14 72 78 37714 34848 711
28 15 56 43 37989 40785 142
10 44 96 67 40217 37433 442
54 20 96 19 41905 40531 769
84 36 92 30 42472 50746 205
32 18 88 96 37810 44780 836
82 10 11 60 44101 43715 552
15 16 63 31 39106 36518 343
92 47 73 17 40660 43251 846
61 43 33 97 45496 53788 490
33 96 37 34 46515 53770 383
62 74 82 97 48272 47874 732
29 95 98 13 51538 55047 173
50 26 98 84 56783 56547 161
86 51 24 81 56521 53729 918
15 80 100 74 51412 60438 976
30 77 15 53 53937 60450 630
21 16 44 31 58324 59737 548
93 18 11 83 62155 72351 201
24 80 33 44 53849 62898 837
35 33 84 30 61835 72743 184
14 15 85 20 60158 69902 122
99 69 63 47 54788 53784 598
11 55 12 10 53269 53363 657
24 74 20 96 57356 64653 696
89 18 53 97 52350 63038 387
89 75 33 17 54951 56068 649
69 91 98 21 55054 64571 825
48 46 18 75 49843 54393 207
77 83 36 60 63250 62760 317
98 83 97 30 61338 57219 414
28 17 23 65 59324 71181 101
98 52 91 84 53528 49770 478
25 82 76 18 63553 69968 185
68 17 70 99 56263 60909 327
70 34 83 62 64261 68990 562
67 44 68 81 60907 62023 534
13 87 62 10 56863 51817 644
42 48 32 69 71493 80705 975
45 14 23 62 74955 82761 686
73 38 45 58 69351 73259 113
77 83 62 99 62627 62808 257
92 48 73 58 66301 68198 418
94 90 15 40 76080 90029 799
13 29 16 45 64881 70406 880
19 36 31 14 78134 92980 844
87 39 26 10 79838 92396 440
91 92 28 66 69125 71771 816
69 24 80 60 86036 86643 231
49 93 69 36 82841 97553 528
69 47 75 89 90936 87633 708
11 73 32 46 84352 84443 394
51 16 72 80 86333 82416 332
23 24 74 34 96108 95643 648
28 51 45 60 89268 99925 990
42 76 73 40 91220 89779 430
42 66 86 48 108639 112739 694
32 75 58 21 88491 94651 157
27 31 95 47 89041 103086 168
100 88 81 93 97136 101726 456
54 49 48 45 114440 133109 591
62 72 75 12 95478 101491 265
28 13 23 28 91656 104264 694
59 43 69 47 107852 97627 146
24 16 71 23 94159 85170 580
48 73 20 64 99434 102988 295
26 28 53 64 109827 119340 896
65 25 68 40 116346 133514 500
31 29 22 76 105683 99228 528
80 100 65 10 121372 121763 465
100 27 48 66 134973 134361 917
77 38 14 33 117380 124524 986
36 83 62 29 110134 113821 337
45 68 77 11 136884 155273 752
53 16 10 17 124255 128001 719
68 63 32 11 113349 109042 398
40 74 60 88 120950 134596 134
10 78 61 45 120673 128547 839
48 85 29 56 131491 127390 276
79 67 92 44 143229 172053 934
57 88 59 72 143931 130331 851
95 52 52 93 149741 145534 740
55 11 67 63 138246 165749 171
60 53 84 18 145587 140240 886
