100
35 40 45 4 68 91 4
11 40 38 6 77 155 8
34 45 18 44 28 59 9
13 1 37 35 36 72 7
20 16 22 40 76 138 10
50 34 42 34 50 128 8
16 28 44 30 12 20 8
16 17 44 33 9 16 3
50 14 39 35 72 189 9
19 30 6 45 55 101 8
19 34 43 11 2 6 9
36 26 6 23 75 213 2
12 22 48 15 63 178 2
25 45 29 43 37 87 4
12 29 42 24 64 187 3
37 21 7 2 39 41 6
20 33 4 17 24 25 8
12 31 34 4 32 95 8
35 24 42 1 15 39 9
26 24 34 31 10 26 6
31 29 37 50 37 59 3
26 31 9 2 11 17 5
15 17 4 10 93 199 6
36 5 44 32 44 76 10
9 48 26 48 50 50 5
13 39 8 8 51 121 5
30 28 3 10 5 15 2
49 39 36 16 49 113 10
3 1 17 50 17 45 3
19 17 8 20 53 126 9
41 12 31 42 94 188 10
33 42 18 46 80 128 6
47 46 27 29 29 44 8
33 34 35 35 77 88 7
38 30 48 29 55 85 8
40 35 42 47 33 55 1
31 7 50 9 56 125 6
16 4 2 45 99 193 5
42 25 44 22 84 157 10
3 41 49 1 92 153 10
29 40 7 5 81 194 1
2 37 20 39 9 15 3
49 43 37 26 81 121 3
7 6 16 37 11 33 8
13 8 1 19 45 49 7
25 19 1 1 14 37 9
42 17 34 5 85 221 10
48 33 16 18 93 275 5
10 5 49 47 49 147 5
23 31 4 32 62 140 10
31 24 46 27 40 92 4
25 38 48 27 75 103 3
14 36 17 31 64 122 10
37 45 28 48 46 136 9
21 4 27 26 66 93 9
48 35 25 20 2 3 7
30 1 18 13 68 173 1
43 24 14 28 79 198 10
17 3 30 12 54 83 6
19 42 41 33 75 128 5
34 39 42 49 15 36 8
40 6 6 30 55 98 8
33 28 19 40 25 53 2
41 40 42 15 65 102 7
2 36 7 10 82 242 9
16 44 46 46 42 71 9
30 31 24 6 85 199 8
48 49 37 36 76 190 8
9 37 1 10 52 57 9
27 35 8 1 81 232 9
35 45 35 3 47 75 4
49 26 44 1 44 119 9
29 33 29 45 42 124 3
36 3 6 13 14 39 7
8 2 7 33 17 26 9
50 36 34 33 57 60 5
45 42 18 41 98 165 9
11 26 27 8 29 56 5
19 41 2 50 7 21 6
30 17 11 22 18 32 5
14 25 48 45 42 49 7
50 49 10 50 23 40 6
43 23 3 36 89 121 3
42 19 33 6 74 81 5
19 3 48 34 56 102 5
23 33 36 20 43 94 8
46 30 13 30 2 6 4
28 22 19 41 62 104 8
43 22 17 13 32 69 3
44 44 15 48 18 41 5
12 48 36 50 25 58 3
42 30 3 32 8 23 7
38 31 8 21 70 155 1
14 36 48 11 89 267 2
39 41 22 23 37 94 1
48 44 48 13 77 78 3
36 8 26 7 99 110 3
7 2 30 30 67 171 7
28 41 8 37 71 212 3
26 8 4 37 72 154 6
