300
34 12 30 12 35 184 392
29 41 12 36 455 587 86
32 14 24 48 1 109 256
42 10 30 17 245 490 212
36 17 29 37 454 574 405
31 13 30 13 58 290 202
12 15 29 45 323 450 102
23 48 31 28 225 366 390
31 20 33 36 181 337 445
34 39 41 30 176 340 131
11 16 43 18 124 374 210
43 14 50 32 78 224 162
37 39 33 12 132 350 84
23 36 19 19 235 378 73
20 48 19 29 27 273 164
36 39 31 50 425 537 167
33 17 36 35 476 738 433
16 28 38 40 48 244 100
23 17 31 28 222 453 439
34 17 20 32 71 288 464
18 10 21 50 326 459 101
19 27 23 10 321 440 126
14 46 44 10 354 486 382
15 44 23 41 5 247 215
17 11 30 12 242 521 279
32 46 46 12 60 174 258
21 16 42 29 283 520 90
37 35 34 46 68 309 150
10 46 47 34 86 274 436
27 48 33 44 247 401 212
44 49 18 40 485 677 464
12 27 14 38 431 680 317
27 14 22 38 461 715 451
25 39 40 35 249 452 304
16 13 15 38 225 398 119
47 43 45 39 28 146 413
15 30 21 18 95 306 481
21 43 48 30 321 539 90
27 46 11 22 251 507 201
13 10 48 37 380 554 202
27 43 14 25 206 450 267
30 21 23 26 201 402 126
19 45 39 23 490 627 347
36 12 19 23 270 564 281
25 28 28 31 423 703 172
11 27 17 41 106 291 326
34 42 21 33 75 251 204
44 31 34 49 430 722 459
21 48 36 36 350 555 107
32 36 42 33 89 189 271
14 36 34 41 339 447 455
36 33 35 47 115 294 306
30 22 38 30 223 502 98
10 41 32 23 469 642 138
47 11 20 47 348 551 161
37 47 16 23 149 290 62
10 26 23 31 359 483 465
50 33 25 33 446 673 98
31 42 30 38 148 407 422
32 46 42 29 219 326 357
48 10 15 30 465 710 456
32 24 26 47 372 485 65
12 14 46 37 205 455 489
18 47 30 48 485 734 68
38 45 40 16 66 240 266
33 13 43 27 315 505 109
33 40 29 11 190 291 96
21 47 15 50 113 225 360
31 26 33 47 344 518 152
13 34 45 13 322 590 301
47 20 47 38 74 326 438
16 31 27 12 251 396 443
42 34 36 15 464 672 346
43 46 50 36 483 711 321
50 40 38 20 246 514 467
26 11 42 22 388 619 85
25 32 16 38 338 620 273
27 29 48 18 69 211 320
20 21 17 36 203 408 473
47 15 19 10 91 229 223
25 38 44 30 226 432 252
50 20 13 28 212 408 385
37 22 36 36 216 385 207
43 36 48 36 351 627 429
13 28 45 16 48 184 319
24 41 45 38 369 476 397
26 34 36 11 222 488 307
26 33 17 20 394 580 79
16 16 45 50 45 179 419
12 14 13 27 123 271 248
48 25 43 11 60 318 141
38 48 21 19 184 285 198
13 12 23 42 265 410 258
11 32 33 41 25 236 219
40 41 21 30 143 305 263
19 34 37 40 287 492 303
14 24 24 45 418 524 494
46 14 29 20 340 467 403
14 25 19 22 336 540 260
21 42 46 17 128 233 422
45 39 18 18 6 204 134
44 40 15 16 96 274 446
23 49 44 33 122 421 118
43 30 27 12 332 616 480
41 30 39 48 97 386 437
21 38 25 17 414 546 218
15 23 47 29 311 501 366
24 34 17 17 257 360 321
26 24 14 46 492 698 464
45 23 41 39 207 398 379
39 35 19 14 161 374 91
32 12 29 48 78 246 496
24 32 27 42 81 224 374
18 48 13 38 416 662 226
12 42 30 36 81 354 209
38 41 18 36 161 294 390
40 32 47 32 278 472 172
46 25 11 18 276 516 475
23 20 33 19 404 692 234
50 12 27 33 217 479 491
38 44 42 39 264 503 211
31 23 36 35 416 699 261
21 48 45 11 328 621 112
44 45 27 17 36 222 154
13 36 36 20 165 353 162
46 25 38 40 225 514 351
29 40 11 46 254 458 247
41 11 37 49 146 254 424
38 26 21 11 366 665 415
25 40 46 20 487 622 337
34 16 19 38 125 311 117
48 11 50 28 231 331 193
43 14 47 40 117 275 483
41 18 30 49 433 731 285
43 37 35 46 164 404 232
19 48 24 43 170 283 496
22 23 21 35 170 327 154
27 31 15 48 181 298 304
43 23 27 24 295 439 341
38 14 17 32 367 487 421
25 44 24 43 365 529 322
38 42 29 24 324 457 395
44 46 36 34 250 397 329
39 46 48 42 290 551 132
21 27 42 34 308 598 128
22 39 16 37 288 555 274
38 32 37 40 194 417 104
24 23 19 43 94 381 52
11 27 38 30 403 595 159
24 49 30 13 220 354 343
14 14 24 13 270 371 201
26 21 43 38 346 478 176
31 45 35 23 486 702 310
23 18 40 12 131 264 438
18 43 13 27 302 458 76
23 25 26 17 78 257 482
24 19 46 32 100 215 85
15 28 42 36 248 535 205
23 13 13 27 466 569 96
49 31 41 38 127 295 413
31 31 30 22 388 580 401
25 38 40 30 357 506 69
26 33 30 19 49 293 81
26 41 44 38 174 449 152
27 27 25 20 416 642 457
47 12 17 20 220 399 283
44 33 40 21 137 349 392
31 48 31 27 7 259 200
15 26 26 38 354 638 244
18 46 36 14 149 422 454
25 26 25 50 389 513 142
30 45 29 37 100 323 264
37 28 45 40 393 574 490
48 36 19 38 79 331 165
19 16 35 17 300 571 70
36 22 48 10 436 655 363
37 23 41 12 205 488 385
14 44 14 45 109 304 471
27 22 32 47 354 490 360
22 45 48 16 212 455 171
27 23 26 33 50 238 338
26 44 24 12 454 623 422
26 15 18 32 80 244 208
20 38 20 36 76 192 289
19 39 38 10 166 366 492
32 13 47 44 432 661 477
27 16 12 18 498 769 487
28 14 42 35 393 592 348
29 33 26 37 370 584 79
12 34 18 43 209 489 499
27 26 11 20 330 455 85
19 43 16 21 253 366 354
35 36 28 48 470 654 105
37 22 46 10 90 334 414
26 41 10 30 361 477 388
16 25 33 29 351 626 168
43 49 41 43 471 605 248
16 32 50 43 70 204 342
23 16 13 10 202 436 225
44 15 37 14 114 244 172
46 27 20 11 19 244 371
21 47 28 39 301 549 412
26 42 48 31 447 701 436
17 13 28 12 62 169 167
40 47 29 32 422 683 319
24 38 13 18 322 475 113
17 48 12 41 471 636 58
44 12 26 40 53 249 146
22 38 48 15 486 596 165
45 13 28 25 407 536 196
46 34 11 11 296 452 97
38 49 43 27 89 338 405
43 34 14 21 201 493 107
21 19 48 15 204 502 444
44 35 45 20 302 464 181
45 13 19 15 478 745 217
12 17 18 38 228 498 106
45 49 21 18 451 751 403
13 47 21 49 220 514 82
49 40 46 23 406 588 114
10 25 14 10 346 547 337
31 44 15 42 463 588 407
10 17 37 34 428 564 260
24 18 16 15 269 426 162
27 28 29 49 349 522 189
31 19 27 39 404 650 179
37 10 49 33 139 335 341
49 37 32 50 50 237 489
48 40 45 42 56 257 269
47 11 17 42 198 378 307
41 43 29 31 440 590 394
17 49 23 43 267 408 263
13 19 34 31 38 156 209
39 40 19 22 342 613 75
35 40 23 36 189 460 190
25 34 49 21 439 645 488
44 12 35 24 78 273 482
13 15 28 24 231 449 265
41 49 24 17 444 672 484
43 31 39 13 194 300 413
19 39 30 23 453 683 359
30 29 28 15 312 508 372
12 23 26 46 373 520 140
13 47 27 34 378 533 224
46 17 19 41 292 536 462
46 49 42 29 53 200 479
15 50 47 41 140 362 85
34 46 41 47 450 587 51
15 20 35 28 384 517 169
31 40 32 22 74 352 257
46 47 16 15 368 573 320
49 21 19 10 2 236 204
48 31 13 12 408 531 458
36 23 30 22 162 303 175
49 28 21 25 461 677 416
13 36 31 48 461 619 441
30 24 49 12 44 181 368
25 47 22 49 53 273 423
11 33 45 22 56 172 241
42 15 19 39 3 229 152
32 19 27 37 177 442 161
46 41 18 15 264 454 494
42 48 10 44 398 567 456
27 35 45 11 357 649 119
28 30 43 48 25 277 399
16 35 46 44 62 210 156
48 31 29 48 357 634 280
39 32 15 21 395 654 308
12 47 39 45 8 259 169
18 34 45 30 180 400 144
46 28 12 17 10 159 423
41 25 16 18 3 155 148
30 19 39 38 268 565 61
11 34 45 10 100 306 263
40 11 30 21 49 195 73
50 48 32 49 110 307 99
47 17 20 11 266 553 439
44 31 30 46 26 207 199
20 37 35 35 373 542 380
37 11 11 17 399 542 343
16 20 29 43 93 276 381
36 15 44 29 134 345 355
45 20 13 29 386 592 332
14 15 23 50 335 471 377
16 12 16 47 42 149 207
32 28 50 45 298 487 287
46 24 36 38 453 573 274
29 33 36 38 367 649 120
19 43 27 46 353 649 362
28 14 38 46 190 385 219
16 44 17 10 444 598 457
30 19 22 39 464 569 232
41 28 47 24 223 472 454
40 19 24 18 306 429 170
13 32 32 10 372 506 487
46 31 12 38 337 583 490
39 16 23 38 328 490 417
30 32 18 34 299 536 194
19 14 16 41 227 379 207
28 43 49 35 355 514 410
