50
22 34 92 11 0 153 680
94 33 27 14 0 196 318
15 71 81 75 0 260 663
37 28 96 32 0 180 670
36 59 49 72 190 411 880
90 66 85 39 233 492 157
35 50 79 93 333 554 707
76 61 88 97 451 762 636
40 85 55 43 564 892 991
16 66 76 93 636 1000 210
59 87 98 64 712 920 127
69 93 76 21 832 1175 277
48 92 74 61 1053 1517 187
44 25 43 62 1253 1451 501
80 67 67 83 1291 1550 639
15 58 18 25 1359 1753 774
77 22 75 57 1631 1799 368
46 91 42 10 1846 1908 152
21 49 54 70 2051 2357 653
32 48 34 15 2057 2386 150
31 68 98 14 2317 2508 607
22 66 37 85 2131 2557 351
73 59 31 81 2367 2585 337
90 94 12 80 2646 2822 647
18 37 48 75 2451 2651 720
93 94 26 22 2523 2871 267
87 56 55 92 2996 3034 603
56 94 81 74 2965 3108 663
14 91 64 91 3452 3690 191
22 63 21 94 3047 3576 453
90 71 14 72 4009 4827 278
24 68 24 83 3527 3659 902
59 33 17 21 4326 4216 100
42 12 22 58 3871 3773 931
54 99 83 75 4292 4561 233
43 62 82 56 3786 4579 272
11 55 20 99 3921 3857 143
12 17 67 27 4688 4561 633
98 54 74 62 4864 6085 225
75 47 25 27 4684 5120 298
97 37 55 14 5004 4897 608
44 19 71 81 5136 5341 285
51 39 32 83 4765 5206 815
27 60 70 94 5322 5434 381
84 52 81 43 5244 6334 463
20 70 95 28 5747 6317 583
32 36 11 16 6490 6295 176
76 77 98 76 6169 7170 800
25 18 29 48 5631 5384 836
29 15 36 85 7373 6951 940
