400
16 89 64 55 3976 4560 3
32 68 83 9 4616 5408 1
56 56 16 87 193 943 68
78 66 68 28 1193 1961 16
86 31 13 66 1096 1720 9
30 25 65 25 3021 3681 9
91 5 13 19 2764 3492 44
14 73 76 33 160 576 70
80 77 47 75 1955 2703 50
19 8 12 81 384 790 97
93 6 48 53 44 694 13
79 82 1 93 3260 3744 27
31 71 43 76 4372 4828 40
47 13 44 43 469 1225 94
67 85 36 6 2084 2826 15
20 22 57 79 2936 3402 85
51 59 55 5 1762 2424 10
23 95 61 57 4407 4941 28
48 67 76 44 1786 2366 73
16 73 77 5 2556 3286 75
60 35 44 10 4101 4867 21
36 100 98 45 3339 3785 67
7 91 25 26 217 827 81
54 44 71 26 1296 1850 51
20 8 62 20 1255 1669 84
69 2 38 92 296 994 37
62 25 48 83 1168 1850 7
44 73 78 22 3005 3729 16
62 67 45 4 2889 3667 15
83 18 18 59 4677 5293 97
9 24 46 80 4728 5336 92
67 18 52 29 1136 1622 88
9 77 100 76 2119 2559 11
91 93 6 63 301 963 6
34 96 23 61 1867 2335 46
53 44 21 39 2649 3063 8
60 66 41 75 1816 2612 97
76 97 22 59 177 585 53
98 97 51 35 4764 5402 48
25 83 78 81 195 837 9
30 30 67 74 2468 2960 67
72 45 2 12 625 1171 72
31 50 23 83 3234 4018 38
3 45 43 14 4708 5416 38
42 7 22 41 2266 2936 94
72 57 7 41 2466 3086 40
94 46 30 19 3547 4201 98
44 56 48 74 230 878 58
10 12 21 58 4756 5482 6
58 44 96 29 2693 3117 23
27 4 71 43 4156 4614 5
5 87 68 22 725 1283 23
66 52 7 85 2203 2791 91
83 84 42 63 2965 3721 5
75 86 77 95 2707 3273 14
14 84 82 99 3176 3782 76
82 90 95 80 78 838 40
47 29 73 95 4269 4829 62
10 3 93 64 56 708 49
95 34 98 85 4007 4411 7
18 5 63 98 2389 3049 82
54 38 54 71 1285 1767 43
40 36 25 85 449 889 3
26 92 41 93 307 855 73
90 3 63 93 4596 5038 25
7 22 18 54 3719 4355 85
27 47 38 97 2119 2597 95
21 19 20 82 1234 1970 64
22 51 49 15 4436 5104 59
24 37 72 97 3298 3852 41
8 16 98 100 1667 2267 65
83 50 54 36 4047 4693 50
12 15 9 15 1017 1577 44
53 75 29 85 1430 2170 35
32 39 86 53 2477 2937 26
37 18 35 83 2043 2601 95
19 38 56 19 4768 5266 84
29 41 70 4 1172 1808 98
34 84 68 10 599 1273 31
50 91 9 63 3881 4517 31
96 91 50 82 4159 4741 28
86 43 10 59 3778 4288 41
10 60 9 19 525 1243 27
31 2 73 99 4124 4558 61
31 26 1 87 2506 3300 12
18 56 45 94 4172 4716 21
70 58 46 55 1845 2441 91
69 82 65 13 4514 5252 56
67 32 54 87 2260 2930 100
37 4 47 63 4735 5205 57
56 64 90 62 4434 5198 2
62 18 24 95 2316 2826 64
91 4 67 3 1699 2207 86
21 17 10 51 3032 3756 1
73 39 81 6 1976 2552 53
99 63 100 95 2867 3497 69
34 94 58 84 4760 5274 72
49 90 9 43 2813 3545 5
9 85 2 29 315 751 55
88 81 28 25 3045 3595 90
56 22 71 49 679 1249 77
75 82 70 36 1811 2377 12
44 53 53 72 4736 5460 97
12 35 99 78 3395 3867 77
97 99 21 46 2260 2754 16
74 73 80 22 2258 2780 78
64 100 33 47 4622 5282 65
14 78 45 56 3773 4295 46
66 21 3 87 3617 4365 63
1 43 15 2 3884 4464 62
40 9 5 68 1077 1619 55
54 62 87 72 1489 1939 75
85 13 87 29 2025 2723 25
76 33 45 82 219 721 97
54 26 37 100 1886 2392 8
4 30 100 73 1745 2411 39
26 58 83 46 1191 1709 19
85 18 64 33 654 1188 18
23 14 86 16 1478 2180 50
9 32 34 25 548 1024 71
22 95 95 47 1065 1505 68
27 16 21 69 536 1262 10
73 98 58 16 2564 3026 28
68 69 31 40 674 1306 28
25 26 90 84 2682 3304 35
51 24 1 99 1589 2337 84
93 82 75 91 3100 3702 16
76 46 80 61 1410 2108 98
39 59 70 46 1125 1607 35
86 45 17 83 954 1420 5
99 71 82 27 2028 2476 15
99 94 69 12 1432 1998 84
82 2 40 68 1879 2645 28
22 97 86 95 2651 3421 8
55 70 8 11 2199 2649 23
67 76 24 96 1001 1723 23
61 46 33 62 1539 2073 21
64 12 52 99 1505 2157 56
88 17 57 8 3458 4108 21
53 84 21 91 2814 3554 76
50 8 91 52 4418 4846 3
15 43 64 69 917 1653 60
22 37 24 48 4570 5040 50
93 19 36 85 2789 3269 42
1 32 2 17 399 881 23
54 36 23 31 893 1367 66
56 84 44 23 395 1061 84
47 53 55 25 1106 1662 70
78 30 6 88 4294 5094 88
18 61 75 84 3144 3692 48
4 80 80 64 2668 3384 56
94 60 15 48 4384 5176 43
85 86 85 66 2984 3466 31
58 37 87 50 1420 2010 55
85 47 24 22 1722 2444 76
45 73 2 47 72 816 39
45 37 62 52 3275 3771 76
11 51 9 42 922 1662 21
95 17 22 100 3919 4465 30
85 65 79 86 2938 3628 83
62 100 22 41 732 1394 24
62 65 50 85 2198 2736 9
52 19 88 81 1501 2009 58
89 96 27 85 152 822 24
37 79 36 3 1070 1776 99
30 83 91 30 1543 2299 64
35 66 74 8 4207 4919 75
24 42 9 47 459 1067 60
41 34 52 70 1788 2416 59
13 71 38 52 3990 4672 54
7 55 4 69 1258 1678 50
16 41 13 61 4676 5326 58
74 71 96 46 1115 1585 42
53 79 24 31 1931 2429 7
20 14 95 77 4684 5210 50
98 41 97 67 4707 5337 62
8 56 44 97 2076 2870 81
42 97 66 20 4206 4644 48
49 74 75 87 3228 3836 55
55 33 93 95 71 659 20
39 46 26 64 1559 1965 84
43 15 82 78 545 1071 3
42 61 25 25 2541 3047 14
91 27 92 90 1039 1591 82
54 22 31 13 4281 4883 84
67 22 79 30 2904 3382 99
94 4 69 73 2477 2933 29
52 20 90 90 4298 4758 10
17 85 66 66 3556 4110 48
21 29 20 8 2124 2722 25
41 43 27 66 3064 3628 36
11 32 48 33 3503 4273 75
5 87 29 28 3885 4325 68
38 51 8 95 2576 3284 86
65 8 31 6 2888 3638 65
91 84 77 83 293 839 11
92 29 6 51 400 1142 72
91 36 92 90 1279 1909 62
47 88 56 76 4703 5165 27
97 8 67 98 4112 4830 91
31 55 95 68 2618 3346 59
45 42 95 67 3669 4349 41
34 84 52 88 3815 4403 65
15 57 35 53 1052 1788 32
96 8 66 27 3656 4404 36
5 41 6 40 2574 3202 26
24 98 71 36 2037 2519 96
55 28 48 33 1786 2478 27
24 93 97 16 4453 5141 77
100 51 88 2 3311 4073 73
96 41 24 86 773 1259 83
98 83 87 12 3484 4272 87
66 65 34 44 981 1533 32
74 55 35 26 476 1158 14
92 5 33 61 2102 2630 13
32 81 72 37 3579 4371 42
97 65 48 67 4169 4815 23
63 57 58 86 3984 4688 54
96 39 40 7 329 1013 9
48 1 16 73 1740 2144 98
99 53 72 81 1900 2600 73
63 78 96 11 257 931 28
66 76 22 22 385 937 11
19 32 95 85 3655 4129 74
50 19 71 85 4014 4594 100
70 10 49 5 1852 2286 78
98 17 63 83 1275 1783 6
37 33 7 58 3946 4462 12
65 16 82 52 4181 4811 14
84 12 19 51 2780 3534 74
35 72 22 33 3324 3946 49
8 39 20 10 3820 4530 37
2 6 66 56 3975 4547 73
20 23 46 86 2389 3075 23
51 25 77 82 2695 3263 73
27 13 55 35 2866 3306 76
24 60 60 50 4026 4646 54
77 73 32 82 515 1315 33
20 50 21 92 759 1455 47
85 28 37 47 1686 2108 13
3 92 24 39 4018 4696 77
22 5 72 2 906 1624 79
34 69 60 27 4511 4981 18
89 100 94 24 3751 4183 100
43 3 13 15 472 1050 21
71 54 59 47 3675 4465 83
20 59 45 87 3022 3568 82
36 97 98 98 58 598 87
19 84 26 71 1836 2386 97
71 7 13 41 703 1159 94
39 94 34 71 4078 4836 69
68 22 64 82 1694 2292 48
33 19 94 85 321 805 33
25 41 8 59 2805 3433 51
48 83 12 41 3102 3852 74
21 51 82 94 1106 1636 88
15 22 73 96 2282 2950 89
59 58 28 4 2225 2761 42
24 88 12 84 2254 2748 7
75 97 25 83 3033 3501 27
79 43 82 96 859 1365 88
45 84 65 28 4399 5141 48
17 74 51 93 2949 3529 84
51 8 99 66 3088 3708 82
96 93 39 9 4310 5044 91
59 77 64 67 4211 4961 80
4 76 94 88 3454 3990 54
59 47 45 92 3241 3969 16
19 70 20 78 984 1560 49
84 65 96 70 4365 4961 28
52 68 88 74 4018 4734 77
35 28 28 50 1706 2474 9
10 84 75 77 775 1391 40
30 50 90 4 3985 4623 32
34 73 35 4 783 1239 48
28 63 3 52 285 719 5
39 82 66 53 3746 4438 98
92 94 38 38 2819 3585 95
24 48 64 87 1761 2457 94
54 48 50 96 3346 3914 38
1 89 73 8 2296 3018 87
68 48 73 83 256 818 40
73 24 28 54 2478 3022 97
18 94 19 48 4376 4888 92
59 18 87 92 2743 3353 14
90 9 28 29 3722 4324 43
28 89 83 3 3958 4440 11
11 68 25 78 2157 2619 67
21 32 94 35 4559 5147 76
96 47 45 81 4129 4739 4
45 53 72 71 105 819 76
91 15 81 66 1608 2242 50
62 47 4 87 1125 1879 69
89 28 89 82 1212 1788 39
88 64 7 51 4092 4620 91
46 31 13 66 2954 3556 64
17 39 21 29 1564 2186 22
44 89 96 84 1131 1587 53
88 84 27 85 2983 3685 57
23 12 23 59 1199 1901 60
77 89 85 21 2246 2848 71
8 70 34 26 1669 2149 23
7 89 84 27 1962 2580 79
32 65 84 29 4091 4779 62
95 54 15 72 4632 5358 86
92 26 52 58 1332 1822 15
52 63 38 59 2370 2820 100
91 40 30 40 3570 4052 68
31 38 59 93 4754 5312 27
83 24 64 68 2171 2803 45
49 37 42 61 4267 4999 16
69 55 40 41 452 1212 65
75 79 96 26 2250 2860 15
89 85 64 79 3120 3718 91
72 68 30 27 3866 4428 45
46 74 82 18 3709 4313 76
55 94 65 48 1035 1793 5
41 88 38 28 2787 3319 50
72 78 75 51 4733 5431 14
82 85 5 4 1510 2166 84
61 30 63 79 2541 3043 7
60 3 97 77 2102 2756 72
21 26 53 69 435 1171 4
91 9 86 13 4785 5469 33
98 12 86 35 2498 3130 31
66 70 43 91 179 963 17
28 31 86 74 1612 2118 37
70 51 10 28 3769 4475 82
94 10 98 4 4634 5308 90
16 74 78 68 877 1403 30
51 87 74 40 4692 5308 52
43 8 92 86 973 1681 21
93 53 22 76 789 1289 91
42 47 9 22 2962 3642 85
86 65 56 89 2824 3472 5
57 64 17 65 212 950 6
97 6 13 93 2997 3715 93
62 60 48 66 1909 2607 88
37 61 75 100 1860 2420 29
39 86 33 35 3891 4577 63
36 95 61 59 1964 2468 9
57 53 12 59 2838 3364 11
57 5 14 67 2734 3232 68
67 42 76 47 1883 2401 90
47 52 20 21 4639 5115 66
23 10 67 72 4246 4850 66
12 19 87 32 657 1231 49
33 53 87 41 2507 2991 55
94 5 53 65 3104 3812 29
90 44 36 72 3509 4207 12
10 77 15 69 547 1125 16
64 13 100 96 3778 4508 48
43 18 91 67 1096 1714 48
76 4 35 68 3604 4128 58
27 70 34 67 4117 4703 48
97 57 56 77 1525 2291 26
93 4 9 45 2707 3327 90
21 65 4 70 4189 4927 84
55 22 60 4 1518 2022 86
15 69 7 11 2631 3281 4
77 92 34 32 1637 2237 51
18 13 35 100 540 1028 78
77 71 32 28 3263 3821 91
89 9 47 33 2310 2924 90
16 5 69 38 2293 2857 18
98 31 93 89 1146 1912 3
91 53 30 21 3279 3731 84
23 33 32 13 3665 4221 4
67 99 95 81 1377 1941 27
86 77 83 85 2423 2863 80
19 48 9 54 3357 3849 91
15 20 11 90 1978 2598 83
28 73 46 51 3582 4098 53
56 62 39 20 542 970 94
21 55 74 82 4370 4854 53
15 7 85 57 1234 1740 3
3 14 37 73 1136 1892 89
79 26 9 2 670 1200 69
63 3 9 89 619 1073 38
53 27 75 72 3933 4689 44
49 85 54 76 4498 5008 27
49 34 44 55 565 1025 63
2 8 8 49 4365 4829 21
89 94 43 53 490 1008 9
66 57 34 22 3524 4004 13
63 80 32 27 83 615 55
55 26 69 35 2950 3712 75
77 2 42 21 16 440 48
22 42 66 3 1410 1866 39
60 46 62 62 835 1351 46
77 3 15 56 1989 2421 31
63 83 97 58 3158 3568 86
41 35 62 17 1809 2447 82
53 23 86 80 1364 2128 84
91 16 21 5 218 952 80
64 86 100 41 4274 5044 3
52 18 12 79 599 1357 58
45 28 64 62 2619 3327 6
53 98 50 46 782 1522 74
34 66 39 33 1305 1839 2
