250
20 21 22 15 2902 3023 69
15 11 11 10 4441 4549 59
11 15 13 11 4502 4606 59
16 13 18 14 3750 3862 63
31 25 25 24 289 439 93
11 10 13 10 4590 4690 51
17 18 12 16 3780 3874 56
10 13 15 11 4460 4570 57
31 24 22 22 1085 1225 87
23 26 22 19 1767 1893 81
18 26 21 26 2297 2440 77
15 17 21 18 3058 3190 61
11 15 12 12 4396 4490 54
17 15 17 13 3773 3888 64
26 30 34 30 322 493 93
21 23 23 21 2330 2463 76
15 18 16 13 3796 3895 57
25 20 18 21 2185 2323 71
22 27 27 27 1692 1847 81
26 19 21 21 2335 2452 69
14 14 18 16 3737 3849 60
24 30 35 34 0 159 95
22 19 18 16 2646 2773 66
17 18 12 18 3696 3819 64
18 17 14 12 3630 3726 57
13 13 13 12 3708 3806 55
12 12 16 14 3660 3769 61
20 17 15 20 3126 3237 71
16 12 12 12 3799 3903 55
18 15 14 17 3788 3905 55
21 18 21 21 2226 2363 73
29 35 27 30 0 177 95
14 13 13 12 4523 4613 55
30 33 25 35 393 563 93
14 18 18 17 3774 3902 65
16 19 22 19 2676 2805 69
13 12 13 11 4471 4577 55
14 13 13 11 4441 4538 54
21 29 32 26 963 1104 87
10 13 10 15 4574 4680 59
28 29 26 25 1593 1749 83
21 27 26 22 1515 1666 83
15 17 12 12 3757 3846 58
11 14 14 10 4604 4693 50
13 12 10 15 4464 4552 59
31 33 29 29 807 963 89
14 11 13 11 4533 4630 50
13 17 18 16 3647 3746 55
19 17 20 17 3571 3675 61
19 23 25 24 1748 1884 81
23 23 19 16 2786 2904 72
30 29 29 31 846 1016 89
12 11 15 11 4401 4480 52
13 15 18 15 3725 3840 58
11 12 11 14 4458 4562 51
19 25 19 20 1939 2068 75
15 14 12 16 3761 3858 65
13 10 11 15 4524 4633 50
17 14 12 18 3847 3958 58
26 19 27 19 2148 2270 79
16 13 18 14 3631 3749 64
15 15 11 13 4496 4596 55
13 15 14 10 4409 4507 55
18 12 13 15 3651 3762 65
26 34 24 33 585 754 91
24 20 24 25 1255 1406 85
20 23 27 26 1776 1917 81
13 10 12 12 4454 4560 53
19 20 19 17 3219 3328 68
18 22 22 23 2403 2536 68
25 33 22 33 789 937 89
21 26 25 30 1362 1525 85
21 20 15 19 3043 3174 70
27 20 29 26 1190 1328 85
16 21 20 20 2688 2805 72
14 10 15 15 4521 4622 54
19 15 15 18 2960 3068 63
19 15 19 16 3059 3189 68
28 25 24 21 1510 1641 83
12 10 13 11 4537 4644 58
20 15 20 20 3011 3120 63
15 13 13 11 4587 4678 54
17 19 16 19 3035 3142 66
20 18 17 17 2173 2277 72
27 23 30 27 1259 1400 85
22 24 21 19 2443 2575 69
18 14 13 16 3664 3778 55
16 14 12 14 3900 3997 59
17 26 18 23 2153 2290 67
27 30 29 32 0 173 95
18 12 17 13 3669 3764 58
15 13 15 14 3654 3766 61
16 20 19 17 2770 2875 66
15 16 14 16 3724 3825 64
21 22 16 21 2996 3109 71
27 22 28 28 787 931 89
23 29 25 20 1537 1674 83
22 20 24 27 2090 2230 79
13 16 18 15 3655 3758 65
23 23 19 18 2837 2969 71
17 17 26 18 2244 2354 76
10 13 12 12 4533 4634 53
17 22 19 18 2392 2506 72
13 14 15 14 4367 4458 54
18 18 12 13 3815 3926 63
15 11 11 10 4576 4655 58
12 14 12 14 4454 4563 55
17 21 21 20 2974 3102 61
26 20 26 23 2325 2466 77
26 24 18 21 2222 2363 72
17 12 14 13 4109 4209 62
31 28 29 32 681 846 89
12 14 13 14 3849 3937 65
15 10 15 11 4412 4522 53
10 12 12 12 4521 4612 52
18 13 17 14 3750 3843 59
14 12 17 16 3708 3812 56
18 15 13 12 3764 3854 63
27 30 28 23 582 720 91
22 21 23 26 2118 2264 79
25 28 26 26 888 1045 89
24 26 19 23 1984 2137 79
29 20 24 22 1177 1317 85
22 26 20 25 2170 2303 77
24 24 22 24 1726 1868 81
20 22 17 19 2965 3090 62
26 33 22 25 866 1011 89
13 10 11 11 4609 4707 57
15 21 19 17 3023 3140 69
33 25 27 23 899 1067 89
14 12 12 14 4447 4544 51
15 11 10 15 4557 4658 51
12 12 15 12 4611 4715 51
32 32 34 27 328 509 93
26 20 25 22 1606 1748 83
30 31 24 30 0 164 95
24 21 25 26 2253 2399 77
12 14 11 15 4208 4301 56
10 14 14 14 4548 4641 52
10 10 15 11 4404 4504 59
15 16 21 17 2991 3114 65
11 11 14 13 4440 4539 55
18 17 13 14 3737 3856 57
18 22 22 16 3037 3154 68
10 14 13 12 4488 4575 50
24 21 22 29 1368 1505 85
11 12 11 10 4519 4608 54
33 22 27 31 708 852 89
10 14 12 15 4406 4493 55
20 20 20 18 3618 3747 59
23 22 22 17 2367 2490 75
21 29 26 26 1237 1369 85
23 20 17 18 2696 2823 72
25 23 22 20 1582 1704 83
15 15 15 18 3008 3125 67
14 15 13 14 3815 3918 58
10 14 14 15 4502 4596 58
14 18 17 18 3801 3915 56
32 28 27 32 521 693 91
34 31 28 36 0 190 95
11 14 12 13 4425 4514 50
14 10 12 14 4553 4635 55
11 12 10 10 4450 4529 49
14 10 11 15 4545 4626 56
22 23 28 27 1169 1299 85
24 24 23 24 1540 1684 83
13 12 14 18 3833 3930 58
15 17 18 13 3671 3779 63
13 12 13 12 4530 4611 54
13 14 16 18 3824 3927 61
15 19 18 19 3586 3718 62
29 21 29 20 1557 1696 83
17 15 16 19 3088 3209 63
16 21 15 16 3086 3186 63
18 23 22 19 2782 2904 67
15 10 14 14 4453 4561 50
15 22 18 19 2959 3066 69
15 11 10 15 4461 4567 50
17 18 23 19 2803 2912 67
16 13 13 17 3918 4011 61
28 30 25 23 893 1039 89
15 10 12 13 4407 4495 50
21 29 27 20 1651 1780 83
13 11 13 13 4489 4597 52
19 17 19 20 3469 3575 60
11 15 15 13 4540 4654 57
12 16 13 18 3681 3801 56
18 22 22 18 3066 3178 61
26 19 18 20 2150 2291 70
14 17 12 12 3852 3946 65
19 18 17 20 3090 3200 67
25 22 27 28 1041 1188 87
29 33 24 29 0 163 95
36 34 31 35 0 177 95
23 21 22 20 2771 2909 72
15 19 22 22 3007 3128 66
12 10 11 10 4599 4674 49
13 14 13 16 3752 3857 62
31 26 31 28 522 689 91
12 10 12 14 4576 4664 59
15 14 16 12 3874 3970 65
23 24 25 27 1682 1814 81
12 12 14 12 4445 4527 56
19 25 24 26 2047 2196 79
21 25 21 30 1156 1314 87
17 12 15 15 3741 3843 65
24 21 27 29 1244 1403 85
20 18 21 19 2979 3087 68
21 29 25 28 1324 1457 85
19 15 17 20 2999 3106 67
25 24 24 31 0 149 95
20 18 16 20 3573 3681 66
14 14 15 12 4500 4599 49
17 16 17 15 2987 3098 65
11 15 15 14 4595 4702 53
21 17 22 23 2266 2398 73
13 13 16 15 3784 3886 56
23 29 26 25 1611 1759 83
12 15 15 11 4420 4513 54
10 15 13 12 4568 4649 54
16 24 16 19 2625 2742 72
11 15 15 13 4428 4535 50
33 33 25 30 579 743 91
11 15 14 12 4567 4665 51
34 31 30 35 214 402 93
22 16 17 18 2912 3039 70
14 12 11 10 4530 4617 53
22 21 21 23 2382 2500 72
26 32 25 34 299 466 93
28 29 26 29 1636 1781 83
18 15 17 16 2909 3036 63
14 12 12 17 3675 3786 60
19 24 20 23 2400 2517 75
33 31 26 25 836 990 89
25 26 26 21 2138 2289 79
15 17 17 16 3698 3807 58
14 14 11 12 4479 4582 57
17 21 18 16 2874 2987 65
13 11 12 11 4444 4549 52
20 24 25 26 1338 1481 85
11 13 10 14 4538 4617 57
22 33 22 22 703 837 89
17 16 18 14 3734 3834 55
20 19 16 18 2719 2837 69
13 10 11 11 4577 4674 53
15 14 12 11 4403 4495 59
27 24 22 22 1913 2054 79
24 27 24 24 1589 1719 83
14 12 11 12 4583 4669 56
23 31 32 28 902 1053 89
