100
19 14 15 15 176 257 8
18 18 5 8 33 82 9
8 6 19 15 57 276 2
10 10 9 12 135 195 11
9 5 17 13 118 170 3
20 8 17 12 182 259 4
7 20 15 10 4 73 11
14 17 16 19 129 259 7
16 18 16 7 154 225 10
12 17 18 6 196 263 3
6 19 19 8 60 115 2
18 17 6 17 155 232 14
20 8 20 18 141 266 7
13 13 13 13 66 130 11
11 9 16 15 187 254 2
9 18 14 6 197 264 11
20 8 19 12 66 141 1
11 20 7 5 46 353 3
8 11 16 17 15 301 9
10 17 12 5 157 211 11
9 5 17 12 107 164 10
18 20 12 15 74 289 4
15 18 18 9 71 152 4
7 19 19 12 42 107 10
9 5 12 17 167 214 9
10 5 14 19 3 385 8
5 10 18 16 110 175 8
15 14 17 5 85 156 3
7 5 10 19 2 63 15
6 20 19 9 99 220 13
5 15 20 5 3 247 1
16 11 14 14 104 336 9
8 17 10 13 21 379 1
7 7 5 9 55 223 1
10 20 10 9 85 140 8
8 6 18 6 134 186 14
18 11 7 9 34 119 1
20 6 19 9 27 319 5
16 17 8 17 190 263 8
12 9 15 7 63 159 10
15 11 15 9 184 311 14
19 11 14 17 200 271 11
19 14 18 15 37 116 2
12 7 12 18 56 124 1
10 14 19 8 84 400 12
12 15 12 6 101 159 3
5 19 8 9 105 178 6
14 18 17 17 181 314 12
11 18 18 19 127 194 10
15 17 13 18 187 259 8
17 11 10 18 47 220 7
18 15 16 13 125 219 4
18 20 11 19 9 295 11
8 8 12 5 98 254 10
7 10 19 11 168 303 12
10 13 17 12 184 249 2
6 13 15 6 136 299 12
19 12 7 7 185 259 12
11 20 5 10 126 191 6
16 7 17 10 29 237 1
9 11 17 6 17 244 12
18 8 20 8 199 256 6
8 17 9 18 189 284 5
13 7 12 17 161 211 2
8 7 7 17 53 323 3
13 6 10 8 172 225 5
18 5 5 11 11 219 14
20 10 16 5 124 345 3
6 5 19 20 30 176 10
19 15 18 18 81 347 14
11 19 13 5 104 166 2
15 12 19 13 121 194 7
18 13 18 20 58 378 9
15 9 9 5 9 258 15
18 8 13 17 47 123 13
20 12 16 7 176 246 15
12 7 8 15 170 217 4
16 13 7 20 187 254 2
7 12 14 16 190 259 12
8 8 11 20 95 397 12
20 12 14 10 95 229 14
13 5 14 8 106 226 7
13 6 7 16 19 336 5
11 11 7 8 141 255 8
16 12 12 5 24 121 7
12 9 7 13 13 296 11
6 20 19 9 182 237 13
19 18 17 16 79 209 6
19 20 17 15 85 172 13
16 5 6 8 171 221 6
16 16 18 14 180 258 11
11 7 7 20 68 384 5
17 11 6 16 136 264 15
7 8 15 6 93 354 13
19 10 16 8 58 139 8
10 6 11 6 104 152 6
11 18 13 10 52 112 4
9 9 12 18 43 95 10
14 7 20 15 147 210 8
16 8 10 9 104 389 15
