250
14 37 57 75 0 185 359
97 98 60 83 0 361 986
55 76 45 15 0 212 636
72 14 72 84 0 222 147
60 17 89 59 270 486 238
46 46 19 58 358 475 848
46 51 62 27 346 590 846
71 30 75 46 429 738 313
76 28 95 20 636 770 590
78 22 52 29 730 1006 270
61 67 48 77 804 1184 568
13 15 26 50 953 1089 604
91 95 39 53 913 1314 892
85 29 25 37 1233 1672 326
11 91 67 53 1251 1592 472
30 55 34 21 1429 1666 256
67 56 92 71 1648 1973 816
54 10 33 20 1632 1797 525
64 36 49 15 1609 2034 275
15 33 19 76 1595 2008 626
100 86 39 51 1874 2254 491
89 79 55 84 2199 2850 107
94 52 80 36 1957 2370 981
21 53 47 39 2561 2470 311
79 74 85 86 2544 3209 638
81 20 53 61 2890 3239 296
30 99 45 71 2882 3147 256
15 34 97 14 2924 3468 888
18 61 57 64 2755 2682 938
76 13 86 43 3166 3301 750
14 49 53 57 2977 3772 319
12 55 69 56 3721 4548 249
13 56 57 48 4018 4978 560
71 46 53 47 4245 4621 120
91 71 87 46 4423 5013 879
70 89 58 76 4383 5418 260
73 37 83 18 5075 5897 162
64 29 49 79 4593 5352 818
50 71 99 100 4622 5876 236
24 39 63 42 5156 5957 750
40 52 99 49 5229 5980 134
36 41 20 44 4654 4331 670
85 38 11 50 5148 6131 932
46 100 75 33 5711 7082 117
90 26 55 69 6468 6702 186
89 49 80 70 6318 7766 478
31 19 25 97 6955 7982 978
52 58 25 59 6290 6520 565
44 32 95 45 7730 9142 785
74 45 96 53 7427 8822 109
87 38 86 93 7649 9311 741
10 71 19 53 7643 7966 312
17 61 47 97 7246 8065 376
64 67 55 14 8783 8498 803
71 34 99 10 8066 9833 400
58 58 71 58 8423 9803 181
78 83 72 91 7850 8822 441
61 66 17 36 9341 10890 659
99 31 17 10 8587 8980 936
93 77 75 11 8974 8949 602
51 54 91 90 8617 9633 662
69 13 82 58 9390 10530 323
27 61 97 66 8538 9771 386
84 89 11 92 9726 10339 477
57 56 94 13 8751 9680 218
54 79 68 99 10495 11390 205
29 100 56 61 10693 12351 440
64 51 70 41 9388 9981 968
62 27 10 71 11465 11044 820
77 59 58 20 11758 10850 315
96 96 36 19 11492 12017 631
81 99 65 30 11004 12831 107
93 69 68 100 10987 12530 413
21 57 33 88 12314 12822 275
28 48 89 100 12927 12158 188
49 71 72 56 14083 16671 735
34 45 85 13 11633 12695 141
87 26 74 55 15335 15506 238
75 98 70 16 15141 15077 553
60 65 19 26 16435 19233 441
90 77 38 75 15768 14609 989
99 27 24 51 15667 14889 505
87 53 61 69 17583 19801 664
89 94 67 84 15807 16295 970
54 66 36 74 19121 22233 984
84 41 75 96 16134 14932 191
83 23 38 41 18744 21079 166
73 100 14 16 18259 17933 112
53 60 85 13 21216 21997 846
83 22 90 48 20707 22838 643
10 96 16 79 21415 21632 640
83 64 54 70 21222 19548 546
44 77 89 18 23370 24869 563
89 13 60 60 23515 27089 133
32 52 95 80 26063 27410 551
56 50 53 48 22332 24694 193
29 93 92 34 24313 23270 347
16 83 96 18 24154 26870 842
42 40 68 63 22634 21356 132
96 48 32 54 24328 26109 998
44 47 67 33 24766 29678 269
39 45 44 94 26501 24818 105
56 90 96 17 23674 26272 490
24 91 93 51 25028 28825 917
84 86 53 46 27510 26491 263
28 99 50 92 23643 23195 924
79 84 32 72 25029 27958 649
18 99 29 88 24009 22119 422
59 59 52 52 25680 26699 155
100 15 89 82 26000 30007 128
87 96 27 25 26422 26359 290
98 90 97 86 29079 32802 241
29 86 92 18 28569 31205 396
26 62 31 52 26574 31668 365
43 11 25 53 28601 29577 227
40 76 29 22 29264 28635 325
54 70 22 19 28757 29410 172
69 10 37 90 30087 33500 708
64 56 44 58 33258 37658 135
57 98 92 16 28870 28857 522
26 18 80 29 36546 39763 376
58 71 62 87 33529 39776 687
60 18 78 33 36096 37169 412
53 98 75 90 37725 34453 572
50 52 35 81 41716 40118 767
32 15 100 74 37353 34692 431
35 79 48 19 37877 44682 958
63 50 57 11 35908 38987 872
50 68 70 17 38478 38063 775
89 56 52 34 38709 37109 958
19 24 92 48 34653 35966 630
37 23 28 26 44420 51837 782
15 28 34 57 42350 42490 318
17 37 74 40 46892 55632 373
44 65 50 82 44820 40943 540
49 66 64 14 50845 51286 133
27 100 74 41 44875 51945 938
85 94 52 53 50168 47526 188
45 58 67 63 49693 48916 492
93 41 55 20 45769 50662 869
92 31 33 18 53603 51515 868
21 17 50 27 57279 61455 869
31 40 78 68 48795 49724 310
96 72 48 14 60652 61168 157
36 95 31 97 61515 71430 865
79 35 58 15 67824 72343 425
60 86 92 93 66960 71345 473
70 85 71 30 73017 67617 875
17 26 50 31 65236 59090 990
99 29 18 75 78458 78996 249
39 58 50 51 85114 88398 108
79 31 38 74 76436 86931 648
87 98 70 49 79837 76235 891
82 62 42 30 82753 76254 943
76 72 85 26 93902 108946 953
98 90 66 100 94118 92767 544
42 94 24 59 82819 97044 918
21 41 94 80 84326 77337 249
74 19 90 21 92226 91346 971
62 27 74 43 81544 75754 606
18 87 87 49 80521 77175 198
42 51 87 11 80333 95630 808
26 43 83 95 93352 89344 653
34 92 57 23 85080 90868 114
22 63 24 84 78039 89857 395
87 61 97 54 87041 102560 746
93 80 89 70 89921 82133 716
69 39 28 91 93024 85778 358
62 47 23 63 89151 88443 811
77 17 28 69 84869 79361 196
80 16 75 98 96544 107651 253
34 37 40 63 98534 103241 164
26 58 51 99 108941 108004 945
95 81 69 33 108048 120777 430
94 50 79 65 100180 94192 255
13 86 84 87 120149 119669 513
76 21 66 63 106188 109645 143
70 25 67 91 98102 101838 988
66 98 19 11 115867 130976 603
34 78 79 80 118005 138524 362
29 59 31 46 122423 134836 925
91 55 48 14 107300 121910 845
89 25 99 56 129424 142991 228
84 94 90 89 113409 127962 748
82 87 21 78 114665 119857 684
67 64 52 50 114189 121437 481
67 33 69 95 111743 132415 565
10 38 50 69 125767 144401 785
39 64 99 95 139949 166559 584
22 71 67 21 128755 137035 642
97 26 56 58 146436 166152 377
34 39 80 85 152550 166948 971
99 19 92 43 161615 150549 238
81 62 46 28 154253 166514 842
25 45 80 78 153939 180364 892
29 81 71 53 160765 158082 752
40 62 34 64 183974 172762 487
40 38 100 99 186386 172590 545
40 35 15 66 197653 223872 969
56 50 73 91 214339 206263 300
42 51 34 95 178101 184599 175
56 31 25 77 217016 248542 129
20 23 99 38 221570 252386 943
64 27 93 74 222898 247216 580
96 19 27 98 197564 225651 224
95 74 79 72 210607 205479 483
47 98 21 12 212863 192736 223
61 59 92 31 251988 297981 826
47 28 99 82 256612 271464 450
25 56 88 51 217309 221238 874
25 32 48 44 230053 213371 115
40 10 68 14 246614 228165 310
50 16 98 35 267512 304587 798
69 74 11 21 250890 283786 264
71 17 74 54 244250 273384 299
77 49 68 30 290491 321931 348
67 67 55 43 299016 295867 225
19 41 92 99 296178 277632 575
12 77 11 12 266205 283606 600
73 18 69 97 328092 314431 491
57 39 28 54 323917 342648 767
67 91 19 30 286141 273366 365
14 70 64 83 351519 349667 733
74 84 56 92 357533 338800 815
37 90 61 20 382274 369035 194
68 74 42 55 378951 439424 169
89 36 62 24 380536 428280 461
54 63 91 50 432142 478036 602
16 86 82 99 385594 431153 444
77 29 39 31 450772 445357 177
91 45 23 75 422268 391198 409
95 30 17 74 439735 476573 154
29 23 61 54 439170 499268 668
49 59 37 97 412803 394015 612
73 36 29 10 419361 392584 639
67 42 55 51 398428 421199 558
64 23 13 61 432466 516988 372
40 73 75 98 445620 436523 571
20 22 59 41 503153 462419 295
68 93 61 70 477307 522148 672
88 23 16 67 533640 625458 788
86 34 16 21 465929 534480 971
85 22 39 33 489395 574117 495
25 80 42 85 459148 537644 209
16 66 47 62 555141 534991 861
45 31 53 71 527775 571602 608
44 100 61 78 604833 688939 925
39 50 48 91 594688 664154 741
92 53 79 27 651548 588594 644
95 97 84 62 648458 638918 407
