450
55 48 95 83 3996 9380 929 
30 42 86 90 2155 3246 616 
97 20 22 22 5068 7841 678 
49 94 57 45 5428 11120 798 
66 74 54 79 720 2294 254 
56 73 21 93 3404 5141 656 
32 58 84 50 2978 7197 987 
83 32 94 63 4615 9200 775 
21 65 36 57 3291 9793 134 
71 75 24 83 3955 9278 165 
71 45 57 36 1443 2629 722 
98 52 81 53 817 1925 953 
40 90 44 27 698 3632 641 
67 38 32 44 5110 7971 941 
59 72 59 39 5646 8376 394 
82 31 80 77 6609 8782 593 
92 59 60 80 6274 6725 104 
86 70 87 71 2439 8432 872 
96 26 68 78 4458 9640 429 
23 25 70 39 2820 10513 374 
21 32 23 58 4327 6165 817 
66 47 93 49 2417 9197 545 
64 84 61 62 2341 10039 326 
66 99 31 83 3830 8552 120 
68 43 97 40 6165 9883 656 
89 81 43 58 5271 9622 494 
42 90 48 29 950 8101 954 
25 74 62 54 6600 9102 293 
52 90 54 29 2033 3623 748 
69 25 41 90 6026 9380 962 
99 60 35 69 3435 6918 754 
55 49 31 44 2613 3609 481 
42 44 28 32 3521 7531 670 
32 88 55 85 598 8800 650 
96 74 84 92 3044 8813 619 
62 95 43 84 6565 9676 982 
93 71 51 77 6497 9098 623 
73 50 97 30 4393 8176 100 
51 66 46 85 234 5740 883 
72 77 53 75 4708 6413 614 
21 32 25 61 6221 9804 891 
93 36 43 23 3512 8463 427 
72 28 100 90 3397 6342 960 
62 81 34 38 1261 8785 745 
70 22 66 20 1952 6213 330 
51 51 91 98 4975 8011 163 
100 40 23 24 3277 3668 128 
55 78 73 26 570 7317 511 
75 95 100 78 903 7265 735 
29 66 86 85 1194 3231 198 
89 43 59 79 3184 9332 298 
42 88 76 88 3758 4830 510 
91 28 84 90 6172 10775 254 
91 59 56 25 3637 7173 805 
44 89 65 84 2438 6419 476 
72 77 33 44 2907 9521 418 
71 38 39 56 4654 7338 640 
47 84 29 47 5641 10917 422 
30 78 98 44 3316 4868 633 
76 49 21 23 1967 4094 181 
21 20 79 89 6186 10411 302 
87 94 35 54 1094 9882 643 
22 89 38 96 696 8331 825 
54 27 41 79 6047 9257 242 
88 61 67 49 1562 3222 659 
50 43 56 78 3629 4991 910 
30 73 86 66 919 8695 675 
68 81 29 25 1815 6941 693 
43 94 26 40 349 4043 409 
90 78 69 91 942 10625 929 
49 43 56 66 3795 6586 312 
34 27 80 72 2859 8144 640 
63 56 49 41 1709 3046 835 
85 84 62 27 3927 11157 759 
22 22 38 77 2057 6983 991 
22 26 97 31 594 8997 184 
33 73 70 41 6285 10477 320 
60 45 34 26 733 2410 245 
97 76 85 100 2022 4283 989 
37 49 20 61 5804 8905 557 
70 58 47 66 1409 5380 902 
28 65 88 62 337 7239 919 
93 94 61 28 3909 9148 799 
66 34 72 93 6253 8148 913 
25 43 52 45 5715 7386 689 
68 36 92 47 5402 9332 345 
57 61 81 62 1352 5683 996 
73 45 84 97 4046 8029 909 
40 85 83 47 2927 3406 504 
79 31 89 69 2345 3824 210 
53 60 36 43 656 10426 918 
21 88 47 39 1000 5715 444 
61 84 42 97 2222 5198 179 
87 80 96 89 4648 9913 278 
77 88 98 70 1988 6843 480 
27 48 50 93 629 3995 572 
83 56 37 99 525 1515 599 
57 34 49 63 6153 6723 449 
64 52 73 64 5443 8382 949 
34 52 21 88 1366 7639 579 
57 38 60 65 1407 1677 619 
49 85 36 97 2607 3398 906 
93 92 61 52 1686 9456 691 
50 36 58 58 753 8353 179 
99 21 80 69 2489 6477 403 
46 92 63 34 341 1213 444 
75 53 22 58 2771 9824 198 
28 65 58 94 3758 10806 972 
38 40 49 58 2358 3359 375 
69 69 100 32 3972 10082 979 
32 42 65 91 6231 9570 577 
86 29 49 76 5132 10732 203 
97 99 96 71 1174 4862 198 
64 25 33 54 6316 9143 358 
91 85 40 21 194 6910 340 
41 25 30 69 245 6686 814 
89 32 43 62 2862 3629 312 
58 77 69 61 6258 8837 856 
71 34 58 51 3993 7465 680 
82 60 38 97 6362 9772 936 
84 71 38 69 291 3434 278 
41 76 74 69 364 4475 171 
67 42 52 96 4202 6693 615 
69 57 21 41 6131 8063 259 
54 62 87 90 4750 8130 912 
60 48 81 37 631 4038 220 
95 38 90 89 5546 10811 937 
89 42 58 21 980 11089 496 
51 96 58 61 352 9775 231 
88 53 76 20 5199 10097 535 
42 52 23 77 2291 2705 870 
99 63 33 72 3354 8034 501 
87 59 25 78 6369 9756 492 
67 98 24 60 6095 6862 480 
44 90 32 74 6264 9651 426 
23 59 61 56 5530 8105 828 
20 55 75 45 1006 2996 512 
94 51 64 42 1517 4029 353 
79 99 38 22 4641 5633 596 
69 30 50 79 360 793 854 
73 64 34 36 158 2219 517 
56 42 84 77 5270 11177 767 
82 96 33 58 193 2743 232 
80 78 89 23 1496 5423 519 
58 62 47 49 4232 6700 314 
46 80 58 78 6543 8924 414 
59 41 62 44 1096 8746 775 
91 96 34 32 600 4395 527 
60 36 54 57 5609 8137 363 
83 40 48 38 2605 4352 710 
80 80 53 22 6194 7455 660 
50 21 79 36 853 7140 373 
82 96 76 45 6195 9477 325 
84 91 78 30 3463 3759 768 
74 93 63 95 621 6867 454 
81 30 90 74 891 3550 477 
71 38 80 61 5286 5835 722 
57 82 64 74 2084 6695 720 
89 69 68 87 3343 9821 148 
20 23 60 81 147 6979 422 
22 55 37 84 2177 3035 880 
36 42 33 60 5962 8191 129 
30 93 46 86 2436 10169 174 
81 40 68 30 246 3186 931 
94 78 97 35 5496 10306 656 
92 59 47 95 2840 3614 693 
61 32 76 31 693 1508 668 
90 97 71 77 3635 9810 648 
68 65 97 37 2614 5588 759 
79 40 56 66 4070 10032 671 
61 73 55 76 1211 6796 947 
81 79 77 95 2818 6992 956 
34 55 79 21 3804 8738 595 
94 84 56 100 6148 8171 614 
28 48 46 57 6036 10720 449 
24 59 70 56 5344 8001 1000 
81 65 59 20 3010 5861 621 
63 86 64 96 1480 6220 256 
94 24 67 91 6337 11005 678 
41 21 91 33 3021 5502 666 
28 91 24 51 2877 4323 932 
67 36 49 37 3555 7569 990 
98 50 20 77 2210 10332 586 
75 41 68 63 3734 7726 746 
25 22 94 21 3475 10981 914 
27 70 79 97 4640 10562 476 
99 67 87 80 3609 6274 746 
80 44 56 37 216 1175 431 
28 78 98 45 6101 9677 195 
82 92 32 58 5791 10975 570 
84 92 52 21 3576 8813 610 
83 95 85 30 5176 10626 100 
81 89 25 42 3884 8156 497 
79 86 95 28 1284 3578 811 
88 26 40 26 5636 10647 810 
44 50 39 33 5121 7186 363 
89 77 69 89 2166 10154 553 
31 49 82 33 2071 4162 313 
71 36 96 21 321 7596 586 
32 79 49 38 4591 5132 871 
36 20 50 66 340 4319 594 
81 62 83 87 3703 9329 158 
83 79 60 97 4620 5081 568 
37 42 76 96 381 2632 721 
91 41 46 48 4627 7441 189 
99 28 90 30 3627 6799 853 
73 62 88 85 3828 9570 461 
87 43 86 43 5421 8714 663 
80 74 47 30 3101 4677 278 
74 80 40 62 4795 10831 605 
47 21 87 27 5100 7896 144 
24 89 100 56 5887 7923 484 
84 53 46 92 2280 8227 222 
92 94 100 85 2596 5814 106 
24 90 46 65 5139 8084 745 
89 74 69 38 2984 10327 726 
79 46 80 46 3964 6703 475 
34 47 46 20 403 5896 525 
69 62 57 94 363 654 693 
58 58 58 28 3748 6706 521 
44 100 100 68 3626 6118 804 
74 62 30 95 1434 5636 281 
40 96 71 35 5645 5917 327 
83 29 72 77 3757 5503 967 
82 95 85 24 2934 4848 378 
82 68 49 64 4746 7991 320 
53 81 80 30 2153 7196 528 
83 96 78 38 3655 7602 431 
93 86 75 94 6700 8569 347 
82 35 61 59 4752 10382 494 
26 83 25 81 4436 5534 698 
24 51 37 82 1948 9764 724 
53 48 32 34 2896 3590 673 
51 41 88 33 5984 6696 265 
32 30 88 99 2901 4718 328 
50 75 80 64 3524 9622 474 
38 79 63 54 3496 4468 972 
86 85 93 70 3267 4720 424 
54 76 100 64 1187 2768 321 
31 54 96 75 6235 6713 671 
73 28 54 99 4588 8692 636 
38 53 34 32 5489 5889 277 
35 59 75 61 547 3725 373 
38 79 32 69 4971 8048 336 
93 45 51 33 4065 5726 462 
75 96 43 88 5263 7238 482 
70 97 59 36 1847 11045 168 
61 50 50 59 4555 5136 271 
99 71 38 60 28 5324 604 
81 23 85 42 3322 9766 306 
39 27 64 38 4707 9245 567 
92 33 97 87 4459 9143 975 
43 44 20 70 5122 5789 253 
84 41 51 38 2832 3317 348 
100 89 84 53 5380 8618 635 
51 41 59 77 5693 9869 298 
79 35 58 62 1669 7240 271 
90 40 83 90 2950 7169 416 
50 99 23 82 3992 4832 899 
90 48 34 52 138 2997 308 
52 34 53 44 1218 10015 417 
48 44 93 64 3116 7936 392 
55 71 79 28 3291 8090 659 
33 36 44 35 3791 10203 162 
50 69 90 97 4098 9216 864 
88 61 26 98 4570 9262 848 
29 74 97 79 5430 6641 662 
22 66 70 94 4112 9568 221 
45 37 76 86 4696 6855 215 
28 22 57 46 811 3791 101 
22 70 65 81 437 5340 614 
67 48 28 77 1639 10332 178 
43 47 80 21 1917 5090 214 
100 96 31 42 2078 2728 908 
26 84 35 61 3811 5272 907 
32 25 42 76 5044 7928 519 
91 80 23 92 834 6417 774 
48 42 46 39 6383 6648 234 
29 79 97 60 3390 7430 735 
97 86 36 63 459 7181 867 
52 62 28 33 512 10436 910 
36 97 54 60 5891 7960 148 
64 44 62 79 2708 4022 103 
82 82 35 97 1502 2893 670 
35 77 48 23 2157 3028 795 
79 60 68 94 5155 5983 416 
30 66 22 42 2675 10770 297 
93 85 95 63 983 3852 635 
21 71 28 86 2757 7338 365 
53 85 37 25 1947 10018 476 
82 56 74 58 2126 6995 464 
46 57 31 41 510 4893 966 
62 91 79 90 2252 4885 721 
35 61 48 84 1937 6659 382 
67 100 38 49 3863 10015 889 
45 100 39 74 1597 10819 639 
21 90 62 95 735 4421 989 
82 37 32 71 5351 10008 489 
49 27 65 30 3488 5295 446 
61 97 80 47 6170 8526 890 
35 99 72 82 2411 7417 479 
65 65 72 73 1545 3537 804 
34 67 61 23 2268 3846 382 
46 27 75 77 3952 5611 997 
97 57 46 27 6498 7135 396 
52 68 90 52 5356 9048 815 
75 51 47 83 6291 8907 824 
71 37 91 98 803 7920 723 
59 32 50 81 3465 8102 938 
42 87 20 60 4077 7806 925 
63 66 52 46 6364 9245 922 
59 55 24 22 793 4608 842 
82 84 25 55 669 6659 357 
26 95 99 56 6225 6651 856 
82 93 98 86 410 4305 161 
54 33 92 73 6315 7228 742 
30 65 60 91 4023 7529 295 
85 87 69 94 6685 10539 117 
92 93 80 87 2846 10843 564 
55 81 59 81 6086 8538 141 
27 56 94 46 2163 7700 896 
36 31 21 89 193 3983 568 
49 72 77 93 4224 8890 151 
76 56 66 59 6318 6634 962 
53 33 75 75 5138 9173 952 
88 81 32 70 4646 10367 614 
47 63 48 93 2026 7284 923 
43 70 39 31 43 11191 118 
56 85 38 49 3640 5386 203 
59 25 97 20 1282 6722 585 
76 28 58 25 1433 3255 681 
77 47 82 90 3274 4443 571 
21 75 59 60 3185 8334 154 
100 84 29 67 5499 9698 315 
64 90 45 96 6480 9794 587 
89 28 85 95 853 6256 841 
41 24 83 76 919 9400 778 
62 37 93 30 1099 6925 142 
23 59 61 54 2785 10104 192 
37 35 70 90 5006 10273 397 
86 77 20 37 723 8787 454 
35 94 39 30 1808 10790 171 
67 89 78 52 5541 6424 636 
68 21 78 34 1239 3113 744 
45 45 72 41 6443 10085 281 
56 88 34 99 4291 5448 143 
44 61 94 56 5252 10695 967 
68 61 33 38 1933 7717 901 
95 77 84 64 1530 9068 540 
91 66 39 72 5460 5769 909 
55 99 42 94 2694 8196 963 
66 76 78 49 1989 4563 955 
71 90 53 41 1437 9535 829 
52 58 59 92 2834 4904 509 
80 63 66 90 3474 7336 108 
48 70 56 20 6119 6760 503 
24 67 49 60 5374 10321 202 
79 61 81 45 6587 8031 319 
85 37 46 95 169 9790 527 
30 93 43 85 5566 7366 926 
28 82 68 88 1773 5224 235 
23 44 66 25 6225 8584 445 
40 20 52 31 2770 7690 273 
47 59 91 42 6395 7823 424 
67 94 96 90 1948 8187 201 
26 26 75 98 2902 11106 301 
98 80 88 91 5824 10236 398 
83 94 97 57 4896 9046 572 
31 28 68 50 4794 5799 315 
40 72 85 50 4445 10072 317 
43 58 75 34 934 2053 442 
78 97 50 71 875 6387 329 
89 42 83 81 974 10783 785 
32 98 60 76 5612 6994 276 
49 61 94 43 4814 5719 618 
91 36 65 83 3519 4461 136 
95 54 66 61 2903 9938 291 
48 47 47 86 6405 10723 265 
87 96 24 31 1771 7503 856 
39 96 20 61 5693 8535 890 
48 78 71 85 4842 10758 860 
28 28 30 66 1242 3349 755 
73 28 49 30 373 6809 290 
48 63 98 51 1144 3180 304 
68 58 44 98 5487 8843 922 
39 92 57 62 3219 8699 812 
28 74 50 32 452 2305 170 
57 94 74 70 4297 6583 919 
58 71 67 95 2960 4062 182 
60 44 71 39 5065 7121 347 
99 63 90 78 1052 3987 598 
83 76 55 99 3044 7065 361 
86 73 87 69 3939 8058 230 
57 92 35 54 1289 2380 888 
66 49 25 86 4333 7118 268 
94 96 91 43 4060 5901 346 
43 91 43 53 366 2912 323 
91 93 72 46 5584 10709 843 
55 61 99 54 3767 8748 237 
32 38 69 40 6295 6675 212 
30 64 35 51 497 1052 213 
91 82 76 75 2986 6557 908 
59 68 28 87 4785 5760 556 
70 53 32 35 1554 5361 322 
28 47 60 40 874 5031 970 
48 66 73 37 5921 9585 361 
76 50 74 69 4713 9104 807 
82 37 27 91 4299 10528 965 
88 92 30 31 5610 11134 795 
22 62 34 96 325 6107 370 
100 43 21 20 3522 10287 442 
86 85 91 74 3761 6760 397 
27 55 50 64 3641 5167 160 
26 46 76 24 3173 7223 987 
86 79 32 20 560 5864 323 
22 36 92 29 5216 6474 326 
97 55 20 98 1511 3471 567 
35 69 90 65 4299 7748 278 
46 78 74 62 2119 9929 305 
57 51 50 39 4800 5717 387 
22 96 22 21 4773 8234 559 
100 37 93 85 6557 11130 377 
74 41 100 89 3029 9670 728 
82 87 93 24 4051 6123 475 
70 61 51 77 2639 6889 879 
87 23 62 56 1964 9390 740 
28 31 34 45 4320 7517 658 
50 55 46 44 4219 5372 182 
84 84 75 86 6409 7178 495 
31 69 65 87 4578 4894 154 
93 32 52 76 4838 10296 353 
84 42 74 72 1918 9059 261 
78 71 67 89 4499 7421 409 
68 91 57 65 1927 2575 619 
59 44 63 34 6456 9814 509 
32 50 37 54 3559 7173 482 
73 24 93 93 1601 10305 664 
56 93 80 51 3731 4201 161 
98 51 95 44 326 1200 442 
69 42 57 80 4582 11173 763 
41 80 63 77 1463 10769 888 
84 52 30 75 2017 4402 944 
53 90 61 71 2930 4698 456 
81 87 53 41 6569 7088 910 
41 26 62 93 4176 7090 135 
84 85 94 68 3705 5989 581 
57 60 47 29 302 10639 568 
63 75 73 79 3649 4193 710 
87 91 31 98 356 10709 317 
30 23 69 50 2945 4080 295 
