150
97 67 70 73 0 295 116
23 84 39 30 0 175 978
85 40 19 88 0 221 791
21 24 71 76 0 190 246
24 87 16 91 213 470 173
84 12 88 30 265 512 418
82 29 33 79 327 646 477
65 65 11 98 420 700 1000
52 34 46 52 479 690 892
49 63 80 17 700 1080 991
96 73 85 24 737 991 610
32 48 11 31 816 862 908
69 45 59 72 947 1175 845
21 59 68 83 1210 1411 426
76 41 55 38 1374 1638 139
20 73 40 98 1538 1898 804
60 39 17 41 1534 1926 745
12 53 80 13 1600 1814 905
26 36 20 57 1926 2222 318
42 46 92 96 2028 2191 166
12 13 55 63 1772 2030 466
46 81 61 73 1983 2249 692
31 90 54 70 1952 2388 279
74 66 16 12 2240 2404 552
91 26 36 12 2558 3122 877
81 100 19 53 2552 2600 415
71 65 19 57 3037 3609 239
82 79 25 22 3291 3167 392
53 84 15 33 2923 3665 531
85 80 90 70 2875 3501 117
29 64 92 27 3287 3222 522
67 99 60 55 3467 4059 430
20 84 89 65 4061 4864 665
66 91 98 10 3397 3929 957
42 18 97 48 3709 4236 972
78 54 55 73 3676 4177 703
27 95 39 46 3590 4305 751
83 79 73 27 3877 4424 937
87 45 99 90 4047 4047 777
67 24 49 71 4045 4091 236
35 93 72 66 4126 5057 524
60 39 32 27 4263 5262 946
93 47 98 92 4977 5857 807
19 92 69 70 4953 6054 503
45 19 56 81 4938 6111 973
80 35 76 47 5251 5392 476
64 56 56 62 4929 5388 440
43 57 95 29 4967 5276 446
49 28 87 71 5439 5570 951
84 40 99 70 5044 5426 530
38 87 14 19 6029 6532 228
39 48 18 100 5276 5828 620
56 14 45 12 6573 6433 563
48 70 42 27 6545 6942 286
57 95 22 60 6984 6573 928
34 62 45 53 6417 6542 201
52 89 76 17 8116 8457 809
92 94 88 87 7527 7291 670
23 10 88 52 8115 8341 277
83 58 35 25 7685 7114 209
25 31 27 24 9533 11368 338
44 62 90 22 9516 10421 206
53 67 27 67 10411 11285 737
14 19 67 81 10123 9633 167
38 84 19 30 10318 10042 533
60 30 65 79 10129 11188 866
44 72 13 69 9975 10195 873
43 53 70 99 9419 11160 235
46 96 54 63 11123 11555 814
55 26 55 54 10327 12080 144
66 49 90 22 10519 10843 374
53 73 67 62 9529 11348 942
38 97 82 65 10923 13268 578
24 89 78 85 11561 13578 375
31 43 47 94 12289 14764 839
56 38 68 87 11673 10750 743
75 28 15 89 11280 13541 822
84 51 37 72 13965 13613 334
64 23 22 50 13104 15782 767
56 80 97 45 14376 17161 603
70 74 73 91 14178 14276 645
60 46 93 75 16596 17113 216
35 45 16 13 14756 14866 313
31 21 34 68 13737 14481 418
20 34 55 21 16744 18207 792
51 71 86 54 17948 21591 842
34 28 22 12 15345 18090 496
92 47 16 23 15743 18877 129
53 38 53 97 17873 16916 724
56 45 76 42 20088 19919 949
58 13 38 70 20406 19664 360
70 45 81 88 21036 24547 323
10 57 69 88 20042 23801 340
86 23 77 57 20248 21714 628
26 49 62 61 24702 23688 450
58 21 39 72 24951 23865 139
34 62 25 32 21334 25386 951
16 71 92 96 26945 31531 367
82 53 16 55 23840 28852 523
37 12 93 34 25642 27928 572
24 56 65 81 25476 29203 865
20 22 83 78 26980 28773 419
44 16 26 26 24786 26212 484
36 24 29 88 24432 28096 659
48 63 17 21 29769 28191 911
90 25 96 70 26698 25137 371
34 29 43 100 31333 35722 410
25 58 51 18 29344 27947 844
40 73 95 61 28952 29971 776
60 16 61 24 33520 38825 507
36 96 20 92 35390 40354 445
31 31 53 72 28912 28140 552
90 65 87 74 33883 37737 510
34 98 42 65 36519 33858 455
42 26 45 55 38854 39227 816
29 87 50 11 37565 35854 829
79 16 58 53 39376 44671 397
34 63 18 19 42191 41867 217
26 18 90 99 41307 48442 934
27 38 97 68 40713 39584 524
10 96 45 28 44507 51802 985
27 53 16 96 43517 39388 506
73 42 17 92 41631 46521 706
18 87 77 92 40920 38323 577
40 91 66 30 50859 56860 814
39 67 46 14 49381 54091 537
37 18 50 21 50363 56206 694
91 30 55 100 50900 57340 680
26 22 21 98 46793 49149 924
19 43 84 99 45884 43232 283
85 74 98 65 55698 53025 477
93 16 14 75 56560 66197 814
57 14 13 16 59003 59124 962
37 80 73 63 53804 59427 789
86 17 76 13 50883 57825 926
89 80 73 44 53550 52296 816
77 32 24 84 60122 59012 474
17 100 82 29 62469 66806 724
50 27 79 38 64407 67615 195
77 74 34 69 62541 70535 990
30 31 43 74 58075 53490 485
12 26 12 99 72637 86776 891
28 44 68 42 66197 77795 203
80 20 17 61 63224 61461 703
43 77 38 66 77934 86397 934
55 90 98 76 79931 89888 318
51 92 65 92 70878 83986 292
98 56 56 81 77785 80932 762
55 95 74 64 80021 83524 156
58 55 28 86 92743 83770 568
