350
76 47 75 100 0 333 153
79 17 89 73 0 261 673
40 19 83 56 0 210 403
85 34 43 69 0 272 464
66 82 88 66 268 598 730
80 73 80 48 338 717 279
50 90 41 19 450 647 799
30 11 39 34 599 845 536
67 75 91 18 690 1014 460
24 90 62 86 699 881 441
83 37 94 29 907 1237 426
44 53 49 13 928 1019 280
100 76 41 44 1212 1580 785
93 83 95 26 1181 1366 453
28 100 73 70 1300 1778 393
20 99 62 33 1476 1748 509
98 57 84 69 1426 1928 439
41 19 70 86 1769 1857 110
84 67 28 50 1919 2333 976
16 40 86 57 2252 2763 568
79 77 62 43 2176 2422 602
100 25 100 43 2402 2506 378
100 15 57 23 2554 3125 740
69 38 82 22 2809 2830 659
63 20 19 15 3257 3368 299
47 14 93 84 3364 3705 775
58 31 82 65 3612 3612 492
13 39 74 96 3374 4266 949
32 84 89 48 4265 4494 403
50 58 13 45 3554 4148 522
23 48 43 100 4026 4505 779
27 55 98 98 4367 5034 430
23 95 25 45 4393 5392 671
23 91 57 80 4389 4316 941
66 74 61 96 5321 6585 921
90 17 22 26 5087 5878 888
26 40 46 83 4651 4935 251
36 91 87 89 5503 6024 145
81 68 64 81 6294 7438 828
11 53 85 53 6528 6479 142
87 19 38 78 5706 6253 300
49 74 30 80 7385 6877 929
79 68 40 27 7228 7807 572
89 60 38 68 7069 6713 648
74 49 79 25 7803 7959 440
81 42 72 47 7643 7630 871
75 60 53 52 8381 9121 289
68 99 80 56 8183 8510 440
44 62 17 14 9696 9046 749
43 14 16 99 9828 10447 306
98 44 48 12 8471 9142 589
16 88 48 97 8807 10150 916
54 48 83 31 8537 8302 277
86 14 71 66 8826 9460 543
59 58 79 39 10286 12442 503
22 30 46 94 10094 9638 992
99 20 13 64 9160 10549 848
47 19 53 60 11472 12303 854
37 93 48 67 9496 10661 421
21 70 55 25 12256 13547 184
28 38 80 22 12401 12023 858
38 68 57 33 11127 11730 237
83 97 82 50 11137 11768 981
67 71 51 38 11848 12636 491
17 89 11 24 11317 11610 682
61 80 54 89 13575 15444 846
39 68 89 56 11475 12022 369
19 60 95 81 13673 13969 989
83 80 98 13 14509 13992 366
63 38 38 75 16095 18092 484
32 32 47 97 16695 15493 543
74 16 31 37 17290 17789 834
47 33 17 51 17528 18009 858
81 53 97 49 18933 19087 625
81 99 22 26 20098 18321 191
92 30 26 87 20857 23982 831
46 61 15 95 20633 20809 403
37 27 86 16 22134 23060 843
11 11 21 100 25060 29874 943
30 25 72 100 21528 24467 436
77 53 29 14 26138 29657 856
72 93 97 13 28057 33575 865
73 47 47 90 26864 32389 562
66 90 30 98 23709 24788 951
45 28 45 75 24595 29310 617
95 78 88 10 24305 28591 308
72 85 85 55 25533 25266 662
46 70 24 61 24132 26856 211
11 97 69 54 23919 22325 286
88 82 56 45 25693 29538 279
87 71 88 48 22750 27053 893
35 78 23 53 26065 25965 923
57 22 20 58 22390 22803 982
77 28 78 84 28045 26321 966
72 43 40 98 23691 23087 898
30 57 89 25 27861 30085 444
53 60 81 17 27312 25950 552
87 84 35 90 31796 35076 490
32 34 45 67 27315 32080 726
25 37 28 91 33979 34718 652
73 89 62 59 36361 38945 636
70 46 93 57 36728 34113 169
17 85 26 14 34599 35987 369
51 98 50 94 34303 39950 179
79 53 84 97 42687 43339 768
82 94 20 91 35336 38013 807
74 77 92 55 40018 46011 272
11 47 55 75 35186 32145 985
96 17 80 57 44999 47815 262
28 13 84 26 39669 36726 148
41 32 16 11 40798 48958 372
28 96 84 12 46575 53027 985
83 32 55 29 45215 41401 822
60 77 27 77 48166 49914 762
25 97 13 22 49850 57438 734
82 67 68 88 55047 64414 592
79 24 80 42 47293 44745 389
35 18 73 54 45988 48720 928
86 95 96 55 52246 58716 890
55 52 54 66 50473 50425 345
79 14 67 40 53860 54460 947
94 76 14 11 50950 55420 870
100 81 81 78 48230 55149 733
99 19 32 97 55810 52612 252
63 31 87 17 62601 72566 483
40 76 63 34 56322 56479 756
99 17 28 18 61930 61934 219
70 12 80 13 55538 60457 263
73 12 81 85 68230 74228 750
48 90 81 61 71676 69851 303
13 77 28 39 74900 76740 354
100 10 37 71 67523 78556 464
24 50 49 65 69189 71887 473
68 96 78 63 64336 67625 288
90 21 74 54 72727 69235 666
88 11 76 28 81197 80565 987
52 22 84 99 84552 100336 945
13 50 81 98 85502 77872 156
13 14 36 35 88037 105174 981
28 28 95 70 79635 73583 689
49 12 42 99 77213 86468 211
79 87 55 68 86614 93446 741
73 37 93 10 96220 102195 265
10 50 86 36 83465 100017 826
80 64 78 77 90473 89487 341
24 61 55 13 92211 106756 864
64 39 36 66 93014 90046 971
90 45 61 41 98973 115915 470
73 78 40 16 101103 106835 947
79 50 85 68 97612 101400 982
77 56 98 88 98214 91666 230
21 97 84 45 100368 95123 515
26 29 44 80 108341 110868 215
71 100 36 92 120251 112196 437
13 69 47 18 116804 130060 198
16 84 100 92 100730 121189 743
43 92 63 64 122314 117662 882
11 93 84 14 133154 157287 657
19 81 44 64 121884 110320 526
12 74 71 21 123163 147643 222
79 36 56 24 121606 112654 188
14 60 94 54 125712 135356 676
23 24 48 58 125780 139551 251
93 41 28 15 113620 114885 848
40 57 67 19 121982 145783 976
65 26 64 62 118687 129443 752
77 84 57 50 121674 130873 550
77 43 42 70 109375 105317 135
78 49 59 35 112688 106574 849
26 30 67 33 121204 112261 848
12 66 81 64 136191 163331 407
27 14 42 90 127530 131527 685
99 66 85 71 117012 118243 101
21 63 75 31 136567 129109 282
99 37 85 78 117509 140073 326
93 34 34 61 148182 141033 161
87 99 84 95 139690 130643 194
61 81 30 60 155008 167258 927
29 50 60 54 142247 151951 686
70 91 70 77 145537 145417 861
63 48 49 19 154465 162255 170
87 36 48 64 162931 166733 954
63 38 40 89 166987 186213 191
61 49 89 37 146899 135380 187
61 85 75 89 176677 187490 484
36 54 93 69 188537 176651 358
100 45 80 28 182944 208424 705
42 22 25 89 169903 203738 586
46 32 90 88 163761 183644 735
82 66 88 62 182259 185896 799
51 54 21 60 195301 198523 896
43 93 32 59 188165 220977 852
45 45 78 76 191745 198309 783
32 16 81 67 219731 245790 788
54 78 43 71 216419 200571 973
29 71 27 38 195823 224770 924
19 42 21 30 199913 222697 775
77 55 96 42 232218 274341 452
56 96 98 45 210867 219306 664
89 14 57 27 218148 260678 825
39 52 57 22 239118 270440 324
34 16 35 73 204301 209754 114
30 24 28 31 210069 231171 505
24 85 60 41 243536 261147 847
47 54 28 60 267425 289498 559
71 26 38 94 268945 297157 845
22 92 58 91 272524 264680 961
58 47 72 33 302748 347304 878
97 96 90 27 297584 309513 104
36 46 69 87 267625 257964 659
20 50 51 80 335479 365368 637
15 95 22 23 345595 343533 683
47 28 69 35 372443 400152 121
22 82 26 68 358564 415345 510
48 51 87 69 369123 370066 816
10 18 55 98 404188 471682 434
73 18 38 13 370107 433732 926
19 94 45 18 373485 416689 932
45 48 27 66 452424 449807 464
73 15 41 20 458470 421295 250
66 32 48 83 372944 377168 336
23 74 82 66 385619 417612 712
12 70 45 57 449707 500466 817
56 66 95 41 399665 451124 812
56 98 74 80 465417 450086 187
53 40 64 83 480892 479568 180
21 55 50 11 422392 487734 176
58 90 95 69 477126 447485 148
99 12 61 55 474967 566477 514
26 71 68 67 513268 540291 134
14 92 42 32 461997 514279 167
63 97 37 44 513627 526214 223
52 100 48 55 570523 579100 235
35 38 95 80 581462 652886 715
86 41 10 93 629345 722626 530
91 59 50 61 576472 684796 470
76 96 95 39 687028 622191 952
35 76 23 27 722131 815691 956
47 25 60 86 709438 686220 855
14 12 13 98 764432 705070 931
86 36 23 38 663176 651652 153
31 90 15 49 802187 829428 229
91 39 37 22 799038 886086 750
98 67 57 87 756522 786508 825
49 82 25 34 840108 926144 267
54 20 11 26 768793 762137 803
63 84 80 12 761428 878980 367
98 81 41 76 731027 842734 431
85 70 60 20 790291 762432 651
31 86 72 32 695311 665896 459
30 37 74 15 854714 1015670 891
42 25 37 95 785270 711268 580
53 63 83 42 884072 953761 848
10 95 18 52 733258 670729 727
87 32 31 65 923983 938571 896
59 57 40 82 928012 1111869 578
64 91 18 94 1026851 1145703 499
88 47 44 71 887582 858524 823
57 53 44 77 1039081 1060825 751
13 50 18 89 939514 1012558 679
70 93 69 85 940777 1066887 226
50 48 40 35 1061607 1090069 956
66 27 37 23 1008451 955703 732
57 93 11 51 1018166 1126648 892
83 45 46 29 1004636 1064175 464
95 30 68 72 1190048 1240846 497
82 83 51 54 1008380 955415 743
76 29 45 18 1216700 1417844 802
95 13 98 66 1079318 1063054 111
36 47 80 86 1275471 1375555 470
86 74 79 94 1270410 1452189 427
37 74 88 55 1374534 1571729 611
78 78 74 61 1447399 1662592 609
68 91 97 12 1211306 1367899 633
84 49 56 12 1297643 1537086 649
34 74 93 61 1436015 1322841 522
63 60 31 11 1223752 1337440 577
10 85 13 68 1239433 1172574 641
43 87 67 72 1238949 1314989 332
39 39 46 24 1217280 1184832 989
50 10 100 56 1256591 1239203 368
36 98 79 83 1200385 1159465 310
72 44 25 48 1242904 1128528 315
89 64 51 92 1107371 1014531 450
82 56 57 31 1198405 1341809 168
56 82 61 40 1195481 1186990 565
56 29 79 49 1189161 1220828 165
44 14 21 53 1183580 1143000 564
26 67 29 71 1333591 1540599 251
74 25 13 49 1366922 1371021 981
64 26 73 68 1238748 1303472 920
65 67 68 47 1252573 1248786 201
92 63 50 27 1190815 1392716 735
22 37 70 26 1244286 1402453 699
74 11 19 69 1386352 1534431 376
27 14 53 94 1356813 1370305 561
87 36 16 24 1477167 1466670 407
98 21 15 32 1485040 1699853 748
56 21 82 24 1582960 1785695 120
58 18 86 66 1528472 1390271 433
58 86 93 35 1781045 1947472 206
58 25 95 58 1565325 1737436 222
84 66 58 48 1831623 1669805 159
20 55 23 13 1605881 1900290 841
64 32 22 41 2025638 2180621 930
17 20 61 41 1901276 2034004 112
54 99 38 43 1701787 1846870 582
66 26 43 59 1823712 1800811 456
70 39 25 93 1881406 1756346 440
72 61 25 66 1960725 1793838 376
37 34 26 19 1985912 2150690 991
60 37 16 59 1906585 2105005 200
43 46 23 25 2021343 1931885 262
96 83 37 92 2314631 2688925 858
59 49 86 18 2177946 2001628 734
22 54 38 66 2196714 2487696 223
88 33 19 14 2060488 2277378 366
54 64 10 40 2297834 2755257 396
42 78 69 59 2025945 2204241 806
79 81 98 37 2129221 2300971 867
37 25 99 72 2445014 2304452 513
17 55 58 57 2008477 2260284 110
71 87 40 67 2298949 2724697 120
40 51 96 45 2176781 2270916 246
60 46 38 43 2024347 2302508 288
84 46 16 92 2040702 2127460 592
41 23 39 90 2461431 2952787 651
75 76 88 70 2071757 2291903 439
71 96 46 30 2323175 2663748 246
85 27 89 68 2415145 2387241 685
28 74 81 78 2573537 2503659 421
53 62 81 16 2679981 2475721 848
45 16 43 80 2488707 2885958 133
20 27 52 62 2935786 2892151 843
52 25 17 85 2686827 2562687 393
80 13 58 28 3086198 3346935 520
69 81 82 11 3065165 3330111 629
40 24 87 12 2778769 2738336 353
30 40 52 89 3390515 3424586 890
47 75 41 13 3244292 2965718 111
13 14 74 51 3160387 3038877 177
37 65 79 30 3737063 3962907 148
37 52 72 18 3224311 3752065 612
88 23 70 30 3489173 3333496 405
98 79 47 83 3654392 3469911 176
29 16 24 62 3200422 3202630 836
75 95 60 56 3427170 3637589 193
76 57 90 49 3702135 3547029 354
88 61 44 90 3507724 4086789 454
60 28 15 35 3739949 3391717 165
