450
125 100 83 115 276 758 1
72 216 33 121 371 746 6
113 36 81 142 354 541 1
221 104 154 28 449 1208 5
19 118 15 32 171 508 3
31 59 87 115 305 459 7
92 159 93 91 70 205 3
147 135 204 61 435 549 3
27 178 201 121 23 53 4
203 27 10 133 425 788 1
150 129 161 215 372 569 5
137 104 157 56 19 23 6
82 90 109 180 63 186 2
101 181 119 180 164 475 8
155 166 117 95 175 318 8
191 138 116 85 109 187 5
158 130 154 151 130 361 4
32 134 214 77 239 466 2
217 78 143 88 230 306 5
22 188 60 120 159 332 7
100 26 67 184 360 738 3
163 13 85 8 383 880 3
106 113 1 55 123 235 10
155 35 51 88 395 476 3
208 181 24 177 152 214 6
180 26 59 182 76 172 5
21 9 196 202 235 657 9
216 87 90 109 75 218 1
9 3 32 23 349 403 4
152 6 165 82 358 624 9
36 160 185 86 280 467 4
154 195 171 187 156 205 3
50 129 80 182 199 281 5
218 115 25 130 161 428 6
111 89 27 214 322 765 4
209 197 149 103 426 574 8
155 20 129 141 432 1128 3
29 1 149 24 167 476 6
186 215 72 45 290 559 5
107 28 75 196 200 535 6
81 42 45 3 400 681 5
201 135 38 167 72 112 4
39 81 193 133 159 458 7
200 182 214 124 289 403 3
96 161 188 20 55 103 3
214 20 165 113 10 14 6
193 222 165 22 33 39 1
134 88 207 52 70 74 4
116 21 27 178 160 221 6
161 213 4 199 150 418 7
50 30 13 91 222 225 2
97 184 95 131 277 366 8
84 16 148 26 117 146 5
83 154 58 57 53 140 8
5 188 44 64 431 778 1
48 43 171 72 245 503 8
24 94 200 121 203 451 7
162 52 130 80 368 661 9
123 149 85 39 333 968 5
45 71 218 86 380 975 5
170 123 213 125 164 275 8
85 157 88 200 375 664 2
85 154 151 12 184 429 4
90 15 69 160 19 32 6
199 108 153 58 181 346 5
42 38 143 215 264 281 9
32 222 157 157 21 49 3
86 1 80 72 4 6 1
173 159 142 199 190 533 6
149 31 118 25 401 491 8
170 125 5 213 38 93 7
91 33 36 211 261 319 1
163 145 92 4 416 632 4
37 78 83 128 299 482 10
135 6 53 143 169 257 6
181 87 97 192 225 474 2
39 193 217 72 289 682 5
214 19 193 153 159 234 8
175 107 139 18 96 158 4
41 126 100 26 11 15 2
91 83 128 46 206 482 1
108 215 89 143 348 554 9
139 90 42 143 190 370 9
52 166 103 72 419 685 8
35 171 192 17 157 165 5
152 190 207 204 318 952 2
7 77 65 171 113 166 10
38 54 111 177 31 86 8
214 82 65 10 70 201 4
48 59 134 207 225 464 7
217 119 205 29 348 513 10
140 181 199 38 449 753 5
65 185 51 78 406 1149 6
32 23 10 63 414 600 6
98 212 44 147 253 455 8
144 87 127 24 404 486 6
178 137 27 191 71 177 7
74 104 127 155 355 686 5
114 216 168 90 412 418 4
43 94 22 140 239 601 4
145 175 70 85 108 190 4
220 191 139 174 144 377 1
141 21 146 87 450 609 9
206 102 91 63 4 8 4
129 180 25 173 206 368 8
224 136 68 167 248 507 3
78 22 182 2 280 727 10
162 122 186 192 267 325 7
103 199 150 41 243 411 7
160 18 157 101 153 243 10
132 181 142 174 302 598 9
82 59 71 15 140 241 4
40 145 56 71 212 246 2
54 98 38 103 216 523 3
215 103 130 168 423 1072 7
74 36 166 165 141 389 5
30 46 174 61 434 503 6
6 132 114 65 446 1188 3
141 182 13 125 314 657 2
42 156 6 200 362 532 1
151 85 18 120 60 121 3
179 54 84 135 402 495 5
125 75 113 112 188 548 10
84 89 210 19 387 715 6
58 116 13 76 375 657 4
31 149 87 165 258 625 1
165 180 36 181 222 306 6
200 150 46 72 13 36 5
175 136 205 122 68 183 2
206 9 82 203 420 661 4
156 190 165 128 15 35 3
6 216 192 58 276 808 6
175 150 167 17 97 124 3
80 78 108 121 83 90 2
37 218 122 156 363 986 2
180 104 103 104 342 566 7
171 36 188 178 449 555 7
89 15 68 7 37 53 5
154 125 135 121 192 266 7
152 195 204 57 393 992 7
85 85 194 59 336 472 5
192 154 106 118 419 863 4
103 41 214 193 211 425 2
91 124 19 20 420 1224 2
13 181 86 191 357 683 3
1 179 1 26 226 303 1
121 22 133 125 395 710 7
173 136 21 222 233 290 10
110 119 214 101 131 179 6
138 157 33 176 115 236 5
180 161 216 10 53 76 10
213 93 163 20 333 734 6
23 34 149 90 196 429 10
77 52 41 170 118 295 10
32 209 80 219 222 425 3
30 14 99 67 39 87 8
44 108 6 89 351 955 7
1 85 215 222 171 266 9
186 54 196 47 249 715 4
60 58 219 44 34 45 6
140 95 164 83 350 629 5
112 168 15 34 266 566 1
16 160 150 12 89 116 6
75 79 77 220 336 970 10
213 197 222 208 348 794 8
71 159 128 112 181 294 1
102 9 151 216 19 49 8
145 167 212 36 357 896 6
196 169 171 216 193 513 2
40 18 45 124 92 185 10
97 88 62 27 75 181 6
207 40 178 224 35 80 3
171 204 71 68 19 33 7
43 159 1 105 67 117 9
131 27 215 98 114 306 5
73 119 110 196 3 7 9
68 32 160 187 31 51 7
161 161 12 169 287 325 5
222 220 205 44 177 199 6
144 114 130 213 424 1157 7
124 19 32 201 189 479 1
106 143 63 36 429 1157 4
69 21 132 201 292 530 9
28 207 104 22 266 613 3
209 216 174 220 325 342 10
139 175 219 208 65 154 8
54 142 128 92 305 340 8
101 148 172 169 211 450 4
149 110 37 220 331 357 5
35 70 201 217 102 271 5
10 182 53 177 90 257 3
134 148 57 34 199 381 8
199 109 136 129 210 591 4
164 216 167 150 142 200 8
56 27 80 87 338 405 7
127 116 142 215 403 710 7
139 120 65 158 422 608 8
12 45 14 121 399 912 5
13 140 70 218 305 683 9
95 67 88 27 85 196 5
73 105 8 176 98 117 1
120 195 113 126 39 42 9
179 122 48 37 371 698 8
150 2 71 38 213 479 8
56 19 36 41 175 315 7
89 37 74 181 286 549 5
161 65 85 176 169 443 4
28 117 141 89 173 349 6
148 189 75 212 355 438 5
71 56 210 36 1 1 2
7 218 181 9 379 835 5
157 138 49 165 354 509 8
34 81 225 206 62 91 5
124 167 86 28 350 861 6
105 88 129 59 35 79 1
3 22 15 143 186 398 2
205 92 127 43 23 67 5
174 33 122 103 246 535 10
182 181 106 180 377 414 1
76 106 207 67 275 356 5
181 36 201 30 401 718 4
132 220 11 89 330 679 1
94 96 166 220 17 26 4
153 175 208 14 162 212 2
60 209 185 212 337 485 8
82 208 104 220 343 706 6
220 122 146 45 146 333 6
94 165 150 164 144 184 6
60 189 95 61 368 916 10
188 87 177 39 331 349 5
204 19 133 179 132 213 10
163 102 126 168 90 121 9
53 214 56 78 296 569 7
68 225 165 158 19 19 4
210 102 173 222 233 306 4
32 93 167 90 254 395 2
58 147 39 60 325 595 5
201 213 222 220 173 405 5
164 196 2 86 109 307 10
142 11 153 83 373 635 4
174 217 82 55 308 729 6
128 5 154 79 174 191 1
38 17 172 67 214 547 3
203 136 220 13 397 965 8
100 106 42 53 270 374 1
40 98 188 110 91 128 8
24 165 85 53 350 520 7
109 31 208 42 425 1096 3
83 96 145 134 400 731 6
221 75 36 132 222 542 7
173 86 68 194 370 798 10
141 137 17 139 22 61 7
25 71 88 64 218 320 3
11 15 161 208 95 206 9
196 113 34 181 119 146 4
94 158 8 11 254 644 10
213 56 77 207 179 347 5
127 93 182 178 315 572 7
196 58 184 138 109 257 2
74 6 224 40 83 197 7
16 160 145 156 22 41 8
205 59 174 177 43 43 4
38 42 17 159 20 21 1
79 8 138 157 108 246 8
185 112 96 9 437 621 4
158 47 135 210 431 555 2
205 12 32 90 117 226 1
136 34 180 218 9 16 10
24 75 137 163 319 509 8
173 82 67 3 361 687 2
137 16 166 153 353 764 7
114 57 172 15 149 183 4
18 110 224 37 98 206 10
201 164 207 150 250 684 7
189 178 106 15 436 913 8
168 118 115 34 184 265 9
179 58 38 130 343 427 2
93 191 175 24 405 615 3
90 88 166 167 71 144 8
86 20 70 15 321 524 10
105 97 83 11 367 1099 6
58 168 5 70 189 333 5
211 182 82 35 69 199 2
149 186 92 152 126 145 2
209 107 143 46 179 184 3
10 105 137 203 93 167 1
215 190 43 29 392 454 9
12 78 157 135 298 692 6
183 180 190 99 12 14 7
218 126 210 128 64 117 10
178 18 57 64 365 385 10
93 220 80 140 430 1252 5
202 176 14 39 332 755 7
119 137 20 44 13 20 2
3 202 110 106 251 546 1
30 182 1 181 182 439 3
11 166 223 3 147 414 4
26 20 41 150 195 235 6
106 153 67 60 242 574 7
55 210 121 112 325 692 2
194 4 197 136 262 638 7
222 86 149 72 115 310 3
25 176 21 202 165 304 6
71 157 8 38 148 418 10
151 198 128 160 249 262 4
157 124 208 10 75 206 10
109 23 223 130 186 387 2
60 188 89 102 14 15 2
202 10 25 145 211 625 7
165 171 81 110 373 437 6
103 192 169 223 159 475 4
165 97 188 212 129 322 1
118 178 60 195 425 1103 7
100 178 172 153 450 475 2
139 4 184 173 349 959 3
11 145 208 125 239 281 5
102 95 150 24 154 244 8
148 75 15 174 257 676 10
191 203 84 28 262 384 1
57 191 49 98 100 205 9
221 15 130 132 2 2 3
50 35 35 65 303 314 8
92 41 154 39 113 196 3
60 207 93 61 188 550 5
157 152 173 170 215 280 1
132 38 170 170 178 186 6
62 196 120 122 288 735 2
204 31 164 62 263 785 7
69 70 129 8 138 281 8
181 108 117 4 342 547 10
207 141 97 122 304 494 3
171 35 32 66 333 990 5
10 146 34 85 8 14 5
18 75 186 102 162 239 7
138 112 119 18 369 506 1
129 28 144 145 123 166 8
28 160 181 215 199 268 7
155 220 154 125 381 470 1
70 164 140 96 93 237 9
62 97 100 147 243 256 4
122 138 176 202 385 909 1
42 83 162 155 305 516 10
111 178 70 157 246 426 9
204 209 93 107 225 401 3
126 74 95 219 234 515 7
100 159 23 32 429 751 1
88 138 76 111 425 620 9
185 186 149 13 225 633 8
74 105 27 179 156 350 8
130 35 44 128 133 216 5
197 198 204 147 56 163 8
176 111 116 86 388 896 6
36 130 156 194 230 278 6
71 79 49 181 45 68 8
99 122 25 218 219 242 10
6 203 224 165 194 557 7
174 97 149 165 16 44 9
14 173 204 169 41 63 9
69 110 201 206 430 698 3
203 76 83 75 126 151 3
145 169 33 36 254 300 2
165 101 184 209 389 725 2
215 49 88 67 61 70 5
102 1 219 207 27 58 4
90 164 217 121 176 465 8
121 76 181 120 213 264 1
166 205 208 59 28 69 9
205 18 83 44 50 64 1
49 65 155 186 174 256 3
92 193 24 122 27 62 5
39 131 143 173 1 2 3
201 195 56 56 238 554 2
12 207 69 121 148 346 8
45 22 58 147 309 631 10
209 218 198 58 275 688 4
49 111 132 214 127 199 5
154 126 105 31 166 368 7
159 92 64 27 196 318 5
8 103 181 222 303 830 2
4 194 127 2 122 139 5
161 158 34 58 387 1100 8
75 47 177 151 18 30 3
8 3 139 184 150 178 8
53 159 85 53 252 427 8
157 136 110 74 282 324 4
154 35 39 175 215 457 5
222 50 203 17 371 1077 3
91 187 63 25 264 658 2
64 15 204 189 115 314 2
86 206 192 147 310 436 10
170 134 190 115 267 517 10
224 192 222 107 281 311 9
84 26 72 219 33 84 9
84 82 141 47 130 258 9
10 146 55 145 270 475 8
183 76 27 168 158 394 9
39 205 108 211 351 448 4
191 7 137 187 398 1044 6
222 166 192 193 37 52 4
219 68 216 136 313 523 3
213 59 174 95 61 145 4
121 15 197 51 395 1026 5
131 158 47 125 306 728 3
57 49 197 81 359 606 5
41 21 113 186 95 269 1
90 122 68 175 123 127 2
73 114 72 189 81 194 8
200 80 151 175 209 588 6
200 190 98 121 59 131 8
84 111 126 28 80 156 7
121 161 81 148 166 295 9
77 212 109 31 235 381 4
141 75 129 128 348 502 2
95 80 89 42 441 1201 4
29 186 106 24 281 426 6
199 96 213 17 121 167 3
22 95 77 32 182 339 6
83 38 114 192 242 311 1
78 35 72 104 313 713 7
76 222 121 88 241 470 3
149 48 180 223 32 93 1
217 3 82 35 177 395 6
12 139 55 15 214 255 4
58 18 154 20 293 693 5
191 28 38 146 335 682 1
109 189 90 54 169 394 5
109 103 168 173 400 961 3
138 137 68 98 170 303 5
52 186 91 17 327 524 3
82 191 223 4 168 257 7
94 198 169 96 267 471 8
33 156 169 141 251 576 6
120 113 51 31 240 442 8
63 72 157 84 345 730 4
218 224 121 49 67 125 7
48 27 65 136 219 547 8
65 2 125 185 10 22 3
137 162 197 55 133 212 6
56 180 192 105 11 12 7
103 54 195 163 411 1192 6
9 66 93 71 9 11 10
28 39 110 5 359 430 9
133 19 205 164 34 43 4
199 37 25 200 206 392 6
179 155 206 173 93 188 6
124 117 127 32 296 341 4
51 143 198 194 63 112 2
13 35 202 43 260 736 8
73 199 59 162 325 583 7
202 4 60 195 39 94 8
