100
17 9 37 25 178 423 90
9 46 32 29 403 581 60
7 31 7 28 144 380 50
40 47 48 18 762 834 80
28 26 15 13 208 416 50
46 32 17 25 448 506 40
31 16 36 16 125 208 90
8 23 49 50 567 799 70
50 40 31 25 34 96 80
44 49 21 9 150 381 40
36 29 15 23 474 556 40
34 34 37 26 285 507 70
36 31 6 17 26 137 100
24 33 7 49 16 97 80
5 11 31 36 611 701 60
7 49 41 23 654 709 50
39 25 17 15 723 862 70
18 8 17 31 67 268 50
22 29 31 35 669 893 40
34 34 23 6 455 574 90
46 39 43 5 589 696 70
24 24 38 26 245 424 40
21 35 15 5 340 456 50
32 14 6 24 667 764 60
33 11 42 45 97 324 40
39 7 47 15 418 646 90
31 17 36 35 255 474 50
41 36 33 42 619 804 60
29 11 9 45 717 891 40
38 49 26 46 0 146 40
40 35 20 31 97 251 50
44 49 43 48 13 222 80
24 25 20 35 117 188 70
13 34 5 40 21 150 80
37 33 12 8 671 852 50
42 9 10 13 650 732 80
7 23 5 34 370 591 40
30 41 45 30 66 193 90
43 19 16 37 522 698 100
32 19 20 48 718 786 100
29 32 49 18 33 257 100
32 31 16 25 598 793 50
15 43 22 49 585 699 80
19 28 19 12 700 831 50
28 22 21 34 699 801 60
23 41 32 11 623 803 60
30 19 49 28 324 459 60
11 27 42 34 438 611 70
17 8 48 46 654 801 90
42 46 15 40 295 369 90
47 16 36 37 529 631 70
34 6 8 14 595 697 40
40 26 49 20 522 593 100
33 38 33 8 349 517 40
21 21 48 13 261 337 100
34 43 6 8 508 624 50
14 11 22 9 648 780 100
16 32 40 21 701 795 50
41 6 23 45 712 847 100
32 13 36 45 447 534 60
32 31 32 10 213 463 40
21 48 17 22 713 942 50
37 6 11 14 487 736 70
17 39 5 36 435 672 60
6 30 7 19 615 749 40
34 17 20 48 710 959 100
27 7 17 40 437 501 80
12 11 32 5 18 105 90
47 28 8 12 108 273 100
50 46 44 43 56 259 60
36 34 31 36 791 1018 70
49 42 24 28 416 544 100
9 21 41 27 189 341 80
49 13 5 12 783 1005 60
41 39 44 17 301 370 40
13 20 14 8 424 548 70
28 35 42 46 494 640 70
34 33 23 27 460 513 90
44 25 6 24 438 520 70
26 26 35 11 4 253 70
35 46 50 13 144 271 60
12 42 38 24 70 162 90
25 6 29 18 355 463 70
44 24 45 20 624 853 100
7 10 28 46 344 496 70
17 41 6 22 575 743 50
35 48 33 50 115 336 60
18 49 30 15 2 87 50
18 34 27 29 551 653 40
30 44 48 41 598 684 80
15 23 21 15 625 782 80
39 16 49 47 481 646 70
27 17 11 8 510 585 100
36 9 32 45 375 455 100
33 10 48 38 650 864 70
18 35 15 50 46 121 100
21 25 22 26 82 205 60
26 29 15 26 335 544 90
9 10 16 16 468 665 100
7 24 39 34 771 966 80
