250
16 7 8 7 424 467 8
18 16 14 6 78 151 4
9 16 9 20 185 918 4
17 18 16 20 133 605 5
19 7 11 17 186 625 8
12 10 12 8 272 316 6
14 5 12 18 150 983 8
12 8 12 18 368 436 2
14 5 11 10 313 640 2
5 13 8 5 129 173 3
12 12 9 18 197 303 4
14 10 13 9 6 273 12
19 15 7 7 370 425 8
14 10 7 10 278 326 3
13 16 17 19 367 872 1
8 12 7 11 6 49 3
13 6 19 19 82 268 9
6 15 18 15 219 667 8
10 5 5 5 299 905 5
10 11 12 12 334 501 12
17 13 9 15 361 420 7
11 19 17 13 149 782 1
18 9 7 12 456 715 7
6 5 11 5 102 307 10
5 12 6 10 348 623 15
8 13 16 14 30 487 4
9 8 15 15 341 750 12
8 13 10 15 30 129 5
15 6 18 10 166 220 7
12 12 17 5 2 477 1
20 16 19 9 150 584 2
6 18 14 15 93 405 3
10 17 12 12 389 447 3
17 20 8 16 144 878 2
7 16 18 16 190 993 5
19 11 7 8 322 913 2
12 18 6 19 329 989 10
17 11 19 6 469 525 2
15 13 18 17 236 887 5
13 8 13 20 158 724 8
13 11 6 10 224 627 7
13 8 13 5 381 429 7
6 13 10 17 1 723 12
17 16 18 19 4 144 5
12 12 17 14 240 793 12
12 19 10 11 59 777 15
12 15 15 9 347 459 4
12 10 11 13 470 874 3
19 6 19 6 327 726 15
9 12 14 5 386 542 13
7 18 20 11 145 677 7
15 18 20 18 79 230 7
18 7 15 15 255 693 1
8 12 18 8 50 615 8
7 8 19 10 50 96 6
11 5 20 7 382 806 10
14 12 9 9 123 391 12
17 14 11 18 193 273 13
16 20 13 19 268 452 9
12 17 12 13 86 347 15
16 13 14 17 175 880 1
9 5 10 15 30 70 13
10 6 9 11 58 694 7
12 15 11 15 100 584 15
15 7 14 14 195 624 10
10 16 8 11 406 453 14
14 20 14 13 52 143 2
13 6 5 10 448 685 8
12 7 5 9 363 405 4
9 6 17 16 252 480 9
6 17 10 6 496 541 11
19 19 10 20 479 569 1
8 14 9 13 266 326 11
11 15 8 13 486 594 12
11 5 15 11 220 269 15
13 15 7 7 437 494 8
5 13 17 7 416 462 1
14 17 13 10 95 493 6
14 13 10 6 174 669 15
13 12 10 19 146 309 6
5 9 11 14 4 633 6
7 7 6 18 44 276 6
5 5 15 8 104 678 6
14 7 18 19 481 548 13
11 20 20 9 472 665 1
5 10 18 7 407 454 14
9 14 12 12 280 328 13
14 18 13 17 180 841 9
17 12 9 7 362 423 5
14 17 16 8 76 633 6
5 5 18 7 88 259 15
13 12 10 12 65 704 6
11 17 13 19 364 429 2
11 14 5 19 3 962 7
17 16 17 12 307 397 3
17 20 5 12 164 868 11
14 17 9 6 43 121 5
9 5 14 17 283 334 7
15 16 6 19 288 477 5
17 6 5 8 338 681 11
9 6 19 11 216 701 15
7 15 17 15 452 517 9
11 18 20 10 240 308 7
12 16 12 14 127 783 10
19 8 13 17 171 231 12
8 13 10 5 337 717 12
6 12 11 11 141 864 5
11 6 13 15 461 525 14
11 14 8 13 356 415 1
7 8 9 16 368 418 10
20 9 9 7 379 606 15
14 15 12 7 280 830 4
12 13 15 6 174 612 14
19 12 12 20 410 954 11
5 18 13 13 96 905 15
11 12 11 8 370 426 14
12 9 13 17 295 572 8
7 18 16 17 468 529 7
5 18 20 10 111 529 5
11 17 13 19 128 246 7
13 12 17 14 150 939 13
10 6 18 10 373 585 3
18 13 10 7 429 497 12
17 6 15 6 138 722 9
13 8 9 5 12 269 1
10 10 15 20 401 460 4
17 11 17 20 102 667 6
12 19 8 18 107 375 2
12 5 6 9 476 984 3
19 20 5 18 427 795 1
19 15 18 17 227 745 4
9 14 10 10 10 948 5
19 12 9 11 124 956 14
20 14 7 20 277 986 8
17 10 18 20 190 256 2
17 15 9 18 417 708 14
16 18 10 20 484 933 5
5 16 8 18 149 941 8
17 5 14 19 475 881 6
15 19 15 15 10 414 8
13 15 19 20 42 696 11
9 11 8 5 332 702 3
19 10 6 18 168 571 6
14 10 17 10 285 584 14
7 16 13 14 152 806 11
7 5 17 14 126 180 10
20 6 8 20 397 797 7
16 5 17 15 63 130 7
11 11 16 9 372 876 12
17 17 10 9 36 632 10
18 11 19 14 9 254 12
12 8 15 20 351 908 1
11 12 18 6 278 345 11
13 6 6 14 134 937 14
5 18 16 6 156 794 10
10 8 6 19 251 362 14
17 18 14 18 202 291 9
14 5 7 6 428 597 2
12 7 17 9 104 694 9
5 19 7 20 12 330 7
8 12 7 18 313 846 15
14 7 15 19 343 759 10
17 16 11 19 234 991 6
14 6 13 6 386 427 5
16 16 11 16 389 860 11
16 12 14 19 459 910 2
12 14 5 9 367 523 8
16 16 9 10 423 623 4
15 18 15 18 197 918 4
11 13 9 9 403 844 7
8 13 8 7 216 254 2
5 17 14 17 40 448 1
17 14 5 18 22 569 5
13 16 16 9 391 460 10
12 8 16 13 150 655 15
7 8 11 6 83 402 10
10 17 12 18 488 555 12
7 5 18 11 192 363 14
8 15 7 14 45 445 14
6 13 14 20 399 464 9
17 13 16 11 453 512 14
17 7 6 20 341 396 7
19 19 20 5 336 872 12
9 13 5 11 447 487 4
10 9 14 13 57 119 9
15 14 9 13 206 280 13
16 15 12 5 500 565 15
20 7 9 12 184 233 6
9 17 13 9 338 479 13
6 12 15 5 385 752 9
18 9 12 12 405 525 6
10 12 5 6 158 254 8
10 16 9 17 17 532 15
13 5 15 17 418 507 11
6 11 19 17 286 345 14
6 18 7 13 111 858 12
7 14 19 10 62 905 15
10 5 11 14 287 328 15
8 18 7 18 277 618 12
19 15 19 7 113 313 12
17 12 12 7 381 556 3
19 5 10 17 18 608 2
10 14 7 14 446 948 7
17 16 19 5 279 582 15
14 18 9 10 251 744 15
8 10 8 11 156 803 4
11 12 9 14 346 744 12
6 7 16 8 428 472 4
20 8 16 16 112 192 10
8 19 13 14 128 346 9
20 10 7 13 73 341 11
12 15 7 18 123 420 6
18 12 20 17 466 534 5
17 10 12 16 70 170 7
20 18 16 13 229 376 5
14 18 17 9 222 654 5
5 15 6 8 260 345 10
17 19 10 12 219 286 9
12 12 19 20 460 943 5
17 16 6 18 152 920 10
16 10 15 17 483 543 10
13 19 15 5 240 407 13
10 7 19 12 252 407 11
6 5 8 6 135 173 13
16 18 12 14 262 955 12
17 19 8 17 179 251 1
5 12 20 16 317 377 7
17 8 17 6 384 888 15
12 11 8 15 373 432 13
12 10 20 20 328 929 7
5 11 13 15 252 622 10
5 11 14 18 309 586 15
13 20 11 6 432 487 10
9 20 14 12 388 740 5
10 12 6 10 25 595 3
9 6 11 16 343 393 8
5 13 16 14 56 346 8
8 11 16 14 430 499 12
6 15 18 13 69 137 15
20 12 16 19 449 519 15
12 14 17 6 331 887 8
10 8 7 14 384 882 9
17 9 12 12 346 407 14
14 20 19 5 153 556 12
9 5 13 12 155 876 8
11 19 12 14 428 486 14
6 16 14 7 395 955 5
18 19 16 9 160 907 4
5 8 16 19 70 292 11
14 19 5 18 300 371 11
