400
75 90 26 62 14239 14607 302
20 24 77 77 112 405 158
69 53 39 35 7086 7582 223
79 36 20 50 3779 4071 241
86 76 90 65 10098 10627 223
76 92 12 95 5906 6427 363
19 94 18 28 1565 2202 245
85 88 37 18 6266 6979 181
44 76 68 96 17339 18189 321
61 60 54 83 2028 2301 251
70 45 56 25 12375 13069 221
99 78 70 32 6102 6846 269
10 78 48 12 1920 2073 235
59 48 74 40 2688 3125 288
88 19 72 48 3862 4736 157
53 43 61 23 13175 13652 336
39 75 93 44 1753 2173 300
84 11 30 23 8491 9216 333
44 38 86 86 3672 4308 368
62 38 64 92 6398 7418 297
51 12 25 72 18505 19083 390
24 49 90 49 10765 11241 167
47 46 78 74 13803 14150 275
11 56 61 65 6925 7287 341
20 13 24 35 98 400 342
38 41 52 40 665 1063 201
22 14 35 45 7277 7530 292
90 13 26 97 9369 10634 358
64 11 22 53 5207 5959 183
43 83 31 67 874 1116 350
91 55 99 66 2207 2577 399
36 55 34 91 14125 14542 175
21 38 67 14 1290 1872 366
77 21 35 92 2536 3283 217
38 55 14 83 9144 9437 373
90 99 11 45 4794 5470 364
74 66 65 77 4965 5669 203
74 61 60 100 10525 11481 357
25 44 48 56 4774 5113 378
57 78 32 65 5645 5995 364
26 25 49 73 816 1082 392
79 59 12 57 3788 4144 222
38 25 40 67 1553 1751 201
17 30 28 24 2215 2346 154
77 86 85 55 13005 13616 261
49 43 52 48 16411 16688 285
56 86 82 89 230 759 157
61 10 58 72 7554 8464 220
27 45 96 25 13379 14145 268
35 21 91 17 570 786 321
87 66 82 28 1247 2058 353
54 74 100 54 7753 8979 385
49 45 14 25 13578 13760 250
44 90 100 61 1425 2013 243
86 22 74 98 7645 8020 388
48 82 19 53 1344 1961 262
65 37 86 24 9498 10764 374
71 80 71 30 924 2078 390
24 65 65 31 786 1118 203
75 84 67 74 3029 3679 395
12 46 23 72 4232 4391 295
19 73 57 78 6449 6904 317
96 17 25 36 13469 13653 201
82 79 77 69 519 1392 168
51 46 73 59 2157 2537 359
53 26 12 81 7635 7935 324
78 49 83 65 6888 7220 269
87 46 14 76 4644 5525 262
26 72 86 76 4293 4584 349
76 58 79 74 122 419 270
94 46 99 63 2109 2667 386
46 92 67 26 4127 4956 333
98 16 24 32 11685 12253 195
10 61 56 87 2146 2391 254
43 53 74 71 7602 8560 209
17 55 48 52 1211 1390 377
36 54 19 97 4278 4953 342
97 59 63 13 6219 6821 276
79 90 17 19 15257 15767 365
33 70 68 27 4881 5719 374
89 55 35 38 375 615 281
52 35 88 20 9833 10415 312
62 54 98 72 8899 9339 177
62 52 77 88 6869 7248 314
56 14 56 43 4682 5143 214
26 38 86 64 6451 7147 176
44 15 21 17 50 238 179
82 93 94 30 8875 9867 274
56 99 29 87 1972 2351 376
86 94 21 20 520 1064 376
19 100 88 23 18632 19459 236
78 86 21 100 3865 4387 285
57 24 97 38 3392 3762 365
90 75 25 47 10365 11249 358
95 11 20 20 35 437 368
24 60 85 50 1751 2038 201
75 64 49 57 136 418 367
64 64 81 44 2773 3213 374
30 16 71 50 265 576 328
53 90 27 73 255 697 285
45 85 55 68 1956 2588 320
51 55 27 63 741 1012 224
35 49 90 13 4792 5139 233
99 96 60 45 57 457 311
94 88 95 19 2597 3606 287
76 88 72 32 1789 2473 237
60 80 94 29 1832 2419 279
28 36 38 81 386 571 242
28 67 26 49 2172 2767 216
41 13 93 67 2802 3778 327
63 24 44 52 1166 2207 325
34 11 42 11 1024 2163 371
77 15 44 31 3187 3360 316
14 87 35 78 5315 6687 329
51 50 92 32 4293 4732 177
59 54 86 52 14090 15045 276
36 66 90 44 121 358 210
53 73 67 13 1739 2534 295
77 16 86 87 5001 5435 150
58 56 53 45 1847 2718 222
69 56 22 63 6815 7659 271
100 83 79 65 4035 4430 309
56 67 42 47 1171 2049 267
48 51 37 58 5540 6137 170
93 84 35 43 172 594 241
28 32 89 69 647 923 181
53 100 81 24 7763 8842 363
15 89 67 60 7957 8235 253
88 33 41 42 5109 5981 360
100 26 35 57 5686 6935 202
38 60 20 58 3315 3686 356
64 34 94 25 4731 4950 398
34 28 88 59 6177 7140 358
87 56 75 59 11466 11921 360
51 17 99 93 4690 5447 395
50 26 42 92 7963 8341 269
62 67 35 54 15006 15425 228
12 65 97 75 15015 15280 394
22 50 95 83 9146 9649 180
100 43 48 97 2538 2835 321
53 21 64 40 17929 19122 294
57 82 15 56 6015 6528 230
49 31 31 12 9250 9463 290
61 19 99 27 3697 4291 182
48 14 52 39 3771 4250 331
17 49 56 56 5855 6060 269
35 30 67 100 71 684 360
43 81 99 43 1748 2423 334
60 50 69 59 399 1294 244
18 67 94 12 2467 2674 317
61 42 45 18 1807 2391 387
76 35 22 56 84 379 239
57 55 22 69 3231 4145 360
83 22 11 82 629 1015 372
67 73 62 50 2033 2722 394
59 100 93 49 1248 1721 334
61 26 38 79 10015 11031 216
93 25 40 94 865 1277 359
38 59 44 59 2700 2906 295
30 97 45 74 3804 4468 382
27 21 31 42 1416 2001 338
90 42 69 71 492 966 239
55 68 84 13 10321 10611 319
25 96 10 14 1231 1427 155
91 29 84 12 9106 10197 255
56 18 77 53 931 1865 311
59 11 44 84 6623 6891 240
29 56 97 80 4904 5541 171
50 17 29 30 8157 8672 384
50 38 56 92 18155 18854 244
68 20 41 25 7436 8323 189
40 30 20 16 10435 10737 353
81 31 18 49 4610 4954 374
16 69 29 24 544 715 207
73 82 34 71 3672 4659 241
84 72 98 20 9414 9720 351
10 80 85 73 6344 6602 277
72 84 78 29 3395 4066 286
54 20 43 37 11041 11728 174
36 23 30 33 75 295 276
27 64 65 90 8853 9211 302
12 28 88 66 4594 5072 247
96 25 20 55 2220 2626 222
66 76 100 33 204 723 272
76 49 40 21 1198 1686 253
73 65 90 58 1915 2212 235
54 80 28 29 13398 13775 194
99 82 59 35 5057 6426 204
40 10 47 10 12972 13923 169
17 61 36 97 3309 3957 282
45 76 29 80 13698 14087 342
17 51 12 54 9099 9676 284
24 48 74 63 14300 14515 170
29 44 72 32 1429 2262 297
24 72 72 51 1406 2635 241
84 78 75 92 5605 6609 245
52 32 48 46 2659 2907 382
14 11 100 12 9051 9310 272
63 22 88 32 8175 8479 399
11 62 100 85 1764 2538 374
54 55 73 48 5424 5990 355
50 99 58 53 5464 6241 208
78 14 11 36 1044 1267 205
13 62 93 75 1439 1741 186
72 36 71 74 9413 10241 346
18 43 14 25 554 893 168
93 84 72 87 3416 4110 152
89 82 11 65 2186 2510 299
19 64 96 76 979 1277 154
65 98 50 41 3461 3723 245
29 100 95 59 2205 2539 213
49 25 35 25 4471 5154 197
15 72 38 17 10097 10516 250
72 82 75 63 239 745 298
84 15 30 28 5132 5475 187
81 37 51 14 1722 1956 199
78 51 42 31 449 851 299
18 13 91 72 2322 2654 184
82 55 32 72 319 653 289
76 77 57 23 4041 4275 301
41 26 27 55 1116 1480 228
26 64 44 34 1734 1945 257
85 44 48 63 6854 7347 206
94 41 89 58 13 335 171
60 17 80 60 8722 8979 255
85 21 88 81 11010 11385 363
45 88 100 14 187 572 190
63 54 79 33 2571 3145 182
28 57 20 80 529 914 236
79 54 24 36 14022 14361 223
33 44 53 57 547 828 174
59 21 79 98 12006 12951 324
65 84 15 31 2560 3252 287
69 21 43 72 12057 12304 396
69 39 78 56 929 1489 182
27 33 61 43 9747 10635 329
68 52 61 86 1530 1890 339
91 15 83 94 4404 5543 299
56 33 94 66 5092 5802 381
48 30 32 100 8773 9088 353
33 81 25 27 7617 7887 328
12 88 32 96 1182 1659 184
93 74 100 66 4508 4961 191
49 34 61 23 12224 12558 250
78 41 87 90 11264 12330 154
67 46 92 45 100 429 376
80 55 59 60 38 413 225
63 92 47 47 1501 1923 337
98 94 35 50 7116 7474 169
95 61 98 14 17610 18007 199
46 45 15 100 826 1336 171
98 17 35 99 665 1021 266
12 13 38 10 285 533 317
52 32 47 55 14761 15199 261
10 91 37 47 107 610 233
68 13 14 99 2143 2485 271
96 21 52 17 2946 3230 276
71 21 27 29 9036 9563 276
71 36 11 52 12886 13200 231
75 61 30 34 3839 4645 167
53 61 69 69 10035 10289 196
17 89 31 80 1495 2153 295
12 64 29 41 11793 12113 344
66 75 47 72 4278 4688 166
52 10 21 17 15764 16279 171
65 67 94 71 6497 7218 292
97 95 72 14 1428 2515 348
10 64 38 38 1684 2083 184
13 76 87 48 252 778 266
88 36 12 73 14668 15023 288
49 71 49 19 363 659 378
55 30 31 96 621 877 177
45 67 88 60 5493 5847 249
76 33 77 50 719 963 345
54 68 97 93 3071 3671 214
36 56 75 75 2372 2922 210
64 42 78 49 4554 4878 379
63 27 100 89 6446 6740 391
92 76 82 38 2504 3549 396
69 39 88 61 6138 6476 177
98 43 67 13 4326 4645 165
41 15 25 15 8975 9905 377
53 54 19 68 526 720 198
24 81 98 26 17431 17726 337
80 14 75 23 1791 2113 176
71 27 42 42 5967 6700 318
59 30 82 42 9924 10356 267
50 83 68 74 9984 10266 367
15 61 97 19 1665 2060 196
25 19 20 69 9666 9869 254
33 22 12 51 7268 7557 199
96 68 38 44 7778 8075 266
25 32 77 56 10767 11352 233
48 70 81 100 935 1307 167
19 33 59 41 5178 5720 358
27 55 75 74 7593 7853 326
84 17 76 90 1515 2400 233
36 79 41 91 1134 1872 354
31 22 75 51 2148 2806 200
42 32 46 24 14537 15144 279
84 24 36 11 1324 1879 371
71 15 52 93 2300 2966 383
66 82 31 86 905 1305 342
62 97 14 53 527 1393 384
74 72 36 58 19316 20036 181
40 33 65 95 8431 8664 354
53 99 81 15 13653 14234 198
95 76 65 50 1952 3387 209
20 56 45 80 3868 4087 352
74 14 60 68 10927 11316 261
54 91 94 72 3693 4397 191
66 47 75 100 1492 1820 318
58 70 46 52 360 639 350
20 26 60 89 659 1346 370
36 38 65 79 8095 8493 294
42 36 27 57 18693 19158 323
28 11 16 61 8779 9014 223
61 70 23 10 7890 8391 362
98 76 89 48 3325 4659 208
15 31 22 82 442 1003 268
39 49 92 22 2134 2488 381
81 28 75 40 7966 8513 374
78 12 66 49 570 1550 229
10 78 90 54 4469 4797 268
93 99 40 81 15197 15652 370
45 17 45 56 9686 10580 303
60 39 87 48 520 768 320
93 89 41 35 4455 5198 385
52 18 46 89 5287 5731 233
53 21 26 57 576 1053 367
20 75 91 79 385 750 386
26 74 73 49 11426 12365 155
40 15 99 77 735 1051 400
81 77 99 57 3677 4057 392
28 56 44 97 7927 9078 230
31 66 73 17 2498 2734 155
78 50 64 19 7 924 195
18 44 66 13 9081 9268 323
75 38 19 88 853 1180 250
84 53 62 86 10555 11217 181
48 12 46 14 1398 1590 364
80 48 55 28 8701 9718 157
44 73 80 20 681 1211 202
82 52 88 75 6132 6638 357
100 85 27 67 3143 3440 275
32 76 29 11 6781 7039 267
80 82 10 12 6082 6433 235
40 53 84 14 2130 2371 155
94 96 73 35 8682 9364 323
78 20 83 39 5270 5516 329
59 42 93 30 10823 11747 368
60 17 23 67 1967 2258 267
45 63 57 52 5565 6485 387
54 85 85 98 5051 5393 221
47 78 64 55 3798 4163 173
45 16 70 55 9309 9570 259
18 75 95 12 10375 10705 277
53 79 67 84 3737 4491 220
57 84 52 55 11926 12306 152
42 20 36 13 731 1063 179
14 64 62 15 15718 16532 327
65 44 26 96 300 1180 183
51 12 46 12 9718 10035 268
33 45 95 90 12202 12539 380
40 16 72 14 1075 1675 176
33 11 26 78 3881 5027 286
78 45 69 32 478 1254 281
75 88 68 26 2269 2769 379
90 51 91 65 1442 1770 195
90 45 85 82 5726 6230 241
11 95 42 21 3118 3384 334
73 66 52 17 2416 2635 384
17 61 73 26 4459 5058 350
49 22 97 34 4566 5324 225
72 25 80 92 11441 11846 307
32 99 69 96 2577 3630 226
79 11 62 94 5754 6046 229
76 74 54 41 1659 2050 271
68 53 43 31 9582 10632 166
72 70 11 63 4325 4767 162
19 94 12 98 6732 7457 229
42 77 47 47 725 1007 389
36 81 63 91 8589 8882 310
40 92 90 85 2030 3079 317
63 62 18 17 9044 9865 354
96 92 79 13 4652 5527 233
17 48 92 28 263 720 252
84 44 92 43 4074 4578 251
22 46 52 25 3494 3876 207
30 40 43 89 16382 16861 349
100 40 10 86 6752 7741 195
40 69 75 94 5178 5914 284
16 79 12 49 15773 15951 299
34 76 99 82 10455 10768 208
29 15 77 55 5677 5859 179
82 87 14 13 11182 11556 335
97 63 100 79 5406 5867 266
17 57 11 48 8985 9840 156
100 92 38 71 4643 5212 389
96 84 44 89 1558 2558 183
