150
97 14 27 92 10 954 106
82 61 40 21 1239 2283 62
35 78 99 56 719 1838 54
90 97 56 59 992 1828 184
55 54 51 95 210 915 178
66 68 68 95 711 1275 176
91 42 46 90 977 1620 122
33 22 25 63 846 1665 76
44 73 66 75 1406 2304 249
21 74 11 43 866 1166 183
100 74 13 73 1263 1973 135
51 15 35 77 283 1613 223
93 54 17 37 498 1744 69
50 72 22 48 405 671 60
84 79 76 55 979 1823 181
17 72 82 34 345 587 220
94 67 92 17 200 1080 99
71 65 46 16 813 2014 55
65 99 27 22 1261 1696 63
75 30 44 55 947 2432 118
80 79 51 60 170 769 163
78 43 83 74 640 967 82
74 93 18 48 1027 2369 66
54 78 58 68 686 1278 247
36 98 37 51 636 1611 71
56 51 31 11 1019 2253 85
71 87 39 37 283 1736 130
64 56 80 98 1047 1933 223
30 42 77 89 475 1896 106
30 51 24 97 659 931 127
96 34 44 89 633 1068 144
19 64 69 62 1065 2179 226
89 63 15 46 1355 2102 210
18 69 97 46 1217 2508 226
99 43 74 100 654 1934 250
79 68 80 29 629 1301 204
60 55 26 36 377 1574 123
64 18 63 70 27 1444 139
79 45 10 83 203 1197 64
20 20 29 97 1496 1865 100
50 61 36 72 1497 2027 89
78 57 58 13 391 1814 71
90 66 49 51 596 1399 207
29 29 56 43 366 1766 174
23 46 18 50 436 1281 249
18 67 81 100 916 1807 117
33 38 30 94 927 2050 118
74 35 25 38 1469 2324 202
25 79 43 89 1346 2725 198
22 72 55 44 301 1301 109
37 68 86 19 361 831 158
28 15 74 90 1436 1672 89
19 80 55 43 840 1133 199
87 66 85 62 310 1447 210
21 51 82 74 725 1350 227
86 13 33 41 408 972 208
37 54 66 69 970 2336 145
48 44 90 43 502 1240 216
77 67 69 98 344 1500 222
59 66 87 27 1337 2678 243
34 72 67 20 746 1833 95
71 26 76 12 1312 1612 133
59 42 89 60 1351 2829 136
91 16 54 72 1177 2041 131
42 85 48 79 1401 1989 163
71 10 41 77 1413 2826 56
38 93 48 37 343 1664 173
84 75 51 77 429 1219 140
38 64 21 61 1131 2439 119
86 43 28 91 98 1071 244
26 91 47 95 765 1112 71
62 51 100 44 110 1517 219
14 20 18 10 1068 1215 122
28 27 84 59 1412 1944 219
41 39 61 94 1384 1840 62
13 57 24 52 1282 2102 208
37 67 81 57 382 744 139
11 83 22 10 654 1064 130
24 39 17 15 3 1313 136
66 23 63 20 1422 2756 144
58 53 26 36 1222 2355 149
12 32 98 26 666 914 159
57 76 26 55 1073 1908 131
29 37 59 72 677 2036 187
92 84 12 90 14 1500 226
77 81 37 56 1241 2363 55
53 59 98 69 335 1734 139
34 27 10 88 557 1761 174
76 28 29 84 642 1615 89
40 57 41 72 1494 2357 227
57 94 14 93 1449 2355 179
17 25 75 91 111 997 204
16 93 30 92 1115 1716 235
17 36 78 23 1230 2574 197
14 75 89 23 1498 1955 71
92 77 86 60 530 981 83
24 66 24 10 278 1361 238
36 69 64 48 825 1720 189
51 67 92 60 826 1333 174
63 69 66 26 586 1528 155
57 21 88 95 1058 1421 235
11 31 33 55 1164 1633 73
36 26 32 33 55 1381 107
87 43 25 34 1331 1859 236
90 40 18 37 54 658 51
51 57 75 18 1092 2127 145
76 22 65 64 352 989 113
70 43 71 60 1355 2097 64
78 97 100 21 849 1383 248
82 59 63 35 1047 2248 165
49 75 95 16 679 1812 107
39 86 65 18 1268 1768 73
39 50 81 58 520 1508 237
36 75 24 62 629 2090 230
40 81 29 71 1274 2695 248
30 69 26 80 156 1343 117
56 30 54 66 1081 2391 208
22 73 46 69 155 1099 184
87 93 90 91 1015 1979 93
34 21 15 42 1135 1614 180
19 25 23 72 531 1216 228
27 41 90 54 1397 1736 119
89 34 97 28 386 1664 135
100 51 57 44 893 1757 213
51 65 94 45 340 1145 158
33 100 33 22 787 1239 71
33 45 99 96 1139 1622 240
93 52 49 47 309 1785 82
47 73 55 85 1007 2115 157
40 28 11 55 1012 1521 167
51 16 73 82 198 1465 138
81 74 72 96 1009 1501 185
56 39 83 26 637 2103 121
89 35 98 52 713 2008 228
92 90 65 39 1310 1644 163
76 80 21 77 642 1007 79
99 16 50 73 555 1297 232
36 71 39 28 730 1212 184
32 21 89 81 961 1391 130
41 79 18 25 1304 1840 84
15 64 58 14 511 1785 74
93 66 74 26 1432 2648 204
70 30 24 44 708 2131 207
14 37 94 95 1388 1966 232
74 61 55 86 85 968 134
88 54 90 99 1440 2924 141
22 43 38 63 1107 1935 73
60 67 13 74 738 1353 191
63 87 51 88 951 1676 65
67 20 26 34 779 1742 185
