350
76 98 63 69 630 1949 123
83 40 73 26 185 991 58
52 56 29 56 2528 3346 106
24 31 24 90 1850 3094 250
67 98 14 82 2846 4079 157
38 92 55 86 1721 2112 66
30 92 82 56 711 2551 132
78 85 79 12 2471 5414 146
31 36 49 65 1557 4355 50
93 64 33 67 1723 2435 213
48 77 100 71 240 3107 250
85 16 52 70 2428 4657 188
59 83 42 89 999 2468 132
42 16 27 50 2037 5533 207
69 30 28 40 1340 4769 135
17 35 55 65 279 978 143
61 48 100 57 326 3517 178
18 73 73 11 1160 4369 202
97 97 94 41 3467 5190 193
16 52 12 63 1207 1547 238
63 13 89 58 2142 5478 86
68 51 22 80 3486 6689 212
59 38 86 43 2109 2888 227
68 96 77 19 2897 4493 111
78 27 76 34 2183 4037 138
82 29 83 11 838 1204 71
95 77 88 70 3430 3925 189
26 63 43 78 2002 3741 99
32 15 95 88 2613 3846 50
27 82 23 38 2233 5361 212
67 96 12 50 1998 3431 65
44 26 55 67 2692 3369 153
92 60 57 42 2005 4860 98
88 65 30 77 2094 4887 191
22 26 58 73 3142 3574 205
50 10 56 28 1298 4438 73
46 44 78 76 2154 4820 232
67 100 97 57 2119 3642 96
93 41 95 59 414 1753 159
90 25 23 19 778 2941 176
80 22 90 44 1517 2297 207
74 43 17 71 1698 3113 74
71 59 66 68 3318 6567 93
16 91 84 29 2444 5795 59
70 84 31 71 2415 5138 168
87 53 91 65 2595 6095 140
47 75 50 64 173 1598 143
16 75 95 98 415 2318 210
79 17 61 86 89 1072 58
37 85 94 51 1694 4084 128
40 93 23 63 628 2796 242
43 11 32 12 1067 3814 188
100 52 91 12 1575 4454 157
78 34 35 57 3207 4599 69
89 30 31 58 805 1463 174
33 67 59 100 1103 2889 135
60 12 64 18 1762 2480 248
47 46 48 62 2237 3404 221
46 55 21 23 647 2154 236
88 94 87 66 3080 3660 51
10 27 37 58 2956 3172 231
73 76 13 71 1083 1754 72
22 63 15 90 1315 3519 159
96 62 90 13 1630 2544 140
26 16 63 60 337 1953 135
33 43 61 25 1255 4376 113
100 91 73 56 2191 4765 183
38 94 75 74 346 3133 86
20 82 55 64 1622 1929 247
16 38 14 53 2652 4364 209
18 36 45 64 91 453 52
92 61 69 22 2254 5168 75
93 20 88 96 172 3436 176
22 17 65 62 1155 1793 190
79 73 75 52 2520 3370 64
22 12 31 87 1431 3892 206
34 98 75 24 1908 5352 78
83 91 85 21 3319 5408 189
15 35 27 22 3344 6081 240
82 11 32 66 2730 4640 172
39 13 18 98 2876 3691 218
45 44 89 13 842 1573 190
22 95 55 87 3371 6382 129
32 67 50 28 175 1588 180
24 72 34 89 2110 4621 61
14 44 41 61 1865 4787 202
15 67 20 43 3454 6883 236
88 92 78 25 401 3287 61
53 93 99 80 2814 4342 98
49 93 57 38 1793 4738 110
77 45 90 57 395 1649 203
14 85 45 12 1057 2953 58
52 25 59 62 2569 3194 85
61 100 50 24 2388 5815 209
67 61 22 49 2239 2918 161
20 36 47 88 3185 5435 118
11 51 63 65 1630 4523 226
44 83 38 14 32 2013 162
21 59 57 81 2115 2358 226
98 62 18 90 3219 6351 210
56 45 94 60 3369 5341 104
78 65 49 44 2098 4620 82
98 88 26 60 2195 3766 186
77 89 84 45 2625 5948 127
31 99 54 81 1568 2784 202
68 88 98 79 1033 2745 162
81 60 72 66 477 891 231
84 50 97 66 3029 3514 70
33 39 52 40 2292 4633 84
29 99 56 97 99 3025 170
94 93 12 77 2156 2644 159
86 77 54 13 243 1736 200
10 97 69 85 2592 4200 117
46 98 65 68 2673 5224 86
89 80 24 25 1177 1715 226
15 55 64 64 1494 2161 96
88 30 29 98 1031 4134 72
40 22 13 70 655 3021 69
81 94 24 65 1091 2775 83
30 67 11 83 2938 5470 153
14 35 18 34 2798 3925 208
34 30 99 17 2564 3456 120
52 58 75 94 1965 2781 230
86 64 17 10 256 569 136
43 18 89 28 1801 3608 149
12 47 91 65 210 1437 98
51 39 46 48 707 3746 167
89 59 67 49 653 1145 157
19 91 33 97 2881 5916 153
35 83 56 90 3114 6454 153
34 97 85 36 80 3567 245
56 58 36 28 320 3313 66
37 99 49 26 2300 4786 207
18 22 85 64 1463 1963 175
100 14 97 93 2708 4654 64
47 34 68 11 1064 4503 128
93 96 53 42 2569 3780 60
57 22 54 71 705 3764 114
52 81 40 60 2608 5306 139
91 65 96 82 1588 3587 53
30 56 98 23 344 994 163
38 83 64 40 523 2052 136
33 52 22 15 2381 4256 122
75 90 69 75 1870 2206 95
36 66 62 39 2317 4599 169
41 11 95 86 1584 2341 56
73 15 44 80 1521 2944 153
74 20 37 66 1261 2040 61
71 92 17 56 3185 5578 235
48 70 78 94 1720 5092 146
98 91 13 13 3358 5795 151
57 30 100 14 1891 2729 189
78 28 87 65 2964 3244 129
95 92 78 86 1605 4284 164
68 50 25 28 2333 3196 187
71 68 91 29 600 2716 174
55 35 71 40 810 4128 183
10 69 72 57 2785 3589 162
41 18 51 13 696 1221 212
38 88 53 52 2404 2849 178
31 12 95 18 2194 4831 54
96 63 70 93 60 2639 77
55 35 100 72 2445 5221 75
95 78 60 95 2247 5460 173
13 86 69 14 235 3364 250
65 47 12 98 2793 5231 106
54 30 69 52 2590 4634 242
72 32 52 71 1048 2729 150
35 28 86 79 1393 4600 165
69 34 56 61 2757 5837 207
68 29 52 99 1106 2923 158
84 29 31 40 1217 3084 69
37 46 12 31 951 4286 118
24 37 38 90 120 1212 103
69 72 68 52 809 3140 170
47 70 84 12 1491 2887 154
75 74 97 83 1918 3063 239
34 23 51 94 843 1149 243
97 71 47 29 2336 3454 109
70 86 87 62 594 1001 98
46 34 81 39 60 2148 94
34 23 43 46 991 2741 250
55 64 63 47 606 3437 235
99 95 67 87 48 2129 161
74 27 98 51 3064 4042 89
23 11 60 45 120 1792 63
51 66 37 71 3432 5201 115
34 39 29 74 576 2450 114
92 71 27 16 2640 3921 168
51 36 23 58 2499 3990 117
10 84 34 52 1417 3536 194
29 92 41 43 1069 1671 61
82 34 87 59 3387 5903 113
39 37 87 54 1922 2227 220
63 51 77 49 3468 5116 136
70 27 41 22 1028 4073 223
14 99 52 82 3365 4255 126
17 77 33 100 1126 2460 52
66 78 99 37 3163 5582 83
29 10 34 91 57 3209 212
24 76 75 91 974 3320 215
14 19 70 37 3215 5944 81
36 72 100 93 3418 4055 142
16 55 15 88 3070 4216 136
29 37 58 42 3126 5718 56
87 23 13 20 2974 3784 216
39 40 26 84 401 1628 77
92 53 64 16 2490 5569 92
50 15 89 27 224 3259 204
15 100 91 37 2400 4745 57
29 93 51 56 3319 5522 224
90 10 10 26 2038 3306 228
10 53 94 32 2156 4397 126
93 14 96 54 2844 3630 184
87 65 27 75 3200 3516 205
74 43 18 28 685 2675 242
13 72 59 53 2844 5689 113
36 89 26 47 3238 4849 153
87 32 96 48 1007 2886 171
23 84 82 92 497 2194 131
62 69 45 100 3381 3982 244
63 22 60 78 3391 5852 141
24 100 67 24 2175 4129 95
41 48 86 39 613 2310 228
81 42 26 90 637 1108 194
73 88 79 20 1437 4735 84
93 19 49 99 1438 3579 233
59 85 58 51 326 2548 55
34 67 67 66 1296 2217 67
27 20 95 86 2545 3838 248
22 68 83 92 1878 2674 165
81 54 11 30 709 2143 169
23 99 25 81 1328 2652 71
90 55 77 57 2835 5625 180
41 49 92 63 3282 6597 71
90 34 31 99 996 4175 129
71 72 27 15 2864 4756 188
20 31 91 22 3161 4223 207
68 97 95 45 1378 2111 121
73 48 44 65 2876 5059 229
41 47 91 46 2924 3606 63
39 39 73 97 2932 6037 127
60 84 75 85 3169 6441 143
31 74 68 87 919 2047 160
96 38 86 81 2595 3428 109
54 55 17 47 146 1507 203
46 64 86 63 570 1226 151
41 31 56 25 2240 3632 159
64 39 78 14 1335 2033 220
68 74 51 29 254 2602 175
41 70 97 61 519 3881 248
24 71 15 23 2225 3478 203
52 68 43 90 1514 2465 229
56 12 19 34 1743 1937 98
21 52 71 20 3143 3756 122
16 95 33 19 2588 5983 165
50 44 27 76 1724 3994 171
29 14 94 47 2324 5589 249
51 22 60 66 542 2787 200
80 13 69 86 2656 4352 239
49 46 70 47 732 1805 92
67 94 27 79 2514 4744 76
33 29 62 100 2972 4574 222
42 30 74 45 934 2180 199
39 18 60 38 610 3513 196
76 25 34 21 339 757 188
84 10 36 79 99 2859 168
95 71 55 19 2615 4657 217
48 83 14 89 2477 3736 123
34 10 28 21 3186 6307 225
84 90 67 38 67 2621 135
61 64 24 40 3047 4891 104
26 73 89 62 2884 3509 61
59 64 28 18 921 3587 135
33 43 12 43 2029 5439 190
29 31 10 52 1239 2497 207
88 91 22 26 3182 4784 120
50 81 23 89 1344 3482 61
57 29 48 77 1540 4972 105
60 49 15 46 1263 1770 89
48 63 32 28 456 1959 145
37 10 76 70 1778 3780 144
66 93 19 51 2845 3464 86
54 24 82 12 463 878 126
32 32 97 14 2713 5358 52
31 62 15 15 3438 5898 104
81 38 97 17 1439 2515 99
94 54 33 87 2665 5465 70
100 66 28 76 1003 2143 85
57 69 48 80 542 2080 241
52 92 28 40 32 1360 103
56 13 22 42 1838 3234 241
19 79 84 88 618 3252 89
58 92 33 16 2456 4403 66
25 42 58 54 222 3361 70
56 97 83 32 2345 5726 91
76 96 56 21 1115 4378 53
96 44 64 62 972 1563 113
71 14 34 48 1437 2982 182
52 73 28 68 3244 6183 249
22 41 55 20 1136 2402 155
33 87 87 17 300 3679 210
63 23 81 71 287 1451 224
61 66 67 91 365 2045 69
91 27 25 41 3436 6303 183
65 21 38 27 2002 2250 221
59 51 15 69 3417 6861 245
45 15 47 24 2721 4990 199
87 40 26 88 3216 4687 150
36 53 35 23 948 1358 88
55 66 98 30 1836 3186 217
66 62 15 22 2561 5350 68
97 78 66 41 2032 2997 148
42 43 23 47 1239 1645 165
83 33 44 51 76 1123 213
70 30 20 73 2574 2961 125
60 71 13 62 750 2111 172
81 15 86 43 855 3836 91
41 45 10 72 300 470 70
56 43 42 73 2317 4611 196
83 50 47 19 3326 4927 104
18 28 47 98 1227 3730 53
83 71 97 40 2750 4962 242
27 57 41 31 3083 4274 136
86 26 62 67 2512 5216 205
12 22 17 45 2077 3122 97
33 92 28 68 2633 4775 71
21 89 25 26 2006 2877 249
32 96 17 52 1526 1798 191
40 60 73 83 1161 2761 169
41 31 10 21 255 608 183
52 71 59 79 577 1589 190
16 48 25 64 1438 3704 134
59 56 31 46 437 2052 73
56 43 69 44 3175 4806 170
93 85 57 53 647 3101 155
99 22 13 57 3067 5657 210
82 31 57 51 1097 3411 110
98 34 66 57 2132 4564 222
68 57 36 55 2760 3206 170
66 16 91 62 843 2986 96
66 64 60 26 1046 2675 210
65 39 56 57 1744 2770 111
24 27 63 96 521 2517 98
14 71 23 39 353 1239 101
22 84 53 66 2372 3774 147
50 13 67 71 37 2934 208
78 40 28 58 2456 3995 84
78 57 95 46 2079 2996 141
61 29 67 97 2635 5554 90
