300
15 7 13 15 1865 2018 5
9 11 15 13 2540 2702 10
8 10 9 14 1069 1176 2
8 5 6 7 124 213 5
8 5 15 10 1688 1775 1
5 12 15 7 616 754 9
14 13 13 6 2302 2436 6
8 10 8 8 443 550 7
11 11 15 8 598 731 5
12 15 6 11 2693 2739 5
7 15 8 9 735 842 9
8 8 11 9 1745 1800 1
10 5 12 15 688 752 9
8 9 12 12 1061 1199 4
13 11 12 14 2507 2560 6
6 5 14 10 1091 1203 7
10 7 9 8 935 1065 8
11 8 13 15 1085 1236 3
14 11 9 5 513 568 9
8 11 5 5 1403 1483 7
15 5 12 6 2692 2824 9
15 7 7 14 2648 2744 6
15 5 7 8 1184 1241 3
10 8 12 10 2603 2730 10
5 14 12 14 1898 2058 4
11 12 8 15 2467 2626 2
6 5 5 10 575 657 6
13 11 7 14 1068 1216 2
13 11 9 6 1825 1986 7
5 7 7 13 315 380 3
5 12 11 11 807 887 4
11 7 5 13 1087 1143 10
14 14 8 8 1482 1665 8
12 11 15 6 1181 1250 2
15 8 10 14 2341 2444 4
6 11 15 12 2339 2491 4
15 10 7 14 1728 1906 10
6 10 11 15 2649 2799 9
15 13 14 9 2773 2897 10
11 6 9 7 2181 2289 9
5 5 7 15 1269 1302 1
11 11 5 11 1813 1971 9
7 9 8 13 954 1020 7
10 5 15 6 1249 1334 6
13 13 14 7 2705 2880 9
6 14 15 15 1655 1851 9
13 7 12 13 2045 2157 8
12 10 13 14 783 925 6
8 10 9 15 2435 2576 6
6 9 7 11 1399 1514 2
8 14 14 11 33 222 6
5 5 13 12 18 62 9
11 11 6 6 1826 1861 5
5 6 11 9 164 239 2
11 5 7 13 1965 2112 7
14 9 6 10 2249 2367 4
5 5 12 15 19 96 4
14 5 14 14 1446 1584 5
12 12 6 5 1255 1372 1
5 10 8 14 2155 2297 2
5 14 14 13 652 698 7
11 15 14 15 1166 1370 5
15 10 11 11 2153 2318 3
6 5 12 11 1318 1443 10
14 7 8 6 220 315 8
14 14 15 11 854 960 6
6 7 8 14 1786 1901 9
11 14 9 13 2561 2749 10
12 7 8 13 1166 1259 1
9 10 12 9 2666 2708 1
6 8 11 13 2045 2168 1
10 5 12 6 2563 2696 3
10 5 14 5 256 351 5
5 8 9 6 1135 1163 6
11 14 6 10 2635 2802 1
7 11 8 14 225 324 4
10 7 14 14 313 374 2
10 8 10 11 571 662 7
7 8 12 13 1347 1503 9
15 10 8 8 43 141 4
6 15 8 8 1751 1796 10
13 13 11 9 1358 1495 2
11 14 13 5 2452 2596 1
6 15 13 8 2157 2283 3
5 6 10 7 1088 1146 3
11 10 13 12 225 413 10
9 12 14 7 791 880 1
8 10 11 10 1082 1155 2
7 6 12 8 2782 2881 2
14 9 5 8 987 1095 4
12 15 8 5 607 684 1
12 7 13 12 337 382 10
11 10 14 14 2434 2541 4
13 9 6 14 58 211 4
8 12 15 12 2419 2500 7
14 10 8 13 105 239 2
8 12 5 13 2736 2797 2
15 12 13 14 990 1173 10
5 11 10 5 2634 2687 10
11 14 8 14 2741 2822 10
8 12 9 12 949 1056 5
12 8 10 14 1960 2132 9
9 12 14 14 1466 1638 5
13 7 9 10 2235 2290 3
7 11 7 7 1351 1473 10
12 9 10 6 227 315 1
11 6 10 9 1147 1225 3
14 6 13 5 2329 2391 6
8 8 15 5 542 657 7
15 7 7 15 229 295 2
15 15 12 11 1438 1494 5
15 5 11 15 2527 2608 3
14 15 13 5 438 595 8
6 15 7 13 419 463 1
13 5 9 9 1249 1343 8
7 14 5 9 2248 2339 9
15 15 8 13 41 160 7
12 13 6 10 181 320 5
12 12 8 5 694 792 2
7 12 14 9 635 719 5
9 15 6 9 1431 1478 6
11 7 5 6 721 817 3
15 11 10 7 2681 2798 7
6 6 9 11 1769 1874 2
6 9 15 12 1224 1317 7
7 5 9 9 997 1041 1
15 12 9 5 1787 1910 7
7 5 10 11 2307 2387 6
8 6 12 14 1804 1894 4
12 15 14 14 1358 1426 7
5 8 9 11 1592 1646 5
14 11 15 6 839 927 4
8 12 11 11 868 1032 1
5 15 8 7 2234 2283 5
6 11 15 9 1401 1466 4
11 12 7 11 873 926 8
10 13 6 14 1095 1189 3
6 14 15 8 2522 2679 8
7 15 8 7 538 651 5
14 12 9 10 409 471 9
8 8 12 7 306 360 8
5 9 12 7 4 41 7
13 7 5 13 909 955 5
12 8 11 9 39 124 8
11 5 8 5 2381 2487 7
10 10 13 12 2535 2688 9
9 8 12 14 1745 1882 4
14 9 5 10 353 483 5
13 13 9 11 2034 2153 7
11 11 14 13 405 571 5
10 10 10 15 619 702 6
8 7 9 11 1293 1361 1
11 9 10 15 1381 1445 3
15 9 14 12 2801 2893 6
9 14 5 10 673 740 3
13 7 7 10 268 387 5
13 10 7 12 2520 2684 3
6 12 10 6 937 980 10
7 15 13 10 152 219 3
11 6 9 5 1405 1442 3
8 12 13 9 2602 2726 4
14 12 15 12 1444 1562 2
14 8 9 12 988 1094 9
11 9 6 13 1900 2026 1
15 6 12 12 1712 1773 8
13 9 15 6 1369 1503 1
13 9 9 14 1784 1931 10
6 8 15 5 1720 1763 5
14 11 13 15 718 876 8
15 15 6 12 85 199 4
12 12 11 10 1756 1842 9
5 14 13 8 2183 2247 7
6 12 13 10 1035 1172 3
8 10 9 12 1538 1700 8
13 11 5 9 1571 1631 6
7 10 12 10 1025 1147 7
6 9 10 14 1766 1877 4
9 14 14 11 1970 2030 6
5 15 13 13 330 439 1
12 7 13 11 426 551 10
9 7 7 8 2652 2742 2
11 8 13 7 1749 1905 8
11 8 12 15 2571 2749 8
9 12 10 12 2299 2378 7
12 13 5 10 2160 2301 5
12 10 6 5 771 880 10
13 8 9 12 2515 2613 7
13 9 5 6 2267 2381 9
12 8 5 14 2167 2288 2
11 8 15 8 255 405 10
15 12 8 5 1181 1343 3
7 5 11 12 994 1042 3
13 8 5 10 1608 1716 8
6 12 8 5 861 909 10
14 11 13 6 1106 1190 4
14 13 6 11 1028 1125 10
10 10 8 12 519 562 5
5 13 8 15 2679 2758 10
7 12 11 15 171 246 5
9 15 5 15 1734 1856 5
7 13 12 11 64 201 4
12 10 9 6 846 982 10
12 10 8 6 1157 1294 2
7 7 15 5 1184 1306 3
12 7 15 8 1476 1639 1
11 11 14 6 80 204 2
12 11 12 5 2757 2863 10
15 13 12 14 65 217 10
7 5 15 12 302 416 9
12 7 10 8 280 418 7
8 8 9 14 734 871 6
6 8 15 14 1942 2034 2
6 8 9 15 582 722 9
12 12 6 6 1826 1926 2
7 8 15 13 656 825 4
15 14 15 10 1738 1873 4
9 10 5 12 157 258 1
14 6 13 9 1702 1872 7
7 10 11 14 464 607 5
12 9 12 7 890 1035 8
6 14 11 15 1290 1373 1
9 6 6 5 1136 1240 1
14 8 14 11 1437 1491 3
9 15 5 7 1324 1443 4
9 8 12 6 463 509 5
12 5 9 5 1842 1920 2
13 11 5 12 1493 1549 1
12 9 6 15 2475 2606 3
15 5 13 8 2675 2739 6
6 10 8 5 1817 1861 2
6 15 6 6 1250 1311 2
9 13 12 12 226 293 2
6 5 5 5 599 683 1
11 12 10 15 1997 2090 9
7 13 8 10 1629 1749 4
8 7 13 7 2186 2282 2
10 11 9 15 1510 1557 10
10 15 14 13 65 257 6
13 7 5 9 1125 1159 6
11 13 12 7 1120 1268 8
12 13 12 6 974 1106 4
6 13 14 11 711 839 3
6 11 5 11 201 245 3
10 5 15 11 1209 1330 5
7 5 10 14 1340 1478 7
6 13 11 9 1622 1756 1
9 5 11 10 1089 1141 2
11 8 13 10 2627 2731 7
14 14 6 7 833 969 2
12 13 8 11 624 795 10
14 15 9 7 1617 1765 6
7 8 12 9 2054 2132 7
12 12 8 5 2293 2440 5
6 14 9 5 2742 2864 9
14 10 11 5 1506 1621 2
14 14 9 11 1262 1396 4
8 12 14 13 1395 1582 1
11 14 8 14 170 343 3
13 7 5 5 1265 1340 3
11 8 13 10 1543 1628 5
14 7 5 13 2528 2644 2
12 10 6 15 2144 2263 9
12 8 6 8 2074 2132 2
13 7 10 10 589 710 4
6 15 8 5 852 924 9
14 15 5 14 2133 2187 3
5 7 7 13 1027 1104 8
13 10 11 11 884 976 10
5 10 13 8 1379 1516 7
12 10 10 10 26 103 2
6 11 11 5 743 804 10
12 12 14 9 1787 1869 3
5 6 12 10 1603 1642 3
14 11 9 12 1984 2104 6
9 9 7 13 2664 2719 2
9 10 15 15 760 828 10
12 9 15 14 1617 1772 8
10 5 15 8 717 836 2
6 11 12 10 1776 1937 5
13 12 9 15 1925 2077 10
12 12 5 13 109 192 10
13 5 10 13 1983 2063 3
11 7 15 14 2026 2076 3
6 8 9 10 2313 2440 5
7 11 6 10 906 971 6
15 10 13 14 660 754 6
15 9 9 15 29 175 8
9 7 5 13 101 146 1
15 5 8 7 1096 1144 8
7 9 5 5 240 273 7
15 10 8 6 800 961 3
10 10 7 9 2287 2350 7
14 14 9 6 2371 2419 9
14 13 12 7 1159 1305 2
14 5 15 7 15 116 10
5 8 13 14 1380 1424 1
13 15 14 7 826 947 2
13 11 14 10 2123 2187 8
15 12 10 13 2245 2439 4
9 5 12 11 1930 1985 5
