450
98 152 108 18 101 150 8
185 121 34 121 45 68 8
88 199 20 32 266 393 3
118 60 219 175 1 1 6
216 114 159 140 410 942 9
97 70 134 149 350 939 3
176 182 93 192 148 320 7
25 54 175 18 91 206 8
93 203 163 37 143 177 3
105 194 35 172 14 27 7
153 58 198 37 353 784 6
84 180 189 225 124 244 5
48 159 77 89 265 316 1
37 55 220 65 423 825 8
79 56 81 168 54 78 9
3 44 125 204 42 125 7
179 181 223 128 389 506 7
188 143 165 96 341 553 1
30 39 205 181 162 299 3
190 129 96 103 264 426 7
212 83 125 68 120 339 9
219 138 90 60 308 485 4
116 222 161 17 159 268 4
195 223 203 197 370 477 8
121 21 21 190 34 45 6
103 11 60 56 334 648 7
108 200 90 92 356 738 7
209 98 88 62 209 486 1
178 134 157 220 197 389 10
18 217 135 47 253 291 2
89 126 135 2 168 276 6
72 9 37 14 136 156 9
57 201 51 91 416 441 2
17 203 154 222 418 605 8
207 78 171 110 351 663 4
49 123 149 67 226 566 3
72 126 140 98 413 1036 7
199 51 156 110 394 1171 10
102 3 155 69 86 152 1
125 187 6 203 332 976 4
199 15 203 12 401 591 9
124 111 59 46 392 962 4
83 87 168 198 206 310 9
138 121 85 133 23 33 8
146 21 169 110 268 356 7
53 13 13 32 378 928 4
128 41 150 88 163 330 1
152 223 96 47 194 217 10
9 208 149 189 231 538 3
93 85 92 2 152 322 8
29 34 145 115 131 328 6
89 116 109 106 84 190 3
194 134 140 152 179 344 4
92 121 219 67 236 328 9
129 170 86 81 435 528 8
80 176 124 155 413 734 2
169 56 21 173 39 58 6
74 171 155 6 207 396 3
17 105 12 132 139 241 7
135 122 81 205 179 406 5
128 65 117 158 204 505 6
201 78 152 49 277 362 1
17 34 211 79 173 366 6
124 58 65 41 327 559 7
110 142 200 68 450 1310 1
108 156 15 165 318 626 10
108 184 40 81 1 1 2
44 115 193 139 363 499 2
155 49 63 211 118 275 2
73 89 143 219 29 62 5
90 36 218 141 259 622 2
16 76 16 96 82 217 5
8 188 55 60 391 590 6
77 1 34 128 274 715 1
48 121 27 67 18 37 10
19 59 203 95 25 49 7
155 77 53 36 334 474 7
100 2 32 140 237 464 1
195 64 223 39 41 123 10
112 67 1 120 19 36 5
121 18 18 93 393 1099 2
193 180 85 33 408 1208 6
29 40 16 115 147 381 4
161 65 93 58 147 152 5
209 13 134 114 259 394 5
140 60 69 3 160 199 9
21 181 218 145 17 46 8
27 171 125 192 305 514 3
202 194 169 133 311 407 5
80 21 196 174 142 360 4
11 14 36 7 128 367 9
30 100 207 81 163 253 8
38 131 118 33 281 833 2
166 48 46 196 358 720 5
221 74 19 20 103 159 4
34 52 165 225 18 47 1
15 134 111 153 124 220 9
12 200 186 134 51 75 9
4 71 222 126 364 380 6
163 205 180 54 57 125 1
76 102 43 165 115 207 5
177 176 192 106 161 164 10
144 224 42 77 190 534 7
105 189 176 55 150 158 1
151 167 216 189 270 709 7
136 132 62 110 13 26 6
83 213 130 14 13 35 8
120 11 212 147 83 90 3
225 109 186 101 369 566 5
104 98 165 192 192 390 6
60 115 185 24 3 8 1
197 181 162 38 416 1165 3
34 77 211 71 194 354 2
88 212 52 208 189 343 7
38 10 188 174 324 754 5
84 153 201 1 152 391 1
184 124 40 179 113 259 3
145 32 121 30 238 252 2
110 93 136 192 179 376 10
170 140 129 128 272 425 1
147 79 210 219 21 41 4
98 140 56 77 263 439 3
176 7 38 72 343 999 8
138 8 16 20 115 176 8
174 199 219 217 249 737 4
215 192 99 9 51 105 6
48 90 118 169 304 586 2
165 53 135 120 334 341 1
194 121 48 205 5 12 8
81 75 222 116 404 1114 10
79 62 138 174 202 269 9
177 1 19 33 48 129 9
52 141 150 155 438 830 8
140 140 174 196 71 171 7
78 171 76 132 156 305 2
172 64 196 149 397 745 2
86 157 199 182 58 100 6
156 188 14 35 212 506 7
176 85 108 173 394 518 4
108 57 216 75 440 899 7
121 65 55 30 230 679 1
98 112 48 202 51 94 8
213 101 31 214 358 433 4
81 145 37 178 114 133 6
75 13 157 78 337 444 10
50 153 72 138 163 481 7
209 32 178 140 102 127 4
10 67 111 111 24 44 2
145 29 57 220 389 770 7
129 90 18 183 122 271 5
73 174 188 83 197 281 5
180 178 142 221 377 968 5
220 103 158 65 194 444 5
167 144 112 122 265 713 1
44 214 152 52 345 929 7
38 12 218 173 28 28 4
86 164 102 220 225 647 2
40 188 180 126 375 963 2
117 221 178 173 124 369 6
89 134 30 164 42 110 2
86 168 92 82 140 221 3
50 83 7 206 159 399 2
221 99 89 170 206 466 8
176 25 33 108 374 623 1
197 11 101 180 67 155 1
209 223 96 50 120 350 6
214 11 124 115 48 53 9
9 84 161 197 196 262 7
165 12 57 47 155 290 5
59 120 100 157 143 166 6
77 196 140 101 198 452 4
65 3 192 57 16 45 2
167 87 7 160 202 286 2
85 50 89 87 4 9 4
191 140 189 65 105 193 7
63 126 177 96 298 367 3
151 73 83 28 202 248 7
156 210 163 162 166 289 9
179 121 107 50 105 129 8
43 132 218 186 251 639 10
75 58 21 6 95 192 1
145 178 15 155 13 33 6
42 198 185 192 353 944 3
171 82 182 141 3 3 10
121 95 47 123 231 693 3
156 157 103 101 25 39 9
157 2 64 217 374 989 2
179 33 69 217 229 299 6
138 84 84 119 302 600 10
78 119 4 145 209 566 2
47 158 206 54 37 70 4
158 198 124 117 177 353 2
42 148 156 56 54 103 2
5 170 111 21 115 130 5
19 125 95 124 199 479 9
145 221 93 193 186 270 6
59 159 73 216 419 905 5
34 106 133 104 211 320 9
81 83 58 121 55 160 7
179 134 148 38 59 99 8
166 184 83 37 14 34 9
39 141 29 101 315 425 3
168 186 34 147 361 669 6
124 45 206 138 287 442 1
182 205 192 38 250 374 7
57 145 114 113 221 452 6
15 28 121 92 403 1129 5
79 90 46 99 294 710 4
217 1 207 117 313 910 6
14 33 185 42 227 388 4
25 140 110 187 413 488 1
213 47 161 26 147 358 8
100 103 197 159 196 574 3
14 48 219 149 315 883 3
64 43 41 145 134 324 5
83 92 121 21 273 611 4
159 108 72 41 115 252 4
145 120 132 113 129 138 10
56 225 66 180 381 417 9
222 202 129 219 163 268 3
162 55 40 202 334 418 5
163 67 210 44 17 40 9
117 214 219 16 61 84 9
122 210 186 177 160 266 5
33 221 208 95 235 277 8
184 190 86 74 307 540 8
192 153 31 57 412 1207 1
181 157 4 57 180 485 10
206 193 218 32 34 83 5
179 150 113 166 189 344 1
119 37 41 101 421 690 10
52 190 114 137 447 822 5
53 10 111 170 332 368 3
109 220 218 153 178 186 8
58 179 25 36 141 145 10
79 185 38 43 301 758 8
121 2 57 25 112 298 10
70 164 145 134 30 60 6
39 72 147 21 321 382 10
216 85 56 104 443 1159 5
183 31 177 23 172 496 6
59 18 112 189 122 339 8
168 168 53 178 223 306 2
94 185 122 208 63 81 4
200 42 101 39 64 179 2
169 210 167 106 5 12 5
191 62 77 25 162 433 4
57 75 10 76 303 841 1
77 124 6 147 407 692 2
210 102 80 102 33 66 2
26 37 156 195 56 116 7
125 48 189 6 317 592 9
169 140 88 59 45 120 5
176 166 188 85 195 365 7
138 32 72 221 428 789 1
106 138 86 135 273 625 3
36 114 37 199 249 329 4
86 114 29 35 311 717 2
84 197 49 208 209 234 4
116 213 14 194 371 936 5
16 23 100 111 287 696 7
17 125 165 187 296 556 8
148 185 122 198 329 391 5
199 41 117 45 284 663 4
50 199 187 185 234 510 4
62 122 55 117 168 227 2
211 209 54 208 125 148 1
140 156 28 8 198 368 3
218 75 67 148 422 955 6
197 166 70 40 309 900 6
188 133 208 92 405 705 9
45 2 213 175 89 146 10
65 129 181 19 203 508 6
89 81 195 117 331 558 2
63 121 134 84 198 356 6
129 157 30 211 97 281 6
171 96 70 107 403 1019 2
137 214 11 83 33 71 7
200 185 183 65 434 472 7
147 127 164 6 444 564 9
55 88 71 62 65 131 5
46 188 61 27 229 549 2
41 192 100 45 408 1034 10
24 161 6 64 63 109 8
140 174 23 138 220 655 4
158 13 115 202 128 197 1
71 182 9 28 447 787 4
200 102 180 68 332 596 5
168 174 175 184 165 187 9
146 26 26 59 50 92 3
3 20 6 136 249 565 9
223 171 209 153 338 735 5
224 219 83 15 42 55 8
110 154 38 161 139 184 5
43 64 163 46 9 27 9
197 36 46 125 385 1129 10
175 117 24 123 437 833 7
152 114 111 112 5 13 8
111 155 104 33 77 176 7
130 152 152 192 124 260 10
53 180 100 206 381 980 3
29 76 224 212 33 99 3
124 186 150 71 190 529 10
80 3 130 9 58 87 1
158 217 146 102 263 315 10
98 216 107 134 256 505 8
114 175 148 16 327 825 2
127 9 132 55 115 335 5
87 113 63 179 266 434 2
59 56 86 100 361 574 7
156 85 3 58 363 895 8
195 86 135 150 228 304 6
79 29 25 171 342 743 3
38 60 124 19 236 684 7
163 164 82 104 128 340 9
152 82 99 143 387 1061 8
112 58 205 91 27 70 7
116 121 139 135 423 1238 4
166 82 95 197 63 88 10
190 67 119 139 286 626 6
118 220 118 128 397 1061 8
150 221 133 44 63 121 2
17 23 65 49 13 37 2
25 107 171 137 21 41 4
105 186 59 160 171 187 5
101 116 5 128 62 112 4
26 170 32 36 231 503 4
50 177 203 189 352 698 7
14 20 59 13 288 315 9
53 37 222 85 137 204 4
107 84 15 122 186 512 8
47 167 173 94 284 846 2
54 139 211 204 28 45 10
72 220 92 111 188 445 8
47 142 90 157 4 11 7
170 211 7 3 155 247 6
24 158 39 160 206 589 4
59 176 42 71 345 623 3
131 91 27 20 14 21 6
208 2 55 173 55 106 2
77 72 112 110 87 254 2
37 153 128 93 252 563 3
67 219 16 223 61 145 9
73 40 143 93 73 106 1
38 223 143 179 275 782 6
21 36 204 27 313 321 1
218 38 210 180 205 307 4
83 144 25 46 255 415 2
49 13 155 112 244 302 7
139 194 182 117 105 152 9
161 148 178 185 149 285 4
29 22 99 100 304 861 9
223 91 54 18 126 134 3
83 185 113 164 145 226 3
54 119 194 210 267 527 3
224 40 110 174 383 657 10
111 41 92 26 394 584 8
108 97 50 111 52 144 7
72 85 201 97 156 451 1
202 142 104 97 372 623 2
167 144 191 104 362 432 3
61 59 35 127 260 656 6
218 112 30 59 160 233 5
28 207 31 28 403 494 2
83 85 203 101 36 70 7
59 87 107 192 76 221 10
136 118 11 13 77 156 1
209 133 129 165 118 167 6
182 149 1 142 80 130 7
211 26 209 60 394 885 5
211 194 22 222 196 505 3
22 189 7 169 326 534 8
66 148 139 69 233 240 10
220 216 187 54 170 317 4
171 156 46 79 33 71 6
164 217 82 198 312 391 6
191 193 225 57 429 743 10
93 153 145 12 349 525 6
215 192 25 224 158 327 8
51 135 170 34 61 178 6
64 28 81 183 220 376 8
29 39 10 29 450 1076 6
48 142 90 4 133 344 6
218 114 118 166 362 792 10
173 67 14 42 324 432 6
127 20 92 67 92 261 4
37 23 163 71 308 421 10
200 102 4 177 319 573 1
74 50 216 72 37 107 8
164 63 5 182 305 646 6
11 2 101 45 409 1218 1
55 216 33 185 157 236 2
111 160 51 130 76 212 7
12 155 218 110 273 573 7
8 86 202 154 163 215 7
129 167 143 217 272 292 7
106 144 50 205 274 776 6
49 71 114 204 223 530 5
122 53 129 182 87 253 6
12 218 112 200 181 321 10
49 110 94 117 95 277 6
168 90 135 131 165 248 8
185 173 129 25 396 866 10
4 7 143 202 31 38 4
45 158 126 67 33 96 1
17 51 22 218 430 979 9
76 86 102 93 254 268 8
64 110 132 178 68 143 2
102 156 36 19 71 88 6
22 153 114 14 233 443 8
115 159 167 162 91 134 3
117 164 199 165 250 590 8
172 86 67 6 409 827 10
181 49 80 103 189 342 5
203 133 167 140 124 181 9
136 20 39 172 235 282 5
101 190 76 137 323 780 1
183 208 168 8 90 235 3
183 51 14 145 283 441 10
101 52 178 167 450 1091 10
70 13 26 177 352 1000 2
158 206 172 19 245 618 5
9 139 200 9 285 345 1
50 47 41 162 33 47 5
211 91 221 111 449 1052 2
194 151 44 176 23 40 5
84 179 101 84 290 379 2
92 203 50 112 430 687 2
171 168 95 34 377 721 8
68 97 42 5 286 286 1
165 108 195 88 142 378 5
31 186 74 104 367 828 8
201 2 99 93 259 272 8
69 196 129 36 366 793 8
1 149 179 146 387 465 4
141 41 10 117 439 655 3
108 52 192 180 146 298 10
196 60 33 105 129 342 5
85 140 18 97 299 411 10
28 73 195 133 167 425 9
120 199 3 181 337 681 7
196 185 98 160 281 450 4
135 55 164 3 139 152 2
186 87 33 90 222 434 1
93 213 71 50 352 865 1
130 133 87 85 385 819 5
27 187 151 134 15 16 7
184 51 5 63 205 296 9
179 164 188 174 65 108 10
202 72 140 52 126 259 10
