200
62 73 25 11 558 912 224
71 30 13 20 1530 1697 74
29 47 87 23 754 2208 98
38 40 84 94 1905 3154 225
51 86 47 41 1897 2995 181
95 31 52 53 363 1966 245
97 48 43 48 1566 2337 94
50 22 52 71 1199 3150 150
21 50 34 100 1333 2217 121
37 100 44 57 1177 2712 174
43 37 36 52 993 2975 219
16 41 22 66 1381 2927 104
93 65 12 28 42 2033 87
24 22 96 92 1155 2936 121
89 83 91 91 663 1790 66
89 87 51 22 643 2043 168
83 15 63 47 127 898 226
40 85 79 68 658 1058 93
58 49 12 94 661 1915 85
64 26 41 98 359 937 119
56 49 27 94 1389 3182 238
10 63 61 37 1710 3195 74
45 28 58 36 1600 1791 52
14 60 38 60 377 778 66
37 25 50 76 1605 2040 199
80 77 28 77 1926 2317 120
57 12 41 37 1966 2563 116
66 48 97 94 1151 1529 50
14 62 15 17 215 861 145
63 85 80 79 1310 2475 59
87 47 61 66 255 1424 102
44 50 94 46 1973 3365 76
52 11 51 57 1030 2134 242
72 18 35 87 470 2416 239
77 39 24 84 987 1973 226
48 100 87 48 209 1883 54
74 18 64 55 271 578 225
55 54 63 55 342 2282 51
44 21 53 63 316 910 224
67 77 27 10 433 1494 123
61 73 51 94 1740 2387 248
80 35 77 16 89 1105 128
73 46 32 40 1060 1338 127
25 84 44 11 875 2787 189
65 91 98 42 1494 2395 131
12 31 76 62 1728 2268 96
43 71 93 14 1448 1709 223
83 17 25 44 1003 2157 186
59 65 59 75 1243 1946 209
26 49 71 14 1768 2867 241
72 16 16 90 1159 2836 192
64 52 89 94 1113 1678 200
75 70 36 42 808 1883 155
39 19 56 70 51 440 113
60 99 18 65 420 1577 200
98 16 44 23 1872 2557 80
98 76 73 100 209 915 186
91 61 13 16 1222 2261 105
55 84 48 73 963 2173 88
44 95 35 92 100 1567 241
13 14 38 16 480 1679 134
24 50 84 96 1621 3478 174
83 84 52 44 1357 2815 214
86 34 22 65 566 2014 225
43 91 30 14 1617 3433 145
91 91 67 68 116 1348 173
40 48 35 16 1449 2460 56
86 27 76 91 1340 2174 221
75 28 97 83 150 703 141
100 55 72 57 1143 2253 124
64 78 10 87 1423 3240 235
78 37 98 62 1408 2880 207
79 92 51 68 795 1638 50
76 94 27 90 670 2112 57
51 68 71 99 1724 3120 75
14 71 48 74 801 2352 172
51 27 79 45 900 1371 64
22 60 96 52 891 2717 150
65 10 22 46 542 1694 246
95 73 32 87 1006 2437 72
24 66 22 23 1475 2241 115
86 31 90 56 366 1477 81
74 61 93 44 546 1863 197
100 63 33 71 1652 3049 250
40 56 97 14 1632 3249 99
69 86 92 24 1386 2239 73
29 82 69 51 798 2731 245
53 21 15 37 506 755 59
38 74 38 10 1077 2082 64
92 88 51 82 1629 3615 209
22 60 61 76 548 1376 178
40 52 95 10 1337 2031 109
64 86 14 72 1462 2606 241
57 28 85 19 466 1942 138
12 71 47 44 904 2260 206
30 56 28 42 1486 3184 110
16 68 68 81 1103 1425 94
66 47 80 41 1383 3065 219
83 42 10 92 1421 3091 213
81 45 37 61 1958 3641 111
85 53 91 31 1166 2637 171
98 16 15 72 187 493 144
72 74 21 60 1376 2193 127
47 83 60 10 354 2317 116
32 35 26 79 1589 2218 232
46 60 53 47 427 2249 150
76 81 63 97 1127 1851 134
27 81 57 41 1511 3248 184
39 54 18 73 1276 2583 148
64 83 45 73 1344 3138 201
12 87 34 77 1850 3103 107
73 31 100 37 346 1522 154
40 78 73 19 1614 3135 102
97 14 77 88 187 988 100
24 71 35 31 785 2311 250
42 33 81 40 127 449 146
67 10 49 75 1618 1960 242
34 49 67 22 557 1244 85
10 19 35 98 616 2296 168
86 11 71 57 846 2149 189
60 72 25 62 176 1945 226
89 32 52 65 1431 2696 140
51 71 11 96 1901 3635 190
21 71 14 87 1110 1501 76
53 70 16 43 1322 2949 151
64 57 50 30 1575 2419 94
74 15 89 59 1244 1912 159
73 41 85 13 1950 3380 157
97 27 51 66 1986 2798 150
15 62 59 45 1512 2935 113
54 69 83 22 1167 1585 88
54 74 66 25 1039 2531 191
11 24 50 57 112 1695 100
39 39 30 21 1330 2874 210
84 25 12 78 651 1769 248
17 89 31 83 1837 2715 247
90 56 17 15 431 760 205
38 62 31 20 1575 3044 112
27 62 92 13 462 1139 242
48 51 24 27 125 510 57
77 27 74 51 1879 2131 234
47 50 63 35 358 1711 126
68 83 65 71 1813 2974 211
66 81 60 75 685 1438 88
92 53 69 31 280 1494 69
16 49 99 55 92 830 75
43 69 90 85 449 2323 125
97 10 38 52 911 2217 224
27 43 52 18 1753 2467 203
48 73 78 80 34 1291 90
53 60 23 58 561 1787 70
33 99 89 46 1189 3129 94
39 89 64 18 1860 3375 80
94 96 52 63 1314 2437 88
29 38 80 34 960 1668 149
71 97 15 29 942 2138 108
79 62 12 44 1709 3149 121
71 66 25 14 767 1162 145
20 24 18 22 347 495 70
61 95 76 37 1024 1440 243
15 11 44 98 1736 2712 212
21 95 29 60 64 511 115
24 33 63 77 1499 1986 199
55 67 64 95 1648 3263 163
59 16 93 79 1111 1769 88
100 24 58 98 1834 3521 78
28 97 28 30 814 1911 52
59 48 22 23 1109 3007 222
51 34 62 58 831 1570 138
97 44 28 70 316 929 189
33 95 62 64 1290 2892 108
75 10 72 47 522 1441 100
72 92 72 75 177 1301 66
52 10 16 91 135 1329 211
18 89 15 34 92 939 61
94 69 27 85 344 1149 77
27 11 28 80 1816 3400 126
12 42 92 88 641 1091 175
99 33 81 80 1227 1888 62
36 21 22 50 1811 3208 205
36 19 95 46 310 679 90
18 12 47 12 730 2511 133
11 11 86 76 745 1090 134
65 12 51 19 1730 3064 164
55 96 28 74 1218 2059 249
77 41 33 90 1194 2201 182
100 100 81 79 597 2311 194
61 17 100 36 29 843 50
40 68 50 17 1585 3446 52
23 53 96 60 212 967 125
87 74 33 12 340 1641 86
49 95 40 90 1181 2496 218
42 92 65 18 1803 2180 114
88 27 28 83 1827 3209 172
68 50 49 62 906 2845 106
80 96 71 92 478 1619 219
91 86 53 36 710 1717 150
58 93 70 37 51 1526 175
44 96 62 68 630 2311 224
41 21 25 31 1015 1915 65
