150
65 52 45 27 253 2214 1500
26 19 49 64 238 2478 1500
56 40 24 35 95 2400 1500
23 55 18 22 208 2483 1500
55 38 64 70 253 1646 1500
28 46 37 73 68 1361 1500
69 39 73 63 273 2482 1500
64 57 43 33 267 1379 1500
66 24 52 73 38 2430 1500
66 59 56 46 270 688 1500
25 47 18 44 14 2687 1500
49 35 56 42 70 711 1500
63 37 62 50 25 880 1500
19 47 71 38 254 1758 1500
60 67 38 71 86 938 1500
66 22 26 63 65 1126 1500
20 33 37 39 58 486 1500
73 39 39 37 39 2947 1500
70 66 74 62 65 2259 1500
50 54 41 38 67 2292 1500
30 58 67 67 207 610 1500
69 33 71 21 172 411 1500
53 38 46 51 151 2108 1500
60 21 49 68 85 681 1500
63 25 30 52 262 2541 1500
45 21 36 73 171 2925 1500
47 47 69 42 265 766 1500
47 34 38 67 179 718 1500
60 51 24 25 159 317 1500
26 44 21 47 275 1287 1500
51 22 30 72 141 2290 1500
26 17 62 71 217 1132 1500
61 54 24 54 34 2546 1500
70 27 45 63 195 1803 1500
39 55 36 51 24 1048 1500
16 73 22 42 182 396 1500
60 74 55 26 33 2616 1500
30 61 68 48 58 1660 1500
32 53 47 19 247 2354 1500
71 69 16 20 221 2319 1500
23 55 53 36 263 1728 1500
40 73 56 35 55 653 1500
15 44 62 58 200 1873 1500
48 17 33 15 68 1908 1500
41 49 61 50 280 563 1500
74 26 51 38 161 345 1500
60 54 28 40 171 1591 1500
41 16 63 28 286 1404 1500
42 60 34 40 192 2332 1500
54 22 54 74 121 655 1500
49 32 33 22 242 2158 1500
47 16 29 28 164 602 1500
67 22 28 71 250 1129 1500
28 36 34 21 285 2024 1500
43 50 17 52 206 2700 1500
27 41 70 36 52 2509 1500
72 47 63 32 65 1409 1500
19 41 55 68 38 571 1500
31 35 71 32 200 1560 1500
47 43 34 38 150 768 1500
42 32 58 21 95 1448 1500
23 23 71 15 148 1403 1500
61 37 44 29 194 1040 1500
50 71 59 27 118 659 1500
56 62 71 32 223 2463 1500
41 47 15 44 90 1437 1500
27 69 16 60 254 2618 1500
53 61 35 20 236 1221 1500
23 18 27 40 296 1368 1500
33 69 26 74 6 1526 1500
73 68 38 48 250 2849 1500
32 55 68 35 98 2757 1500
37 55 62 23 125 1119 1500
24 16 35 18 183 2492 1500
15 63 74 63 75 2786 1500
34 70 52 37 139 547 1500
50 35 38 15 44 1199 1500
74 36 36 69 73 2440 1500
62 46 65 46 284 2434 1500
22 34 51 46 124 1961 1500
60 31 29 15 202 478 1500
42 60 68 30 3 2326 1500
70 58 30 17 256 928 1500
61 74 58 41 170 1776 1500
53 74 74 19 257 2626 1500
59 58 27 49 145 646 1500
69 38 16 73 113 503 1500
59 42 63 56 289 2665 1500
45 41 55 68 122 1913 1500
48 40 23 17 295 702 1500
57 49 39 51 268 2409 1500
39 16 23 66 123 2264 1500
69 71 58 54 201 1042 1500
31 18 66 43 45 2904 1500
32 19 52 19 14 2615 1500
31 20 27 23 29 1453 1500
53 65 16 36 65 2516 1500
43 51 69 34 61 487 1500
53 72 26 27 49 597 1500
25 21 23 54 178 433 1500
27 19 68 49 107 977 1500
47 32 29 66 176 2834 1500
54 29 52 39 5 2545 1500
59 51 29 41 138 1209 1500
62 64 74 54 273 1656 1500
22 67 32 40 215 1563 1500
54 39 43 30 103 615 1500
18 35 73 57 265 2480 1500
40 34 16 44 37 833 1500
61 53 66 24 199 1791 1500
48 68 36 73 251 814 1500
23 43 62 23 144 2660 1500
35 36 72 38 68 1686 1500
57 59 68 55 16 1265 1500
74 53 67 26 108 2347 1500
39 36 17 53 61 2839 1500
20 35 16 71 127 1406 1500
66 43 62 69 158 1631 1500
55 19 27 21 272 563 1500
24 41 23 60 134 2691 1500
71 59 69 54 163 1037 1500
43 18 42 60 0 2867 1500
21 58 31 72 13 484 1500
62 71 37 67 103 567 1500
41 34 70 41 164 2274 1500
61 62 33 70 230 774 1500
47 70 17 19 82 478 1500
41 71 40 55 154 1621 1500
30 18 25 60 168 538 1500
54 57 55 41 205 2208 1500
45 37 35 56 287 1716 1500
65 15 56 70 68 312 1500
54 40 38 17 17 1598 1500
15 49 67 18 283 2697 1500
39 48 38 36 224 1890 1500
25 59 71 16 293 1879 1500
59 34 50 34 231 2149 1500
39 30 44 72 149 1532 1500
67 64 19 39 96 561 1500
24 57 37 48 178 905 1500
73 56 28 52 156 1473 1500
44 59 42 74 295 1622 1500
33 48 19 50 186 2863 1500
51 48 33 56 36 2034 1500
68 47 18 27 229 1646 1500
39 57 68 56 263 1177 1500
34 74 45 28 276 2028 1500
45 67 49 68 94 1200 1500
24 65 49 42 258 1166 1500
45 47 66 34 10 814 1500
