350
55 81 87 59 2810 7093 181 
74 77 66 89 2070 8602 130 
86 52 23 42 549 2023 678 
33 55 95 70 2698 6811 666 
45 55 63 98 4662 8237 297 
31 86 55 39 3663 7573 101 
52 62 46 72 247 7316 666 
45 55 97 86 4724 5475 420 
92 82 47 100 5023 8530 879 
84 42 88 23 1723 8655 314 
65 65 68 81 1808 4059 182 
92 93 37 37 4876 8631 768 
60 69 77 93 2363 8407 210 
35 28 71 49 4 3036 164 
88 82 79 80 2035 4153 349 
59 28 65 21 1128 8210 168 
25 99 65 36 4605 8289 591 
60 97 78 85 1539 4581 825 
22 65 99 47 557 3780 980 
36 40 84 30 373 3297 357 
67 55 28 88 271 6501 958 
96 100 27 45 745 7346 676 
37 67 66 86 303 7285 796 
93 38 88 100 724 5036 892 
20 90 46 97 4690 5443 310 
34 49 43 57 1626 2093 553 
55 68 30 61 3106 7676 264 
90 25 64 45 1435 4428 673 
81 20 91 100 3994 7939 874 
74 42 66 25 3224 4282 871 
23 96 51 74 414 687 521 
22 65 50 84 3210 4544 192 
77 42 92 74 1151 8591 865 
69 37 91 43 4191 5226 618 
85 66 38 86 414 1442 408 
71 85 89 63 199 2521 156 
90 58 83 76 32 383 998 
89 100 53 60 3314 7295 581 
87 57 61 83 3238 5175 684 
86 88 60 82 1581 6558 698 
58 47 61 74 4416 7162 894 
71 81 38 89 2192 7649 870 
45 70 97 89 4393 4831 842 
63 83 81 97 3143 7991 632 
21 20 72 88 5202 7547 621 
65 93 43 83 2671 7998 683 
81 43 20 76 1726 7807 969 
69 97 26 71 2655 8683 590 
28 74 22 68 5149 5378 820 
88 93 36 69 1018 5109 786 
59 87 73 30 3810 5241 972 
45 64 83 72 3815 4254 908 
75 84 41 89 4733 8031 835 
75 47 76 92 1560 6900 441 
53 53 71 90 947 3491 547 
95 47 68 41 3839 8172 714 
20 46 68 31 706 5702 945 
82 39 63 28 4636 6828 159 
35 92 61 89 4519 6277 494 
69 97 63 97 3465 5416 227 
72 22 49 43 3423 8224 570 
75 25 77 34 4797 8587 380 
52 22 75 59 5100 7484 323 
99 22 91 25 3480 5463 109 
57 40 89 91 4607 7397 138 
98 70 52 61 977 6715 789 
77 38 78 54 1854 3476 917 
81 23 35 63 3425 5367 391 
92 99 89 95 4361 6442 994 
69 95 72 98 2682 5021 824 
26 86 83 20 3790 6700 494 
88 39 95 26 1278 5184 898 
44 54 67 96 2031 6457 739 
20 28 79 58 1663 2253 618 
39 100 98 81 996 7954 760 
87 20 49 82 1288 5131 435 
81 57 31 43 1660 5306 719 
21 32 98 89 858 5119 696 
33 43 74 33 3201 6033 549 
50 72 30 91 5079 6933 599 
37 20 40 59 464 8536 856 
38 32 64 53 237 2849 928 
33 45 71 27 2021 8294 558 
63 87 22 79 1454 4578 796 
59 57 42 72 1084 5205 210 
81 84 91 72 1948 7578 684 
100 69 42 32 4150 4704 502 
70 69 86 99 1304 3804 306 
56 100 80 36 4900 7596 356 
68 30 39 33 5105 7376 719 
65 36 51 55 2398 6605 794 
44 40 62 95 4871 6138 897 
41 69 47 21 400 8216 269 
68 62 36 82 2966 7749 403 
51 97 46 22 2760 5001 690 
53 26 20 65 1467 6292 638 
67 39 31 51 1767 5688 541 
96 90 96 52 103 4478 109 
57 26 79 49 2135 8201 105 
60 25 45 97 3784 7573 842 
29 85 32 66 4065 7650 473 
94 37 22 56 4032 4256 162 
53 82 90 48 1871 4626 714 
40 94 77 58 4329 6798 843 
35 55 66 33 4153 4754 641 
60 70 20 74 112 5095 766 
26 72 25 34 1158 2570 117 
55 41 21 65 3019 6678 696 
43 26 43 74 3218 7066 977 
53 34 24 39 2480 4754 334 
80 74 90 39 595 8175 342 
59 22 54 40 4844 6438 574 
86 87 34 52 3990 6597 600 
98 45 84 28 1741 7258 557 
89 46 61 66 4484 8172 493 
41 48 73 25 1745 2520 578 
44 96 45 59 3555 6912 990 
82 55 55 61 3496 6995 175 
93 38 88 33 2224 4651 801 
95 99 91 36 4120 4831 885 
92 76 28 96 1255 2637 123 
51 74 27 86 512 7642 133 
74 39 39 51 1310 4634 223 
74 32 71 94 871 4957 264 
23 36 77 27 1700 5497 222 
73 51 70 93 1603 8436 282 
72 75 27 33 4472 7582 704 
29 53 54 42 2719 3602 362 
65 47 28 53 1461 6308 478 
27 59 61 78 2849 6261 484 
100 22 50 35 1179 3864 647 
53 45 96 52 4418 6389 580 
29 32 97 67 4947 7157 831 
53 86 43 65 414 8242 929 
59 68 56 31 3825 7410 913 
74 33 76 95 2558 5536 659 
48 72 35 55 2558 7835 845 
86 91 91 39 194 4701 171 
59 20 57 66 340 8634 776 
99 43 38 53 1224 3041 850 
48 93 73 53 1182 6053 615 
42 99 73 85 1102 5556 712 
37 78 62 75 4897 6536 443 
58 88 61 67 594 3834 359 
53 64 25 80 4106 7952 189 
42 22 68 54 1509 4893 397 
70 47 21 59 2490 3304 131 
75 75 83 82 4568 6749 988 
43 67 31 34 3619 8295 137 
56 63 92 38 478 5396 643 
89 53 44 50 5094 7254 399 
93 35 61 42 90 4811 714 
42 95 61 61 422 7485 215 
88 46 94 97 4308 8511 528 
48 60 65 96 4937 7867 104 
43 50 35 24 5058 5640 286 
62 96 22 47 1078 1885 928 
87 83 48 46 4729 5680 118 
34 34 41 27 2681 6436 367 
100 41 80 27 3258 8214 322 
73 40 97 49 3970 6141 895 
56 31 51 73 2930 4933 595 
20 45 25 92 456 4125 478 
57 86 95 70 4862 6227 927 
38 90 24 94 2876 6859 791 
26 59 37 69 3859 7041 699 
93 82 59 76 1335 3459 160 
67 33 52 31 4193 6135 982 
36 76 26 99 1507 2752 832 
100 58 37 98 4416 7845 971 
70 42 44 36 5042 7599 493 
91 33 78 30 2613 8536 886 
64 25 44 84 241 5736 563 
74 24 25 97 2890 4781 304 
91 83 84 90 3036 3598 768 
53 53 85 75 1685 3913 296 
82 27 59 51 706 1476 935 
42 90 74 37 3512 8527 521 
52 43 94 74 1834 4314 984 
52 40 43 92 2589 4334 491 
94 44 74 74 576 1547 737 
87 93 79 41 1938 5705 949 
22 69 59 100 3693 4361 698 
84 49 36 79 2056 3095 480 
25 71 89 83 1910 2430 196 
26 41 80 50 3180 6540 206 
48 35 85 95 3516 7271 134 
63 87 59 73 4967 6458 219 
35 53 60 74 298 5186 444 
66 54 23 74 3154 5448 446 
60 32 93 99 594 4526 290 
87 60 82 72 4457 7143 487 
59 40 32 95 2121 3264 715 
37 92 28 24 319 2182 938 
61 77 92 27 4982 7042 301 
23 59 43 100 2448 7064 208 
77 30 64 28 3237 5140 647 
86 68 88 72 3069 5895 371 
20 24 83 48 885 6696 813 
92 45 53 63 4224 4710 352 
32 59 79 58 2570 2910 757 
63 66 25 87 702 4880 141 
59 95 89 72 3930 4788 456 
55 26 95 34 4455 6226 345 
97 25 66 85 769 7308 221 
97 56 34 53 3764 7585 579 
93 70 42 27 1238 7282 314 
37 91 49 55 2910 6607 238 
61 70 36 82 2230 6037 496 
51 27 75 84 822 2235 169 
31 90 95 87 4812 6586 628 
94 58 90 87 3700 5987 769 
91 54 59 46 799 3149 782 
92 26 64 61 2771 3585 756 
84 51 93 32 1903 3682 529 
58 69 55 97 4196 5526 667 
28 51 43 72 3534 6240 315 
40 34 83 33 4281 4556 313 
100 81 32 27 6 6447 643 
43 65 88 92 3501 6095 888 
37 49 46 62 1549 7302 886 
23 71 99 53 3861 5464 575 
34 33 53 68 1678 5068 677 
29 42 25 60 3347 5666 812 
33 23 40 57 4391 5222 878 
47 74 47 39 435 1261 909 
53 51 71 24 898 8682 565 
80 78 61 53 1477 5954 770 
40 75 36 88 4052 6313 441 
26 63 93 88 2534 7058 184 
83 63 62 94 4157 8084 966 
68 39 70 54 4498 8572 861 
57 20 63 66 2419 5515 471 
76 70 70 36 2752 5504 532 
52 76 84 78 3973 8549 824 
28 72 78 82 655 1887 636 
85 20 93 76 285 4318 254 
82 30 32 73 1175 7249 116 
31 68 30 83 1304 4615 406 
75 74 55 30 3407 4197 272 
100 37 55 69 2015 2485 463 
100 73 47 55 2473 5341 241 
99 99 74 45 1170 2948 366 
46 35 96 48 3454 6169 653 
54 76 82 99 3030 8530 380 
79 89 34 33 455 5676 744 
22 49 46 77 2134 3327 538 
68 53 95 66 3731 5220 535 
25 43 24 80 1806 4802 549 
97 72 20 30 4535 6589 607 
59 100 81 46 3239 5788 197 
76 57 47 36 1483 2490 941 
24 86 28 56 879 2879 403 
60 91 95 68 5071 5970 856 
72 50 20 93 3672 4177 380 
42 60 98 66 2683 6018 857 
33 84 94 21 3475 4238 559 
41 51 75 53 2994 4200 138 
26 71 74 41 1694 5606 987 
59 24 54 68 1014 7753 497 
67 83 78 100 2715 7413 772 
22 96 70 46 2701 3527 981 
32 99 67 43 3136 6360 289 
53 93 28 90 147 1069 258 
51 43 51 86 1838 7070 335 
35 43 58 50 1155 4586 836 
43 35 32 63 407 3288 953 
33 82 55 38 2124 6380 545 
26 73 55 36 4740 6955 727 
53 34 68 84 1265 8241 584 
71 29 58 41 509 5092 689 
73 53 84 49 1747 3883 828 
53 100 78 20 366 5058 558 
44 26 49 46 5219 8694 990 
69 52 75 87 1767 8637 215 
39 97 31 83 1106 7221 105 
92 38 48 94 4787 6822 439 
49 56 82 63 2974 6690 806 
98 33 57 41 1567 6949 582 
23 60 100 96 3969 7648 512 
49 81 65 30 3512 7177 254 
76 62 67 73 2585 6020 841 
38 83 78 57 341 4518 584 
39 26 48 88 1924 7763 602 
84 78 57 99 5102 8041 672 
62 74 59 58 1457 2670 733 
74 37 70 60 348 7385 619 
28 24 89 48 1593 7369 891 
29 45 52 66 3057 7539 940 
60 62 91 64 705 8113 611 
26 96 70 80 189 1629 413 
80 100 69 23 2278 3920 617 
63 70 30 71 1117 5038 116 
70 83 29 81 2253 8524 265 
81 88 61 61 2765 4810 103 
76 35 79 47 2574 8131 123 
32 26 41 83 957 3374 529 
52 93 60 70 4463 6850 740 
75 66 78 75 4535 8691 254 
47 56 31 52 4462 7953 329 
38 94 42 52 4710 6253 421 
28 54 78 55 2672 4298 251 
94 69 37 35 3969 8096 191 
24 99 37 73 315 2412 490 
24 79 60 56 2038 6106 753 
80 39 44 54 947 5582 101 
68 45 45 21 3751 5679 979 
42 27 63 45 4233 7790 533 
43 80 78 36 595 4684 944 
79 97 22 85 3181 6416 809 
93 20 20 42 3549 5430 724 
59 100 60 58 2756 7769 158 
27 56 86 30 2555 4565 278 
67 22 96 72 1738 7073 338 
35 54 41 85 4983 6080 983 
33 91 52 95 1504 8554 988 
29 27 42 40 3544 4140 304 
85 68 66 20 2011 2952 835 
51 23 81 22 1031 1802 219 
20 42 59 44 3240 6008 817 
93 33 32 72 3469 5232 926 
42 64 62 41 951 4022 644 
100 47 60 63 3822 5221 652 
21 60 53 32 1610 6071 469 
94 41 95 23 2621 5623 334 
38 24 32 24 3373 6007 674 
64 46 99 28 1687 2053 822 
69 80 74 71 1064 6363 442 
81 58 24 34 1604 5988 522 
37 83 82 45 2697 8664 129 
43 32 91 84 4559 6393 318 
25 87 81 76 1247 4214 824 
31 25 28 52 4704 7924 315 
75 66 60 80 4083 6971 812 
84 30 81 46 4965 8232 587 
78 71 87 37 1752 7538 208 
31 26 25 40 3654 7328 501 
95 71 47 76 3608 5816 289 
34 93 30 98 5048 8149 288 
23 66 42 75 1026 3773 958 
74 98 77 60 936 2792 296 
95 95 57 35 3269 4042 379 
66 84 42 48 3610 5390 678 
93 28 37 68 3280 4496 557 
67 31 68 77 4707 8542 965 
84 34 68 50 462 5871 179 
80 36 21 100 4965 7114 709 
43 50 69 60 3842 8616 864 
74 41 54 34 409 8318 946 
98 30 64 80 3743 4467 948 
