100
76 94 31 14 1171 1505 258
51 17 74 18 2813 3065 284
91 29 40 98 2010 2276 347
21 22 17 57 3651 3864 191
78 84 49 17 287 676 341
42 99 77 39 3904 4163 302
94 100 67 55 607 1061 265
59 26 82 78 3497 3829 161
82 11 65 34 675 903 323
11 65 13 97 70 394 272
48 91 93 31 1411 1682 349
21 83 41 50 3067 3266 360
28 61 74 37 4760 5059 325
74 47 15 21 4423 4618 240
27 11 10 12 484 606 161
16 63 43 32 316 643 256
80 77 24 51 2886 3244 198
82 72 85 77 3727 4084 218
30 69 98 98 68 485 221
53 47 67 81 1009 1257 307
15 20 19 45 167 280 239
80 22 86 57 81 331 188
45 80 97 90 82 469 334
70 73 73 53 1230 1588 241
98 65 26 31 165 390 281
47 50 60 38 787 1005 315
77 10 55 99 494 777 315
10 78 21 36 2984 3135 227
83 28 93 79 1936 2250 207
89 43 18 20 142 402 172
31 24 73 27 1422 1705 383
48 46 54 73 2802 3035 232
90 61 92 88 1792 2185 343
19 54 28 15 129 340 223
95 37 14 31 4465 4656 394
73 24 52 15 2796 2980 295
56 23 64 32 2184 2438 292
100 47 66 56 2277 2560 319
63 42 80 87 88 420 156
17 71 97 81 714 1034 197
59 69 24 81 3919 4269 341
93 44 38 35 3386 3609 364
88 83 33 60 2453 2887 177
29 31 29 53 396 640 357
41 49 35 91 2450 2676 396
78 73 47 86 2467 2754 227
33 12 88 88 1870 2106 281
63 87 97 100 664 1058 259
57 94 61 39 1081 1332 381
39 26 91 88 212 564 244
52 86 98 70 162 548 229
38 10 73 28 4042 4206 387
47 95 100 21 502 885 361
52 65 40 77 286 550 326
24 14 14 88 2839 3226 189
61 16 37 66 4139 4356 349
97 72 14 16 378 685 268
63 12 17 72 703 943 339
86 54 98 40 386 685 249
65 15 35 11 2439 2636 199
98 54 64 39 638 995 202
23 90 40 44 47 374 266
62 68 50 65 124 472 364
48 33 49 26 1548 1758 205
94 94 35 39 1168 1460 241
18 100 20 12 305 503 246
59 90 27 70 353 833 166
65 49 42 12 2973 3189 263
67 17 82 90 330 595 399
17 86 48 22 514 834 318
69 21 45 63 134 538 253
52 86 63 71 1279 1588 235
16 82 100 66 2086 2358 324
83 24 71 40 194 699 163
75 43 80 31 1025 1287 348
36 25 54 93 814 1046 185
42 56 62 64 3240 3557 332
54 58 42 10 13 404 192
74 88 66 52 1806 2185 162
50 27 94 50 2375 2601 272
23 81 91 74 175 445 342
46 90 85 49 562 915 226
20 15 78 41 4439 4633 213
81 42 33 18 405 607 394
69 80 51 78 2239 2777 184
75 63 66 38 1751 2016 299
35 14 46 16 23 276 211
99 42 95 22 580 852 279
91 28 66 91 2575 2852 343
87 54 57 39 623 894 296
35 70 18 14 487 755 336
99 89 96 90 5032 5521 316
30 66 92 88 1755 2114 352
100 84 22 34 42 303 307
98 100 71 61 695 1073 399
41 74 77 21 3917 4139 190
77 23 31 64 222 418 376
16 83 56 63 123 503 379
100 38 86 23 860 1123 189
80 84 93 40 591 899 365
