250
39 25 25 47 56 351 91
12 38 29 37 359 576 238
17 27 35 14 132 238 471
28 48 46 33 161 266 388
29 45 45 50 143 264 379
25 30 50 13 386 509 60
29 41 25 27 230 394 304
47 37 16 19 345 545 63
27 17 24 19 202 337 60
26 39 43 47 227 413 97
40 26 42 33 180 321 53
37 40 29 46 247 546 485
11 18 26 29 304 496 265
38 35 37 28 258 487 315
28 16 30 45 319 611 85
16 17 21 39 202 356 306
41 32 36 35 297 423 311
37 43 47 37 108 330 204
38 30 18 16 182 350 187
24 34 37 14 242 424 115
11 29 22 16 333 483 291
26 46 27 49 480 704 226
10 16 44 43 8 133 192
49 34 15 46 41 151 336
19 34 14 38 142 385 334
13 22 23 21 254 525 226
47 11 21 16 149 400 55
23 39 19 15 467 685 435
10 39 14 44 74 205 308
44 37 49 44 14 232 317
34 38 30 33 358 477 160
11 15 12 13 198 439 327
41 11 31 41 46 269 107
44 35 29 26 29 260 472
36 45 36 47 250 456 427
31 19 19 25 9 119 496
28 11 26 50 148 365 374
44 13 18 43 458 575 399
33 14 19 48 421 627 143
20 23 49 35 484 763 347
15 21 14 36 246 385 218
42 18 33 45 55 205 391
14 38 28 48 151 393 164
48 31 36 19 36 267 422
16 40 13 21 140 272 89
48 47 47 20 227 328 240
45 48 34 19 298 547 96
40 17 12 47 116 322 390
25 37 24 29 344 498 414
50 43 28 49 350 612 143
13 35 48 45 336 619 240
15 22 37 44 233 449 423
39 48 14 45 333 614 397
22 44 49 38 383 577 414
12 36 21 34 488 663 140
49 40 15 20 458 683 220
49 46 45 30 426 557 102
17 11 45 47 126 415 406
17 27 21 28 25 247 175
47 43 40 36 19 210 118
28 48 13 16 178 460 350
43 22 40 44 51 328 312
15 23 21 34 283 408 244
35 10 50 30 447 644 312
49 17 35 23 207 476 86
10 23 19 11 418 676 172
39 41 49 38 188 331 96
29 21 13 45 20 208 188
46 46 18 46 150 319 67
47 40 47 39 353 634 292
48 13 27 47 142 370 444
34 18 16 27 95 253 496
16 17 27 42 393 525 223
27 34 12 27 323 460 185
13 11 20 24 467 706 126
19 11 12 25 244 506 266
47 41 15 46 178 375 290
28 44 44 48 489 722 315
20 20 12 27 436 541 290
32 12 25 15 375 547 178
41 46 15 49 243 506 212
39 26 16 30 92 271 265
33 31 38 22 434 623 294
40 33 31 49 223 467 327
42 28 24 19 72 263 424
48 23 26 43 108 317 204
41 41 30 33 390 654 228
47 31 35 15 183 468 259
22 28 46 19 223 373 409
27 46 19 16 479 675 115
30 18 17 40 24 303 451
44 35 34 24 325 560 323
42 45 21 20 113 333 336
26 44 35 35 27 275 59
20 32 48 35 355 543 287
36 18 48 16 211 475 377
43 13 41 49 355 574 62
47 28 23 31 280 515 334
50 30 14 31 93 267 295
44 31 20 10 315 462 461
41 11 33 38 376 649 152
50 12 45 17 179 477 228
13 42 15 44 337 501 425
45 46 46 40 447 616 422
16 19 49 44 145 352 179
14 19 27 11 145 315 140
19 22 13 33 127 237 359
45 13 29 28 284 400 316
45 21 34 12 406 572 60
32 36 46 12 372 651 304
42 21 49 19 271 388 178
15 31 43 50 315 453 197
47 27 27 26 173 384 69
48 22 19 26 315 586 277
50 29 44 39 96 315 446
46 11 27 39 329 443 408
21 30 38 33 133 350 278
49 41 14 33 449 672 488
38 31 50 34 213 374 287
18 43 46 23 181 353 230
10 45 31 38 41 169 148
19 27 21 15 429 622 459
46 14 48 25 58 321 194
36 47 17 40 109 360 465
20 14 48 44 230 396 435
31 33 45 13 323 554 155
22 39 16 20 106 267 345
22 28 40 13 233 392 377
41 42 17 21 111 292 434
19 31 17 44 136 402 206
33 16 47 50 330 497 134
44 11 16 33 475 694 400
41 32 32 36 365 530 150
18 18 29 17 420 583 100
13 45 17 41 403 608 124
16 31 34 21 159 428 341
41 30 27 47 483 627 325
24 39 29 17 245 519 116
30 39 15 36 445 619 443
35 48 10 11 206 455 290
37 15 27 13 228 492 250
11 44 29 40 157 376 282
14 26 22 39 9 256 373
46 26 30 36 250 363 277
32 20 45 39 360 611 414
26 39 45 31 449 741 416
46 34 16 17 132 354 243
20 26 45 13 242 399 390
37 43 20 16 345 514 101
26 41 20 14 284 463 454
37 11 12 41 94 320 156
34 19 33 14 137 288 448
26 30 47 16 107 208 462
44 16 45 48 198 457 179
41 37 38 23 434 608 403
33 40 39 50 10 231 216
28 48 41 33 442 601 467
48 37 43 28 128 386 365
36 16 37 37 448 587 193
40 16 19 40 277 426 187
11 44 25 27 317 556 302
29 18 23 14 227 347 151
33 23 25 24 386 623 67
26 49 50 20 282 577 314
12 24 17 34 217 412 98
31 30 49 30 164 383 422
17 49 44 21 390 571 105
25 23 44 29 126 391 297
17 12 45 43 454 732 68
11 41 48 36 498 688 361
39 22 42 36 296 586 418
11 40 22 48 101 348 322
12 20 43 41 104 264 285
17 13 19 46 276 444 271
45 34 15 34 254 486 137
22 14 23 10 348 640 174
42 38 36 21 3 258 409
48 44 13 16 419 669 382
33 20 48 31 280 496 135
10 23 32 43 112 293 404
46 29 31 35 174 349 150
46 21 47 30 99 254 86
20 14 15 35 131 237 492
22 17 31 21 77 254 428
38 10 33 45 474 682 234
30 34 43 43 172 284 188
34 17 33 40 82 280 280
25 47 27 45 195 406 391
50 45 41 20 255 514 145
23 10 44 28 141 425 290
11 24 34 42 100 247 428
49 17 20 16 47 168 357
38 41 11 32 175 323 113
15 44 49 46 157 378 380
32 11 32 20 134 357 151
47 50 36 42 453 598 327
26 40 12 43 117 309 204
21 46 50 26 199 367 66
22 26 45 27 442 569 397
22 48 39 34 62 179 367
32 12 11 39 27 138 140
16 38 22 14 268 533 209
31 49 31 24 225 456 399
31 19 32 48 340 445 313
46 40 10 40 367 476 272
12 12 17 14 69 307 195
14 10 12 28 36 188 277
21 11 21 47 47 301 177
39 38 22 38 485 733 423
46 47 16 47 401 571 107
32 42 50 30 86 385 469
17 15 16 33 475 618 114
29 36 24 19 165 359 113
28 26 19 39 405 509 481
12 15 13 36 160 348 103
29 26 44 19 469 754 196
48 34 40 28 43 222 205
28 40 31 29 146 331 162
24 49 30 39 242 512 346
21 48 42 29 198 349 194
19 28 49 46 247 404 232
15 28 26 40 246 542 366
30 47 15 45 486 664 59
14 16 11 42 355 516 405
13 16 10 18 478 599 474
14 48 15 19 418 663 345
34 12 19 32 12 279 465
10 45 22 48 20 185 365
14 22 31 24 272 528 298
36 25 31 27 183 394 274
35 37 49 41 159 281 132
44 48 48 35 301 479 135
40 38 42 11 177 305 468
29 39 13 48 240 492 288
22 31 47 33 441 617 346
50 16 34 27 165 442 405
50 33 17 12 418 556 481
25 15 25 11 264 407 215
18 31 44 35 417 612 361
31 33 44 44 100 324 209
38 45 13 26 294 471 332
28 39 40 50 6 245 103
49 19 42 43 78 286 316
43 45 38 35 387 554 84
36 41 41 12 173 375 235
37 40 36 16 486 748 316
29 44 21 21 225 348 178
24 19 19 38 43 173 303
13 13 43 48 162 446 88
28 39 17 25 434 617 319
