100
1 3 23 20 20 60 2
10 37 4 29 52 82 2
18 2 9 22 51 57 10
25 8 40 38 34 35 10
7 10 40 26 26 76 7
33 23 45 20 12 27 8
5 26 28 35 57 119 8
14 34 23 19 73 206 10
28 1 24 31 10 30 2
23 44 3 33 92 204 10
21 37 50 12 27 46 4
49 4 7 44 15 17 8
23 11 5 48 82 217 1
19 36 31 36 22 22 10
45 30 44 7 43 116 8
6 15 38 18 40 83 9
10 8 49 40 76 83 6
12 29 49 31 1 3 10
11 23 16 48 9 11 7
6 24 24 10 55 133 3
19 15 47 7 15 34 10
25 19 34 43 65 71 9
9 1 47 29 25 28 9
21 44 29 49 51 132 10
27 12 12 33 63 67 5
31 6 29 45 13 14 6
38 31 43 36 79 82 7
44 40 14 29 15 29 5
15 16 39 36 53 93 2
22 31 39 34 37 65 8
39 48 11 26 42 94 7
25 47 25 38 52 111 10
18 34 9 36 54 80 2
2 35 27 23 48 121 4
4 41 38 43 57 135 5
20 14 25 44 93 125 6
12 17 35 33 98 185 10
29 40 26 4 77 140 10
17 50 6 9 96 170 1
19 8 34 23 47 72 2
9 20 33 6 24 62 1
42 42 45 15 42 109 1
45 4 2 23 12 17 7
13 34 7 28 34 101 3
31 43 22 44 10 10 2
43 46 45 7 21 31 8
9 32 30 6 9 13 6
46 15 25 30 89 173 5
37 4 35 42 4 4 10
8 34 41 11 96 220 4
19 7 1 6 97 160 3
30 9 9 46 46 56 9
5 40 25 21 17 44 3
10 33 14 34 66 143 10
16 24 36 13 39 94 10
12 46 32 3 99 176 7
44 30 38 20 48 58 2
18 23 29 15 74 182 1
16 41 49 18 5 8 9
38 29 7 5 7 21 6
2 7 40 16 93 276 7
3 41 14 15 48 87 8
46 20 35 32 54 132 8
32 16 7 24 46 136 7
35 38 8 19 84 167 8
27 3 28 30 57 162 1
50 10 4 22 97 217 6
35 50 9 9 96 255 10
48 5 36 36 34 86 6
17 42 44 37 99 196 3
28 19 20 34 85 150 3
26 39 8 19 47 54 3
10 13 10 11 6 12 9
7 44 49 45 44 64 8
44 19 19 38 15 39 4
12 13 13 14 100 192 9
9 10 7 22 49 104 7
43 38 45 23 87 249 9
4 50 47 18 54 131 3
29 28 16 7 17 50 10
49 6 46 48 79 128 8
25 28 30 32 33 98 4
23 22 17 23 59 157 5
47 17 13 31 97 228 9
14 3 5 42 96 191 2
46 35 47 18 83 207 3
9 29 20 5 19 45 9
26 11 20 6 66 102 7
12 42 25 7 69 138 10
5 47 10 14 15 25 9
16 13 44 8 19 46 8
20 3 48 37 19 22 2
26 13 40 3 28 70 7
24 13 32 12 27 58 1
34 22 19 44 100 112 2
49 13 20 50 73 160 5
27 47 24 14 82 155 2
11 13 44 44 17 43 4
10 1 4 23 96 283 7
14 41 26 3 64 72 1
