350
27 27 31 31 0 170 95
14 11 12 13 6201 6311 58
10 11 14 10 6388 6506 57
15 16 21 20 4360 4515 67
24 19 24 21 3373 3529 66
27 20 21 21 1997 2162 80
27 35 34 33 465 663 93
22 20 18 22 4122 4265 61
21 21 26 20 2627 2801 77
18 19 27 27 2877 3032 79
13 10 14 14 6392 6520 49
15 12 11 14 6186 6323 58
15 15 10 14 6454 6589 55
31 32 35 25 586 782 93
16 19 22 20 4209 4365 62
14 10 11 10 6348 6460 58
13 18 18 18 5376 5497 63
13 14 10 11 6328 6431 59
10 13 14 15 6375 6497 55
34 27 28 34 866 1042 91
12 13 11 12 6391 6494 51
13 12 10 11 6326 6440 59
26 20 20 26 2623 2771 81
18 13 15 16 5421 5566 58
29 28 28 22 1748 1915 85
16 19 18 13 4865 4989 65
18 14 16 14 5406 5552 61
19 28 23 27 2410 2553 81
17 13 17 16 5175 5314 65
24 29 34 35 266 438 93
10 14 10 11 6303 6425 55
29 21 30 20 1982 2128 85
15 13 10 10 6372 6473 58
23 16 17 17 3498 3620 66
26 26 22 25 1385 1557 87
13 13 14 13 6288 6406 51
18 16 19 17 4093 4244 65
11 15 15 12 6206 6323 50
14 13 14 14 6161 6270 51
19 17 20 18 3916 4038 64
17 18 19 20 4121 4249 68
19 21 23 21 4038 4189 67
21 19 26 23 2656 2808 75
13 18 17 15 5191 5318 57
23 28 23 29 1454 1628 87
20 26 28 26 1729 1915 85
10 14 13 12 6176 6274 52
22 18 19 22 4124 4277 66
25 30 23 27 1317 1501 87
14 13 10 11 6353 6468 49
16 13 13 17 5304 5443 60
14 12 12 14 6445 6558 56
11 12 15 15 6148 6249 54
14 14 10 14 6173 6291 56
13 15 14 16 5098 5211 55
12 18 18 15 5127 5265 60
20 17 19 18 3711 3863 71
26 32 32 31 943 1131 91
16 13 18 15 5194 5311 60
17 23 20 16 3820 3957 68
17 23 16 18 3977 4094 69
20 27 21 26 2862 3024 79
13 12 13 13 6148 6282 49
17 14 17 20 4848 4972 60
19 16 19 18 4198 4335 69
14 15 15 13 6125 6245 56
15 16 21 18 4310 4433 68
10 11 11 12 6406 6509 58
22 29 25 28 2136 2311 83
34 23 32 25 633 802 91
10 12 11 10 6141 6232 51
26 25 22 26 1836 2000 85
18 22 19 17 4197 4348 63
25 35 29 28 400 580 93
19 21 18 18 3193 3319 74
14 18 13 15 5154 5268 57
18 17 15 16 5279 5394 62
13 12 10 13 6394 6492 50
16 18 15 13 5196 5303 63
10 12 10 12 6230 6336 54
23 20 20 18 2849 3012 77
22 15 22 20 4278 4407 61
12 18 14 15 5198 5333 65
22 22 21 20 4202 4371 67
14 15 15 10 6456 6584 51
23 28 22 21 1308 1487 87
23 28 25 28 2203 2362 83
26 25 23 29 1990 2152 83
36 32 31 26 0 170 95
15 16 13 14 5092 5208 62
28 31 27 23 1497 1662 87
13 13 13 12 6310 6436 50
10 13 12 14 6390 6487 56
20 29 20 22 1839 2012 85
12 14 11 10 6403 6533 58
11 11 13 11 6143 6267 59
13 18 12 12 5370 5475 58
30 30 23 20 1661 1834 85
17 15 17 15 5265 5411 56
33 24 32 27 0 193 95
11 15 11 15 6399 6511 49
24 24 23 21 2906 3072 79
32 32 23 32 1206 1381 89
24 26 24 30 787 965 91
12 17 17 14 5412 5537 59
22 23 21 24 3189 3359 77
17 14 14 14 5081 5194 57
13 17 17 16 5329 5438 62
11 12 10 13 6178 6274 52
11 11 15 12 6155 6256 54
29 22 20 21 1940 2093 85
13 15 13 13 5200 5310 64
14 15 19 15 4911 5050 61
26 26 22 20 2940 3081 79
11 15 11 11 6285 6393 59
19 28 25 28 2579 2761 81
19 22 26 21 3147 3314 71
35 27 35 36 0 186 95
17 19 23 25 3211 3348 72
19 17 20 19 4988 5149 57
15 17 18 14 5091 5236 61
12 10 15 14 6336 6455 52
14 17 18 14 5392 5502 61
13 15 11 11 6424 6547 50
19 17 26 24 3049 3184 75
17 17 15 18 5302 5426 55
10 14 14 13 6428 6555 55
34 31 35 26 0 177 95
13 13 15 14 6324 6439 51
13 11 11 11 6319 6420 55
23 20 21 17 3198 3323 77
33 32 27 31 662 862 91
36 32 36 29 0 215 95
15 13 11 13 6243 6370 52
15 16 16 18 4085 4217 65
21 29 32 31 1474 1635 87
19 21 18 16 3765 3908 65
21 20 28 26 2218 2357 83
20 19 27 25 2914 3083 79
25 23 30 32 1248 1424 89
30 27 33 30 501 690 93
22 23 19 17 3971 4098 68
11 15 10 11 6331 6430 57
12 12 14 13 5534 5628 56
25 20 29 23 2032 2191 83
13 11 15 15 6401 6520 56
18 16 17 21 4207 4346 71
20 23 17 19 3334 3476 73
20 20 26 19 3186 3336 68
18 21 20 22 3651 3778 71
17 19 19 18 5061 5210 65
13 11 14 12 6384 6499 51
18 14 16 17 5325 5433 65
15 12 14 14 6388 6514 56
15 14 10 14 6226 6359 59
22 22 18 16 4022 4179 65
20 28 23 30 1641 1802 85
21 25 18 27 2825 2984 79
13 11 11 15 6329 6445 51
18 14 19 19 4874 5030 63
20 26 29 20 2002 2160 83
27 25 32 24 873 1029 91
12 10 13 11 6421 6527 51
13 10 15 15 6249 6378 59
25 22 24 19 2821 2979 79
25 34 26 33 904 1102 91
17 19 20 19 4327 4448 68
22 21 15 20 4386 4536 66
24 17 22 24 3338 3498 73
15 14 14 19 5082 5203 57
12 15 18 16 5165 5302 59
13 11 13 11 6323 6436 53
15 10 15 12 6420 6541 50
10 13 11 14 6372 6477 52
14 11 10 13 6452 6565 57
15 13 14 16 5284 5412 59
20 21 20 20 4183 4317 67
27 29 25 31 527 705 93
17 17 21 22 3773 3932 65
32 31 24 31 908 1105 91
23 18 21 19 3795 3943 63
21 23 21 16 3950 4104 64
27 24 18 21 3006 3142 79
19 15 20 21 4108 4263 63
20 18 17 20 3732 3882 73
24 21 28 28 1618 1771 87
12 13 12 14 6296 6414 59
11 13 15 11 6219 6319 54
33 30 30 24 822 1002 91
12 14 17 14 5171 5312 64
24 29 25 35 0 163 95
24 20 26 23 2684 2852 79
20 20 24 22 2596 2726 71
16 16 22 19 4168 4314 62
28 25 22 26 2148 2299 83
20 20 16 15 4781 4905 59
17 22 24 21 3405 3566 74
27 26 28 19 2470 2623 81
15 12 14 18 5170 5301 62
21 23 17 18 3757 3922 71
14 16 13 13 5300 5407 63
14 16 18 16 5257 5369 62
29 21 21 20 1999 2156 83
13 10 10 10 6172 6272 49
13 14 17 16 4755 4867 62
12 10 10 15 6199 6328 58
12 15 12 13 6330 6451 54
23 29 25 33 885 1057 91
29 27 29 30 1704 1878 85
14 13 11 11 6349 6452 57
24 21 21 26 1552 1730 87
18 18 18 17 5346 5477 60
10 15 14 14 6362 6469 59
18 20 24 25 3124 3254 72
31 21 30 28 1319 1478 87
14 13 13 12 6302 6434 56
12 18 12 15 5139 5267 65
30 32 35 26 477 670 93
17 17 17 17 3945 4062 65
19 16 22 17 4352 4491 71
13 13 14 13 5085 5193 63
12 11 13 11 6433 6562 52
11 13 13 11 6182 6304 49
13 14 13 11 6178 6313 52
24 26 23 23 2183 2355 83
15 16 13 11 5875 6011 59
26 27 28 29 1427 1592 87
19 20 18 16 4030 4171 68
26 23 32 27 1013 1187 89
17 20 15 17 4183 4328 68
12 15 12 13 6261 6369 51
31 32 31 30 840 1035 91
12 16 13 15 5361 5492 55
24 20 25 18 3142 3307 71
10 13 10 13 6383 6509 54
20 25 25 28 1783 1961 85
14 12 16 16 5200 5325 57
13 10 15 10 6208 6299 51
13 15 17 12 5243 5373 58
14 11 12 10 6328 6432 49
18 15 20 19 4269 4396 71
16 22 16 19 4397 4515 63
19 21 19 18 3059 3180 76
14 12 11 12 6321 6451 50
34 34 23 23 773 947 91
25 23 21 29 1937 2119 85
24 21 25 29 1676 1855 85
15 10 11 10 6371 6502 50
24 21 23 27 2138 2288 83
24 29 29 27 322 484 93
19 20 26 26 2905 3040 79
22 20 15 18 4168 4323 68
14 14 10 15 6380 6517 51
22 24 24 25 2321 2476 83
28 23 27 27 2195 2343 83
15 12 10 13 6197 6317 53
22 16 19 21 3884 4032 68
23 32 21 31 1323 1514 87
20 20 20 17 3412 3543 66
22 27 20 22 1859 2028 85
20 22 22 20 3156 3312 67
13 13 15 13 6419 6529 56
15 12 13 14 6404 6538 58
22 20 21 28 2182 2359 83
31 26 31 32 920 1095 91
12 16 14 16 5126 5256 64
12 14 11 14 6313 6438 51
13 12 15 15 6217 6328 56
18 17 18 14 5296 5447 64
17 18 21 19 4361 4507 67
10 10 11 15 6154 6263 49
20 20 16 15 4484 4636 65
22 21 27 28 2317 2462 83
13 15 11 15 6143 6263 57
11 14 14 10 6315 6443 59
12 13 15 18 5331 5458 59
15 13 14 14 6237 6352 54
24 21 21 23 2855 3017 71
16 14 15 15 5344 5490 64
15 10 13 10 6397 6490 50
15 17 20 19 5037 5175 64
13 12 11 10 6342 6465 53
13 12 13 11 6345 6448 53
22 21 20 25 1696 1837 78
21 18 22 21 3254 3418 70
21 23 19 16 3791 3939 71
19 21 19 20 4387 4523 67
14 12 15 18 5225 5369 56
21 18 21 17 4205 4344 65
11 10 14 13 6303 6409 50
15 16 20 17 4946 5088 61
15 11 15 13 6184 6312 50
31 27 31 25 557 722 93
24 25 23 29 2237 2414 83
12 12 16 18 5350 5471 63
13 10 14 13 6208 6317 54
17 16 22 20 4273 4404 67
22 21 23 17 3128 3260 77
15 20 17 14 4813 4924 66
31 24 21 24 1343 1528 87
22 24 18 18 3012 3161 70
12 12 14 11 6455 6552 50
16 17 20 17 3806 3924 70
22 22 26 26 1669 1834 85
22 22 17 19 3096 3236 68
22 22 22 21 4108 4271 66
16 19 19 22 4226 4361 61
15 12 10 13 6155 6263 58
22 15 17 20 4064 4210 62
24 33 34 25 563 722 93
12 14 10 12 6323 6424 57
25 25 26 23 2869 3053 79
28 29 33 34 259 445 93
12 18 13 12 5422 5549 63
18 16 17 17 5293 5428 59
13 13 16 15 5280 5393 63
23 23 24 22 2326 2468 83
12 15 13 15 6186 6301 52
12 11 11 13 6302 6428 56
18 20 21 15 4147 4281 65
11 13 11 11 6220 6322 58
14 17 17 17 5045 5164 57
12 18 17 14 5367 5489 58
14 15 11 11 6127 6247 57
29 35 27 30 334 507 93
15 11 15 11 6348 6454 52
19 18 24 26 3336 3509 68
12 14 13 13 6182 6292 50
11 12 12 15 6180 6312 51
18 17 13 19 4927 5037 67
22 22 22 18 3933 4097 68
29 21 20 21 1773 1928 85
11 13 14 10 6416 6521 54
30 20 23 29 1768 1942 85
15 13 14 14 6292 6406 56
16 13 17 13 4822 4940 57
12 15 10 14 6254 6379 54
17 17 16 13 5242 5357 64
20 15 19 17 4290 4410 66
31 32 33 32 907 1101 91
13 10 10 14 6300 6420 57
10 11 12 15 6442 6554 57
23 25 21 19 2992 3137 78
18 14 15 13 5348 5469 64
24 26 21 26 2974 3152 79
30 22 24 20 1726 1887 85
27 22 22 21 2925 3077 79
28 32 25 24 548 738 93
26 31 32 28 289 481 93
25 24 26 29 2088 2274 83
