250
64 88 47 36 2873 3661 62
82 91 68 46 2588 3248 73
95 42 25 13 2412 2838 77
77 24 30 95 1796 2568 84
64 80 67 76 1504 2208 39
65 63 38 35 1421 1949 65
68 32 34 9 378 1136 87
100 96 30 61 1404 1996 4
17 100 52 62 2202 2724 56
12 6 14 51 1962 2618 94
87 52 25 23 1322 1854 80
77 71 21 85 1968 2758 20
7 52 25 50 440 1020 84
94 90 25 38 301 1087 1
13 13 43 46 2554 3318 82
12 67 98 84 161 663 25
91 24 82 57 24 806 70
87 36 17 65 1544 2188 5
63 15 69 86 1420 2018 77
25 90 55 42 139 601 71
8 59 74 67 1757 2405 59
86 42 98 73 2878 3672 26
96 60 60 78 1123 1877 60
53 67 62 86 2764 3288 48
40 40 41 3 1067 1845 35
69 70 82 65 2306 2928 89
85 10 36 93 235 949 7
74 16 13 27 1593 1997 65
24 5 87 52 932 1422 71
43 42 95 30 1121 1531 93
29 11 19 100 1309 2007 19
44 31 71 97 681 1163 76
87 18 33 12 1681 2111 65
95 20 55 94 1248 1836 87
6 54 25 40 1000 1566 56
67 70 45 46 685 1193 6
100 5 31 47 452 1110 53
95 21 62 45 2148 2944 78
2 91 60 94 736 1176 51
41 29 29 2 513 935 51
62 55 82 79 1906 2562 36
20 23 97 16 1086 1858 50
94 80 55 48 537 1291 44
85 70 3 42 2984 3516 41
26 68 47 25 2097 2653 81
30 46 19 43 1773 2491 44
94 36 31 41 571 1041 32
67 95 92 72 1030 1724 64
14 23 2 90 401 1021 38
19 92 13 12 1814 2324 2
1 56 22 75 1284 1748 79
7 34 36 74 358 1078 39
25 15 71 45 1953 2395 38
28 30 11 90 1062 1796 53
11 25 28 90 2099 2681 75
43 45 57 8 830 1300 92
72 56 10 33 2966 3612 63
35 89 1 59 1302 1932 34
4 12 27 4 1400 1882 9
13 46 73 48 50 524 73
5 10 50 65 1912 2426 75
46 67 70 50 2359 3055 76
12 91 13 87 334 966 88
21 5 22 84 969 1739 61
62 41 66 21 2669 3217 44
59 57 32 80 1059 1841 75
11 30 44 88 104 702 22
51 30 94 67 1923 2591 95
71 76 99 23 2730 3300 71
36 71 8 60 2654 3110 11
81 91 36 79 1181 1671 37
13 3 14 69 1175 1929 5
97 86 2 1 1644 2426 34
12 90 39 78 351 823 53
97 9 48 94 1535 2135 60
7 11 32 66 801 1503 98
99 14 72 18 1600 2242 63
50 45 89 94 207 607 15
60 89 74 21 1925 2369 90
11 3 91 78 782 1468 73
62 26 55 10 1709 2487 78
14 28 33 23 2495 3105 66
40 56 77 26 1978 2740 83
38 61 98 13 2660 3084 67
93 25 64 39 717 1417 52
86 30 53 5 2207 2653 20
55 36 90 47 883 1423 20
57 33 21 88 1638 2338 48
87 79 66 93 2061 2499 85
81 23 90 25 93 755 52
80 37 31 16 340 798 25
86 47 22 92 1900 2444 16
13 8 6 4 1396 1892 80
47 96 1 8 1647 2159 67
53 17 10 27 1889 2675 45
83 99 20 50 366 1062 16
96 73 56 24 2085 2749 64
87 77 74 63 380 920 94
94 5 17 66 2949 3489 5
49 25 22 98 205 809 92
99 90 12 12 2275 3041 58
7 58 42 89 2441 2941 57
86 22 63 89 1643 2087 48
23 86 99 37 2501 3153 73
51 2 69 47 1470 1976 21
28 74 6 79 729 1233 67
95 21 20 28 555 1141 50
46 64 90 80 1574 2306 35
88 20 13 21 1646 2078 33
89 98 45 26 2195 2925 36
65 44 76 76 820 1394 28
32 10 76 36 2708 3362 16
53 64 10 66 2393 3061 38
50 43 11 79 1652 2444 71
34 97 41 88 1131 1599 45
40 79 76 35 1090 1746 40
95 53 52 32 1181 1687 97
48 10 42 74 704 1314 12
68 69 19 57 1442 2030 65
58 38 24 9 1899 2567 64
74 58 82 87 1107 1855 78
87 92 67 14 1873 2463 18
81 22 18 49 1186 1770 90
98 95 40 87 2607 3185 45
40 15 94 11 1401 1947 16
45 14 7 9 340 970 68
46 4 46 67 583 1319 91
16 80 8 85 22 456 92
65 10 65 80 1340 1844 82
95 64 87 22 1324 1834 51
67 44 62 70 1193 1901 93
81 93 57 50 2706 3376 2
44 72 26 30 2078 2832 71
21 45 16 61 2350 3100 18
1 42 47 35 710 1146 22
98 70 54 22 2021 2763 79
31 36 96 36 1882 2658 39
74 29 87 55 2072 2706 46
25 81 25 50 1940 2598 40
93 81 73 67 541 1139 76
7 70 65 63 2519 3225 59
7 45 34 34 475 1135 15
11 25 35 44 50 632 80
11 18 84 98 918 1594 98
64 14 7 6 655 1205 45
4 3 45 48 731 1497 51
56 84 98 92 2821 3543 99
47 3 82 62 653 1317 72
76 20 77 27 2600 3382 62
7 60 85 17 167 859 3
66 54 60 73 553 1347 12
31 71 36 1 422 926 62
81 46 47 33 1686 2194 84
60 60 24 51 1230 1920 22
42 13 33 31 163 595 61
71 25 17 60 1578 2146 54
67 45 68 36 1929 2585 23
34 45 22 46 1292 1798 55
76 78 71 58 438 1196 75
20 95 46 29 1224 1666 32
96 18 99 48 1864 2292 17
84 34 96 26 1755 2491 39
81 13 48 63 1911 2403 99
23 3 100 26 2139 2875 99
25 22 58 44 1730 2312 16
79 83 30 62 2462 2876 62
1 42 96 74 912 1486 90
98 20 95 23 399 1117 93
81 40 53 42 2901 3547 25
74 29 33 56 2282 2710 37
94 77 82 89 2591 3211 16
51 86 16 52 400 1046 12
1 60 79 42 797 1315 36
69 70 48 53 268 856 31
93 89 70 60 242 862 40
89 19 36 30 931 1395 76
97 44 86 83 2402 2844 10
98 3 20 13 2084 2512 45
41 95 65 46 1638 2380 64
76 97 33 67 2086 2582 92
68 79 35 52 265 735 92
12 40 17 11 489 1043 70
59 50 71 89 2517 2945 31
98 73 29 100 1059 1653 14
61 86 34 80 2142 2628 58
93 92 53 67 1047 1601 90
93 36 70 86 1839 2399 68
9 71 54 12 46 638 22
3 97 38 25 146 566 65
91 13 37 92 1697 2191 47
80 74 27 16 2068 2656 57
67 95 4 45 2828 3526 13
13 48 22 23 2326 3064 52
35 11 13 32 1763 2205 43
53 67 3 89 1236 1762 74
96 57 3 89 1595 2353 10
55 77 16 68 2429 2853 15
88 3 62 49 651 1133 3
8 48 95 26 1377 1811 38
71 76 52 55 1746 2364 73
46 10 85 98 703 1329 99
47 58 27 23 347 915 54
11 84 5 8 3000 3634 60
16 41 41 78 1500 2158 91
27 23 89 92 2489 2943 79
72 95 30 47 819 1341 37
2 9 83 63 2716 3498 42
92 97 51 80 1708 2114 54
10 93 3 98 2065 2509 5
74 43 94 32 2246 2866 53
93 42 1 9 1242 1894 81
41 11 79 63 880 1418 72
100 77 23 65 718 1290 54
64 75 18 56 2489 3141 97
98 84 71 25 1060 1556 60
89 49 83 33 1566 2150 38
22 2 56 62 1882 2582 63
84 62 44 51 1233 1755 96
70 58 50 85 1543 1947 71
92 97 71 19 1954 2594 42
17 47 80 62 2453 2997 31
65 79 5 59 261 691 39
98 2 33 44 2860 3350 99
84 54 80 46 1602 2308 88
46 75 39 65 2638 3114 66
75 62 79 57 2323 3099 75
9 99 17 98 1253 1915 15
76 91 42 63 1818 2386 2
99 6 93 2 936 1584 45
51 12 17 57 101 795 10
40 54 78 78 896 1516 84
35 95 79 99 2797 3253 89
79 92 81 36 2389 3017 93
49 86 5 79 2832 3334 99
59 62 69 47 1313 2003 67
89 50 62 11 2033 2487 97
84 23 48 39 2406 2902 81
14 22 51 8 479 939 10
58 30 11 38 2243 2729 85
60 76 61 85 712 1364 17
60 46 9 9 1120 1884 27
4 77 70 22 144 848 9
78 90 75 23 639 1405 68
57 68 62 39 1950 2382 41
99 24 17 75 2077 2545 34
90 64 51 32 2228 2760 53
73 22 82 46 750 1174 60
48 18 32 53 223 921 32
48 84 69 63 2797 3391 33
78 76 97 61 1054 1842 36
