500
213 185 80 130 487 900 3
202 19 96 218 106 149 5
215 98 149 54 471 1177 4
216 82 2 193 445 1203 4
62 132 245 214 20 40 2
167 125 33 4 458 1105 4
99 199 187 83 88 131 9
84 31 148 87 465 1064 3
233 114 196 98 97 267 8
216 31 224 120 228 322 2
109 57 106 103 42 97 9
145 73 29 155 391 587 5
113 99 20 35 248 486 2
107 137 226 130 146 291 3
228 95 211 188 474 933 10
160 49 3 187 73 204 3
127 233 233 152 151 201 8
147 198 188 234 204 361 7
174 208 183 80 466 630 10
139 218 138 235 180 280 8
41 154 127 77 9 14 7
239 86 113 150 139 337 6
233 30 117 81 206 253 4
232 55 73 177 321 436 3
225 190 246 135 38 81 1
17 22 202 151 151 326 6
35 250 115 32 273 355 8
166 149 226 146 431 861 5
250 181 71 76 17 39 9
61 108 64 236 209 498 9
248 42 63 21 250 496 9
238 187 157 15 492 949 10
133 232 121 154 143 265 1
221 60 245 241 234 590 4
129 135 191 156 348 604 5
14 168 187 213 341 429 10
231 200 140 16 236 482 7
58 104 105 218 32 48 2
49 200 180 39 394 558 9
184 35 14 56 72 146 7
139 121 6 167 158 375 9
241 182 220 203 286 462 1
96 99 107 29 419 899 2
166 137 204 137 192 322 7
207 148 158 200 28 63 3
113 38 181 214 303 679 8
104 90 228 26 165 405 6
12 176 73 179 484 1132 5
192 28 182 231 33 39 5
190 14 71 144 454 575 8
167 143 125 203 220 648 8
204 7 87 112 453 796 1
189 236 15 68 99 113 4
162 161 129 142 4 5 6
85 143 72 111 185 537 7
174 40 147 225 217 564 3
154 79 80 232 174 394 2
169 234 38 64 398 1113 1
52 122 233 202 406 1205 1
49 249 156 217 123 225 9
128 36 125 74 322 689 4
56 138 214 45 131 293 10
48 146 237 75 108 318 2
13 107 83 44 16 28 9
224 169 101 234 361 619 1
101 53 211 112 365 378 5
178 150 104 54 255 681 4
136 91 250 199 181 336 4
2 177 66 188 488 1066 8
92 147 45 137 243 307 2
131 180 92 59 447 926 8
230 148 204 6 163 313 4
236 31 199 245 170 232 6
71 102 45 138 304 370 10
107 213 42 222 387 1044 4
28 153 88 48 168 290 6
186 217 233 207 205 537 9
168 100 228 246 7 19 8
239 143 87 46 173 343 5
195 96 168 237 178 222 8
95 139 217 62 196 206 3
82 204 91 164 135 390 9
243 187 124 235 413 613 3
140 134 64 78 285 658 7
94 36 127 114 55 139 7
101 124 2 36 269 455 9
69 72 173 12 286 464 4
134 56 172 208 154 165 1
126 50 67 3 344 597 2
65 147 34 100 117 241 10
48 40 3 17 10 20 3
144 9 213 146 246 454 4
104 225 171 171 92 199 1
247 5 98 164 114 301 8
177 58 103 104 390 1058 2
45 227 21 167 434 951 3
74 150 148 29 170 444 10
161 192 41 194 450 604 10
247 34 22 188 6 10 10
59 38 30 64 166 392 7
244 151 224 56 269 526 7
5 74 246 130 333 343 2
141 126 235 151 399 694 10
89 182 30 8 381 645 10
96 239 136 145 187 320 7
51 87 109 204 399 964 2
102 173 154 39 170 447 2
228 134 179 187 82 203 7
223 187 98 79 389 518 7
155 222 104 67 87 174 5
3 25 81 137 128 192 5
92 238 141 60 26 64 5
4 19 215 182 236 499 3
99 47 155 241 57 116 9
168 133 113 182 44 110 5
226 168 108 186 409 618 5
155 19 17 65 34 98 8
192 224 111 34 491 1180 3
136 234 106 180 285 791 10
45 249 212 229 33 79 6
247 238 157 180 73 102 6
221 23 151 246 345 772 9
62 225 85 26 416 964 3
235 137 122 84 352 509 6
240 73 101 133 481 1324 3
139 148 14 209 135 363 8
43 161 232 127 274 710 8
239 45 102 143 220 569 10
93 82 134 16 476 837 9
234 230 118 232 440 519 9
206 75 19 144 146 184 5
74 34 229 224 348 528 3
230 197 159 139 436 617 5
244 8 231 91 186 507 5
169 22 47 16 182 510 5
70 213 10 114 199 260 7
196 106 104 130 28 37 10
162 113 239 4 185 537 10
67 17 3 183 116 284 10
70 116 157 55 426 613 9
29 78 182 171 101 123 2
115 205 135 172 225 307 5
174 188 240 27 423 1043 6
120 170 55 6 105 187 5
135 159 14 45 312 851 6
50 87 88 51 369 560 5
166 240 229 222 332 655 7
75 29 90 225 26 61 2
224 147 224 137 15 16 1
149 57 24 22 198 443 6
185 225 81 35 490 1325 4
62 236 26 199 396 978 5
143 130 162 58 63 86 4
119 14 206 190 405 980 2
155 30 124 90 33 56 5
174 123 49 42 93 182 10
163 138 75 6 128 331 9
191 53 122 247 212 575 9
22 179 57 231 244 721 1
19 14 27 128 29 39 9
65 162 249 97 289 534 4
211 166 155 40 255 713 2
130 27 60 1 95 125 8
172 173 233 13 150 433 6
214 129 123 77 366 1038 1
75 210 195 46 38 87 10
174 221 105 39 146 356 2
249 208 125 250 351 368 1
4 138 182 198 355 462 10
131 19 40 129 186 530 4
174 175 86 69 447 1034 9
226 51 48 51 19 57 5
193 19 193 175 161 387 2
222 231 72 72 146 282 9
189 15 63 189 235 265 8
115 118 36 244 273 759 2
168 177 182 231 487 1240 6
144 71 141 155 387 716 10
15 201 18 161 38 73 4
59 204 108 32 95 188 10
33 194 22 131 108 157 4
29 175 241 129 434 968 8
84 196 181 30 306 376 3
42 44 22 213 317 692 8
5 141 219 136 255 716 1
80 151 181 119 263 745 2
106 104 230 36 330 965 3
93 138 154 101 317 375 5
34 212 153 22 287 659 9
143 174 145 90 180 485 2
69 205 227 146 462 493 10
140 212 185 210 320 743 8
7 34 139 89 39 73 3
146 104 53 85 434 542 9
129 220 40 204 166 273 10
173 108 79 21 479 924 8
238 75 91 3 404 551 5
146 47 126 30 183 195 5
12 92 18 182 68 114 4
145 205 168 42 209 240 7
61 190 135 119 174 430 5
224 34 117 224 115 188 7
13 124 90 243 281 711 6
27 222 56 179 166 407 2
229 98 100 116 133 166 3
215 134 106 98 487 998 6
139 156 198 89 402 646 7
100 117 191 115 86 144 6
215 108 165 17 108 298 6
131 169 1 43 457 639 4
21 209 13 107 169 492 10
180 89 161 107 50 100 10
155 166 109 2 67 67 6
188 47 115 4 257 386 7
71 6 148 181 393 866 3
202 130 230 180 93 165 3
221 70 36 134 96 271 2
82 39 235 233 474 822 7
140 25 2 216 322 429 6
181 159 34 94 133 166 2
191 203 45 208 424 701 10
10 112 69 74 193 254 3
194 174 190 167 447 891 1
74 120 43 56 174 480 7
153 238 143 50 382 599 9
145 18 109 204 217 452 4
116 82 31 183 108 178 9
3 24 133 205 309 443 9
215 157 155 247 470 487 1
163 226 130 161 185 320 8
95 153 237 38 301 416 6
213 184 150 52 390 608 1
86 240 224 25 169 442 3
205 105 88 193 82 125 3
73 72 240 44 447 1030 1
33 226 24 150 85 237 7
234 198 215 188 155 238 10
3 182 79 248 152 348 6
62 188 46 146 125 280 3
198 142 146 111 156 447 4
153 19 45 17 135 307 8
232 106 136 203 246 667 5
89 145 142 33 47 50 2
22 173 15 148 243 601 3
94 62 136 94 271 317 1
242 18 236 237 473 1302 1
113 171 81 18 76 153 1
178 187 117 169 495 1187 10
250 64 156 207 57 69 4
208 107 44 41 12 32 8
247 25 121 156 373 837 4
30 129 118 187 348 939 7
129 40 105 75 286 430 4
236 20 187 33 476 982 1
120 93 95 228 64 108 8
162 79 116 22 480 764 10
12 155 237 198 233 374 10
242 132 110 22 290 779 6
29 165 31 203 219 282 3
222 216 225 95 224 426 3
37 51 203 195 64 115 4
38 21 225 238 257 701 9
127 183 226 238 406 855 10
207 182 51 136 443 528 4
109 40 158 96 170 316 1
238 188 136 87 41 44 2
249 174 65 86 362 624 8
16 105 37 111 16 27 1
187 186 137 187 164 432 5
117 200 97 195 426 820 9
174 82 249 22 480 590 10
22 168 51 92 319 782 3
6 178 232 100 403 516 8
227 204 132 185 342 607 4
149 153 24 19 112 177 1
48 100 64 83 210 317 2
120 132 38 49 384 484 8
155 179 145 41 351 699 10
148 162 60 204 304 444 6
68 5 36 95 48 75 4
133 116 48 91 204 212 3
102 52 181 124 489 1296 10
23 43 214 108 76 131 9
196 199 179 49 204 603 9
138 200 68 94 451 986 1
145 236 114 60 47 131 10
177 136 247 76 282 414 4
13 204 36 20 62 75 2
22 81 68 187 73 93 6
127 30 163 47 162 187 7
81 129 146 207 8 8 1
69 211 68 240 479 743 6
111 140 233 16 440 500 5
40 144 212 161 201 230 10
7 152 239 45 471 1059 10
151 88 73 67 299 683 10
169 38 13 227 465 1263 8
166 231 188 74 178 331 9
217 71 52 84 177 394 8
32 166 247 172 339 451 10
2 190 48 126 350 364 6
32 100 154 230 92 261 6
90 15 83 60 334 949 3
67 190 7 31 419 856 8
196 183 159 40 55 116 6
96 117 119 16 311 708 4
27 79 180 92 305 631 1
239 226 229 85 274 403 7
86 164 201 146 23 31 1
125 172 198 217 183 525 3
17 225 182 200 188 384 6
6 22 86 227 376 1101 3
29 44 197 105 332 467 9
4 16 190 106 259 665 6
226 121 167 138 307 900 10
243 126 159 74 485 588 3
6 38 112 169 127 354 7
97 63 205 39 166 471 10
172 220 160 241 216 646 1
12 137 212 33 372 814 5
147 9 129 57 258 336 7
160 215 109 222 26 47 8
204 230 86 179 446 990 9
214 151 215 182 111 210 2
42 157 220 117 365 472 8
223 52 181 122 376 483 10
95 178 154 122 303 361 7
20 236 214 115 85 123 5
219 229 31 90 137 350 3
233 132 176 119 98 245 5
90 188 129 69 215 400 1
56 129 22 85 66 138 3
173 72 231 5 260 397 1
24 111 124 150 125 187 8
124 78 192 89 446 900 3
64 233 198 219 186 548 6
241 239 179 148 347 927 3
105 163 9 149 199 309 1
82 119 199 14 349 372 1
195 79 18 229 288 424 4
56 48 128 92 27 59 2
69 132 175 117 25 75 1
67 69 135 206 127 322 3
213 48 173 96 436 1196 8
213 106 7 216 11 22 5
102 154 106 36 305 790 5
57 103 61 91 364 535 10
54 145 212 109 46 53 8
15 38 186 154 499 1236 4
52 23 134 246 14 41 8
155 75 56 1 474 836 1
229 97 72 85 436 798 1
32 236 8 144 34 87 6
163 94 89 9 455 776 8
138 14 229 67 355 464 2
150 136 134 227 275 690 2
158 145 67 50 40 57 6
121 118 118 203 400 735 9
93 78 106 147 110 181 3
10 94 147 153 68 100 1
152 87 10 172 16 31 3
245 131 148 232 484 1364 1
27 39 43 236 14 38 9
156 156 231 10 60 134 6
240 56 82 29 54 64 1
166 139 235 75 66 168 8
82 137 188 93 72 143 1
139 182 182 226 474 1254 9
83 98 64 221 414 779 2
11 105 75 217 229 353 2
153 185 103 195 100 132 7
65 42 247 98 52 112 1
173 38 76 147 41 63 10
134 40 46 21 5 13 10
129 139 150 204 492 1142 2
175 213 130 84 20 50 3
164 237 170 173 436 1304 9
80 172 47 87 252 574 1
213 113 24 117 278 745 8
62 241 199 10 474 1334 5
94 169 175 4 383 895 5
6 74 144 99 403 443 4
190 64 34 80 109 156 6
28 166 54 139 242 695 5
139 156 72 92 283 630 3
29 144 23 7 36 58 8
209 211 249 157 74 189 1
184 239 30 38 260 413 3
214 224 195 126 141 207 10
71 93 193 19 11 22 9
132 191 173 153 308 898 8
49 218 148 218 312 537 10
4 6 69 154 306 353 10
113 74 39 126 132 194 5
185 210 244 142 331 508 6
142 91 193 98 109 145 3
68 119 112 187 22 44 3
15 218 220 107 367 559 10
183 153 88 13 34 96 5
145 33 23 213 497 1329 2
247 21 204 41 408 743 4
63 23 85 188 323 942 8
79 50 223 65 291 679 7
34 238 224 75 272 497 8
37 123 152 46 419 774 1
52 68 163 32 325 731 1
28 2 40 116 461 667 8
230 176 71 32 86 118 4
132 34 211 40 130 348 10
238 76 150 195 127 190 8
165 201 14 58 323 965 7
190 144 113 57 234 460 2
215 242 193 186 200 331 5
190 65 34 79 177 309 10
108 155 97 67 135 362 2
247 156 30 74 202 464 5
9 164 31 8 412 896 2
158 1 77 169 419 668 7
223 140 162 127 186 398 7
67 124 154 137 260 396 1
78 240 239 51 171 308 2
136 177 61 241 120 142 8
40 22 21 193 94 277 1
247 152 134 90 67 105 2
104 27 188 175 471 710 2
191 47 48 211 347 834 6
197 143 7 218 241 253 2
99 76 100 131 247 600 4
207 138 154 133 64 190 6
54 2 91 140 288 754 2
16 69 72 49 126 193 1
231 8 86 179 380 1039 4
67 75 205 115 371 976 2
118 244 148 101 492 1099 9
206 236 183 96 207 329 5
15 111 155 247 499 579 7
83 52 163 43 447 981 6
229 4 36 54 467 829 4
174 27 172 55 156 207 7
230 63 87 31 3 4 3
201 85 11 110 410 899 1
185 232 41 191 149 388 1
229 247 167 65 171 369 1
112 7 224 26 330 788 2
117 224 26 44 67 165 2
49 52 120 75 174 372 6
3 239 243 216 230 454 9
96 60 101 28 494 1275 10
244 207 39 177 337 956 8
30 203 41 236 325 712 7
35 23 49 167 355 471 5
3 218 2 181 36 102 3
49 66 210 111 70 201 9
61 198 233 196 491 970 1
139 151 116 214 396 768 10
242 96 25 198 165 422 5
86 59 212 93 463 1347 5
191 92 98 158 362 1072 8
12 88 25 197 205 582 4
85 69 39 86 286 401 8
159 55 141 11 103 207 4
113 165 120 31 29 83 10
10 147 22 185 348 573 4
8 126 126 132 259 632 5
111 41 71 195 110 219 5
206 242 145 171 25 33 5
117 205 221 86 232 336 8
175 220 188 37 16 16 4
110 134 38 167 312 511 8
215 11 110 99 333 898 4
244 150 167 141 19 53 5
178 232 192 192 333 486 7
137 83 40 225 173 393 5
249 201 93 162 231 330 6
232 228 160 58 316 856 3
248 202 44 85 196 546 6
223 187 140 238 96 256 8
95 136 107 45 60 158 2
168 80 20 88 434 612 4
153 217 221 130 293 532 5
233 34 143 130 477 1373 1
184 151 219 85 449 980 5
8 197 55 23 319 622 9
208 56 84 12 343 753 9
123 79 250 126 76 163 2
30 49 195 28 357 737 3
142 115 178 73 83 141 1
65 69 18 55 81 185 7
218 248 26 237 336 706 7
170 125 23 22 170 324 5
20 245 111 141 457 1181 6
3 40 235 134 103 273 5
28 213 30 51 302 569 9
53 248 146 239 490 700 10
88 216 139 110 462 1052 7
231 235 133 10 201 262 6
224 116 31 168 276 706 8
46 50 191 165 69 111 2
76 248 11 200 98 250 6
35 34 37 198 139 230 1
