450
11 14 15 10 7960 8090 59
13 17 14 18 6883 7020 56
15 10 10 15 8226 8352 51
21 19 21 20 3042 3185 71
29 31 27 31 1508 1712 89
13 13 18 12 6889 7032 56
21 16 16 15 5470 5620 65
13 12 14 15 8042 8170 53
21 24 28 28 2954 3119 83
11 13 11 13 7969 8097 58
15 13 15 17 6557 6673 63
16 13 13 18 6717 6851 64
26 23 20 19 4016 4212 70
14 14 14 19 6526 6684 65
23 26 20 19 4126 4302 68
25 21 23 19 3969 4132 70
19 19 20 16 5248 5414 71
28 27 36 36 0 220 95
14 13 11 11 8198 8315 58
22 21 19 21 5619 5772 66
13 15 17 13 6742 6893 57
25 20 28 20 3268 3464 81
20 21 25 21 4121 4284 70
13 12 13 16 6989 7141 62
23 26 28 27 2343 2517 85
33 25 34 24 342 560 93
25 19 27 28 3053 3220 81
22 21 15 16 5588 5745 61
20 20 16 19 5247 5390 66
17 16 15 13 6607 6765 63
12 16 14 16 6625 6756 60
19 20 20 22 5577 5768 67
22 23 20 24 4059 4227 73
12 14 14 14 8187 8332 52
14 16 15 16 6884 7001 59
17 22 15 19 5568 5725 66
12 15 14 10 7886 8031 58
12 13 15 12 8250 8379 49
23 30 30 32 904 1125 91
10 14 11 10 8230 8344 52
33 28 24 24 512 678 93
13 15 14 15 8312 8443 58
12 13 16 17 6747 6901 63
22 23 24 22 3460 3649 79
11 12 10 15 8172 8283 57
15 12 14 12 8072 8198 58
22 22 29 27 2561 2760 83
14 16 16 13 6716 6836 62
24 20 25 26 2838 3040 83
15 19 17 14 5937 6099 65
29 29 21 23 2531 2702 85
10 14 10 15 8269 8417 57
13 17 12 17 6892 7027 62
18 15 14 14 6559 6692 61
12 14 11 10 8152 8261 55
18 22 20 17 5478 5659 66
23 20 25 21 2642 2798 83
15 18 13 18 6733 6876 55
35 32 36 24 0 207 95
36 34 31 35 0 238 95
17 17 19 23 4114 4269 69
18 17 15 15 6835 7006 57
15 15 13 10 8111 8223 50
13 14 14 10 8011 8118 53
11 12 15 14 8060 8200 49
16 18 22 22 5602 5739 63
20 22 17 18 4930 5095 64
14 17 15 14 6675 6825 56
29 30 24 23 2425 2591 85
15 13 10 13 7959 8085 54
27 23 25 23 2879 3039 83
27 23 23 24 3807 4007 79
11 14 15 11 8032 8180 51
24 20 19 25 3984 4138 68
24 21 27 23 2560 2745 83
10 15 14 12 8184 8330 55
10 13 14 10 7944 8101 55
10 12 10 10 7951 8088 49
14 13 14 14 6728 6854 63
12 11 13 15 8037 8168 57
24 24 20 22 4264 4416 77
13 10 14 12 8217 8355 51
17 18 18 15 6763 6934 59
25 30 20 28 2368 2571 85
24 33 27 35 339 522 93
22 27 21 27 2912 3103 83
18 13 15 17 6118 6276 62
24 35 31 27 408 622 93
10 13 11 14 8288 8407 54
13 15 15 15 8300 8445 50
16 12 17 14 6714 6849 62
20 29 21 26 2394 2592 85
35 36 31 26 0 228 95
23 18 20 22 3638 3801 73
21 17 20 17 5298 5468 69
22 28 23 26 1627 1832 89
19 23 21 24 4255 4451 72
10 14 13 15 7988 8142 55
22 29 22 24 1872 2074 87
11 12 10 14 8176 8295 50
24 33 30 29 875 1046 91
26 21 23 22 3894 4055 77
24 22 22 20 4110 4278 70
15 22 19 18 5309 5483 61
25 20 26 24 3964 4129 77
11 12 11 11 8121 8259 50
25 27 31 25 1982 2160 87
14 10 12 10 7935 8074 52
17 12 14 13 6683 6796 58
27 26 27 28 1163 1329 91
18 15 15 14 6765 6902 63
20 17 17 20 6525 6665 63
15 11 13 14 8114 8245 49
24 26 18 23 4259 4416 77
20 19 18 22 5132 5271 66
26 20 26 20 4249 4430 77
18 22 22 16 5256 5421 66
21 32 30 25 2098 2268 87
33 24 27 34 993 1170 91
22 21 19 21 5656 5818 64
14 17 13 16 7313 7464 63
17 16 15 20 5524 5663 61
11 14 15 15 8305 8450 53
26 24 27 24 2899 3060 83
10 10 12 10 7904 8007 50
12 13 14 12 8122 8244 58
22 25 22 22 2631 2833 83
26 32 27 22 1308 1492 89
12 13 11 14 8207 8328 50
20 28 25 28 2407 2613 85
25 17 26 26 4065 4247 77
33 26 28 27 710 920 93
13 14 12 17 6744 6875 63
24 23 22 26 2495 2648 85
10 13 14 11 7995 8146 58
29 23 26 20 2526 2730 85
15 15 12 11 8035 8178 56
18 17 21 18 5631 5799 71
13 14 15 12 6585 6710 61
14 13 14 12 8152 8285 53
13 12 15 15 8154 8293 55
12 17 15 15 6642 6788 61
15 17 22 15 5545 5712 68
18 19 22 21 3525 3677 69
10 10 12 11 7916 8050 57
14 16 12 16 6646 6768 62
14 14 10 10 7968 8085 55
14 12 10 15 8247 8379 53
17 18 22 18 5072 5228 63
26 24 25 26 3706 3880 79
17 17 13 17 6723 6852 58
27 22 24 20 3874 4044 79
15 10 14 14 8149 8284 59
13 11 13 11 8248 8407 55
33 26 30 33 1428 1645 89
18 21 20 19 4798 4973 70
13 10 10 12 8071 8209 53
22 24 25 19 4102 4290 77
25 26 19 26 4217 4421 77
11 13 10 13 8057 8168 52
15 12 10 12 7892 8045 59
22 19 27 28 3437 3626 81
25 28 30 27 1734 1922 87
13 10 12 11 8249 8363 57
12 15 13 10 8083 8191 55
31 31 24 32 0 218 95
17 26 21 18 3995 4146 73
15 15 15 22 5287 5461 70
13 16 17 16 6710 6830 55
31 24 25 30 1544 1717 89
15 10 15 15 7914 8060 54
25 29 23 27 2440 2635 85
29 27 34 34 1032 1243 91
15 20 22 21 5378 5529 67
14 12 10 14 8246 8377 50
21 20 22 17 4827 5013 67
18 12 16 15 6754 6882 63
22 18 19 22 5052 5226 72
17 17 21 22 5626 5801 70
15 13 13 11 8313 8438 52
27 27 20 22 2941 3142 83
19 27 20 21 3744 3936 79
12 13 11 10 8297 8445 50
18 17 20 18 5396 5527 71
15 14 15 10 8285 8426 59
13 10 10 15 8044 8173 54
14 15 11 12 8021 8132 50
20 18 19 24 4103 4266 74
18 17 18 15 6876 7007 62
14 15 13 15 6973 7120 64
17 22 19 20 4368 4501 67
27 29 23 27 2375 2538 85
17 15 13 16 6673 6820 60
13 12 14 15 8119 8228 57
23 32 27 25 1691 1901 87
26 20 19 22 3631 3806 75
11 13 15 12 8049 8185 59
12 15 17 12 6624 6753 65
24 19 22 23 4122 4281 72
21 21 20 22 4244 4395 72
18 18 18 13 6718 6887 59
15 15 18 14 6630 6791 55
29 34 25 26 0 206 95
18 20 21 26 4020 4210 72
17 17 16 21 5328 5497 63
17 20 16 21 5514 5660 65
29 30 26 26 1355 1577 89
22 20 20 17 5451 5603 65
26 20 25 20 2626 2785 83
27 23 23 26 2569 2749 83
17 20 19 15 5657 5793 71
21 18 23 19 5206 5374 65
17 18 16 18 6625 6800 60
12 15 12 12 7914 8024 54
16 12 17 16 6743 6894 55
15 15 14 13 8201 8333 55
28 25 27 28 2703 2866 83
25 31 31 31 0 188 95
20 17 19 25 4037 4175 68
16 15 17 19 5612 5768 70
30 23 27 23 1664 1827 89
27 29 22 24 2305 2464 85
15 19 22 21 5574 5761 71
20 20 20 19 6386 6553 61
26 24 25 29 1548 1708 89
24 29 25 25 2837 3002 83
25 27 22 25 1635 1817 89
21 16 18 17 5452 5592 64
26 34 25 32 1079 1296 91
19 20 25 25 4274 4449 69
15 10 10 10 7996 8113 58
14 10 14 13 8277 8405 49
27 30 24 27 1457 1665 89
15 13 13 15 8123 8238 51
14 14 15 12 7988 8137 54
12 18 16 13 6945 7104 56
21 28 20 20 2721 2912 73
29 26 27 24 501 706 93
15 14 14 11 8015 8146 49
24 33 24 30 0 204 95
15 14 14 12 6669 6824 64
24 26 22 25 2988 3187 83
13 13 14 14 8149 8304 54
11 10 15 14 8038 8166 58
12 10 11 10 8209 8308 56
28 26 27 27 2323 2511 85
11 11 11 12 7978 8112 58
15 10 10 12 8248 8392 59
21 20 23 23 2706 2879 83
17 15 16 12 6921 7069 62
22 26 17 19 4297 4471 75
18 21 22 19 4918 5100 69
11 10 10 10 7928 8027 50
23 28 30 25 1396 1591 89
27 28 27 27 1303 1482 89
21 19 23 26 4244 4415 70
26 17 18 20 4288 4433 67
18 16 15 17 6950 7077 57
15 13 13 15 8034 8153 55
18 20 20 22 3757 3898 75
12 12 13 12 7610 7750 51
18 21 15 15 5260 5433 71
18 12 15 18 6862 6998 63
32 32 24 31 943 1152 91
13 15 14 10 7956 8087 58
10 13 14 11 7883 8030 52
29 27 22 26 2717 2911 83
18 18 24 23 3946 4121 74
26 17 20 19 4258 4414 75
12 14 12 13 8265 8391 49
18 18 18 18 6708 6849 56
15 15 10 13 7993 8152 55
11 15 11 13 7903 8044 57
14 10 11 15 8009 8128 58
16 21 18 16 5339 5505 64
16 14 14 18 6868 7001 65
13 13 13 15 8029 8140 58
14 17 18 16 6568 6700 62
15 14 11 11 8312 8430 49
34 27 28 29 473 675 93
27 27 27 30 1106 1294 91
14 10 10 12 8211 8322 54
17 17 26 26 4262 4415 69
16 12 13 14 6773 6886 58
10 11 10 11 7933 8084 54
28 27 24 23 2773 2980 83
21 18 19 18 5330 5482 70
12 11 12 14 7915 8063 57
11 14 15 12 8253 8371 51
36 35 33 27 0 232 95
15 16 22 19 5537 5688 69
17 22 15 22 5411 5575 66
17 16 14 16 6463 6626 60
15 14 12 12 8322 8449 59
27 29 22 25 1969 2159 87
15 12 14 13 8080 8225 55
20 24 24 24 3827 4003 79
22 26 19 24 4324 4492 77
15 14 15 13 8258 8383 52
12 13 14 10 8219 8351 49
15 10 11 14 7982 8116 58
29 25 24 29 1401 1602 89
22 21 27 21 2994 3166 83
26 31 26 29 1175 1343 91
28 27 27 20 2973 3132 83
18 17 18 16 5396 5551 61
14 13 18 14 6983 7113 64
10 11 12 10 8182 8288 52
17 19 17 14 6428 6600 57
16 21 17 16 5570 5738 65
28 33 25 25 1263 1454 89
18 20 17 19 5543 5719 66
12 13 11 11 8087 8241 50
14 16 15 12 6952 7091 59
18 12 17 16 6778 6900 56
10 10 14 12 8052 8188 52
30 26 23 32 933 1140 91
26 20 24 25 4097 4276 77
26 25 19 19 3814 3977 72
14 16 13 18 6700 6829 62
19 20 17 24 3942 4082 71
17 18 18 18 6893 7031 59
15 18 13 13 6178 6320 65
16 14 15 12 6829 6984 65
21 22 17 16 5600 5743 65
22 15 19 20 5476 5613 65
21 24 25 23 2601 2798 83
28 23 25 21 2853 3034 83
35 26 24 35 0 194 95
12 13 15 10 8208 8357 49
10 12 13 12 7989 8147 50
31 29 28 29 0 182 95
11 12 12 15 8126 8274 52
10 14 14 15 7960 8086 49
13 10 12 14 8154 8302 54
29 28 30 30 1475 1680 89
10 13 12 11 8312 8440 55
17 16 14 17 6951 7070 63
18 23 22 20 5131 5294 64
10 12 15 12 8253 8388 53
19 24 20 25 3320 3499 79
33 31 33 29 0 185 95
18 19 16 19 5293 5423 69
27 24 21 30 2529 2699 85
15 14 18 17 6788 6920 56
31 28 30 31 1138 1347 91
15 13 13 15 8315 8429 56
13 11 10 11 7895 8034 53
26 17 23 26 4298 4475 77
11 10 14 13 8098 8208 51
11 14 14 12 8288 8402 59
14 13 18 16 6246 6366 64
21 17 17 16 5623 5768 65
16 12 17 15 6571 6717 59
18 14 18 15 6925 7046 62
18 15 18 16 5470 5640 66
18 14 13 17 6246 6398 66
23 17 23 19 4916 5080 67
32 30 28 28 1599 1793 89
12 18 17 18 6987 7130 62
25 25 22 20 3571 3723 79
10 12 10 10 8225 8339 56
15 13 16 18 6950 7075 55
14 13 16 12 6897 7039 55
31 32 22 23 1764 1961 87
14 10 15 14 7911 8035 53
17 16 16 21 5315 5470 71
16 17 14 13 6326 6447 64
17 16 13 16 6325 6487 57
15 18 20 13 6520 6674 63
14 18 16 16 6710 6846 62
26 30 33 34 0 185 95
18 18 18 21 3755 3938 77
12 12 13 14 8109 8217 55
20 19 20 16 5365 5533 69
18 26 24 17 4096 4251 67
11 12 13 12 8216 8367 54
18 19 22 18 5301 5450 68
14 11 11 11 7908 8023 55
18 15 18 18 5707 5869 64
17 18 17 22 5533 5698 65
11 15 13 11 8255 8388 51
17 14 12 13 6766 6932 61
15 18 14 17 6585 6756 56
23 22 24 30 2205 2360 85
16 18 18 19 5309 5435 68
28 28 25 28 941 1154 91
10 15 11 14 8268 8392 53
30 31 23 26 1336 1527 89
26 26 20 21 4104 4297 77
22 24 28 28 1240 1440 89
13 11 11 11 8205 8349 56
12 14 11 10 8064 8185 51
13 12 13 10 7934 8086 58
14 13 14 10 8305 8425 58
18 12 17 18 6613 6788 55
12 13 11 11 8234 8341 53
29 24 28 20 2573 2739 83
10 15 10 15 8303 8442 55
30 33 27 29 1653 1859 89
19 20 26 21 3914 4067 77
19 17 18 16 5621 5760 66
10 15 12 14 7961 8077 58
28 28 31 29 1427 1611 89
23 26 27 25 3602 3795 79
11 15 14 11 7994 8110 59
17 16 23 20 4506 4642 65
10 13 12 13 8279 8398 59
11 13 10 11 8282 8435 59
32 31 34 28 1146 1357 91
15 13 15 13 6779 6936 59
19 21 17 18 4878 5048 70
22 22 25 26 2741 2939 83
15 12 16 17 6947 7104 62
18 15 16 16 6323 6499 57
19 18 19 22 5526 5666 63
14 14 15 18 6656 6789 63
26 21 20 24 2721 2872 83
25 23 20 24 2745 2901 83
12 13 13 15 8292 8400 55
27 24 24 18 3827 4012 79
22 18 21 26 3839 4006 75
25 24 27 36 0 202 95
25 36 34 34 0 215 95
32 33 32 25 1462 1690 89
20 20 21 16 5221 5354 61
28 26 27 26 2902 3090 83
13 11 14 14 8077 8196 51
12 14 18 15 6616 6740 64
23 17 18 18 3948 4113 73
16 13 13 13 6716 6882 65
25 27 33 33 1609 1817 89
10 12 14 15 8055 8196 50
36 24 33 35 0 190 95
21 22 25 24 3475 3637 79
22 19 19 19 5548 5682 61
21 23 21 26 1943 2123 87
12 12 15 14 6728 6848 65
17 17 19 20 5255 5421 65
23 24 29 25 2120 2289 85
25 18 21 22 3574 3755 79
14 10 14 11 8061 8180 54
25 26 24 22 4250 4441 77
13 14 13 12 7926 8064 49
29 36 33 36 0 192 95
22 23 17 20 5118 5282 72
10 14 12 13 7926 8056 50
15 10 14 10 8242 8395 51
18 21 22 17 5473 5606 64
19 15 19 21 5648 5810 64
