200
20 43 41 40 718 960 80
6 16 33 25 1372 1434 100
5 26 34 24 515 640 40
13 5 12 49 1342 1498 100
22 37 5 43 159 231 90
32 9 41 32 338 578 40
34 6 43 12 210 313 70
31 21 8 41 856 938 50
24 35 44 35 369 539 50
39 29 7 16 847 914 80
14 9 11 41 663 723 40
26 41 33 33 753 895 40
21 9 40 29 1153 1370 80
20 10 6 44 979 1054 80
15 27 18 9 845 1035 50
42 48 22 10 1238 1318 80
9 19 12 15 213 452 60
38 20 5 7 754 962 60
45 36 14 33 469 640 100
36 46 33 18 306 398 100
22 10 47 23 746 892 40
26 30 30 12 299 361 100
38 38 38 46 1205 1393 60
33 25 15 6 1031 1096 80
47 34 48 15 912 967 100
21 35 35 40 1055 1145 70
44 20 15 12 723 921 90
28 12 29 29 1469 1613 100
11 35 16 41 640 714 70
33 24 13 30 1599 1702 40
11 37 26 13 938 1053 80
23 6 21 34 280 366 50
26 40 11 40 277 350 60
40 41 47 13 1372 1539 80
37 38 21 26 1116 1364 60
39 8 24 31 1383 1605 100
36 43 11 37 391 629 40
5 15 45 13 616 865 70
10 30 20 17 118 186 80
15 49 24 35 1124 1303 60
24 22 42 16 917 1092 90
22 48 26 9 1246 1491 100
49 17 20 5 896 1070 60
32 33 19 35 1002 1247 100
17 18 39 18 1435 1589 50
22 30 50 23 901 960 100
30 46 24 18 1122 1287 80
46 34 20 13 1414 1620 90
16 28 40 46 1485 1605 90
35 21 25 37 3 62 50
7 19 28 12 527 594 70
31 18 25 11 866 1012 50
7 37 11 47 135 319 50
35 28 49 35 1302 1353 70
39 37 37 22 1145 1241 70
7 29 39 45 252 452 50
22 37 15 13 337 547 60
40 47 29 44 611 751 100
24 25 15 21 888 982 90
16 45 50 6 1454 1668 60
38 5 7 5 737 884 60
27 40 30 30 723 923 80
10 10 46 9 196 420 40
19 38 13 16 1347 1481 90
36 8 26 27 1415 1644 60
40 12 8 49 816 875 40
41 36 6 32 501 580 80
37 16 9 34 586 720 60
41 50 28 27 1470 1520 100
46 47 9 16 1402 1588 40
43 6 50 44 1089 1332 70
40 50 13 31 1415 1534 70
40 39 49 26 1401 1607 100
49 49 13 5 1161 1389 50
40 29 26 26 750 903 90
14 26 45 17 988 1165 90
8 40 47 35 731 973 70
29 32 17 45 299 485 70
47 15 50 36 1027 1094 60
45 15 38 10 566 698 80
15 34 35 21 389 509 90
27 22 50 13 105 288 90
26 38 41 28 1389 1592 100
46 10 26 27 736 883 90
31 42 24 40 203 443 90
18 18 7 15 926 1028 60
5 48 48 49 238 412 90
26 50 39 21 1556 1712 70
42 11 15 22 1332 1491 100
36 15 12 20 379 485 60
28 18 45 38 1126 1348 80
29 37 41 43 1418 1516 100
24 30 37 35 932 1123 40
37 41 48 42 1217 1419 60
7 47 10 35 123 316 80
46 34 22 34 42 240 40
27 15 12 43 1388 1474 80
11 23 31 17 93 187 100
47 8 5 12 1117 1245 100
48 5 9 50 205 400 40
18 41 31 46 805 953 40
24 23 37 32 755 850 90
8 41 48 21 418 536 40
8 50 12 21 970 1165 80
48 5 9 34 1231 1433 60
12 28 50 20 1364 1541 100
12 22 43 32 1330 1478 80
20 33 39 25 5 180 100
12 24 21 23 144 224 60
19 18 27 23 704 768 90
6 9 30 9 1407 1602 80
42 12 14 26 1290 1393 100
23 42 43 33 909 1082 50
31 39 14 6 368 460 40
44 14 6 29 710 929 50
32 15 9 28 1593 1654 90
37 11 8 20 231 473 80
26 10 27 29 528 656 80
37 6 35 29 522 730 60
49 40 6 24 1559 1768 60
24 26 43 14 709 934 90
13 43 18 19 1159 1338 80
48 47 6 38 1116 1294 40
14 28 34 7 1276 1334 100
18 21 27 10 351 596 40
9 20 13 16 134 382 80
33 22 34 26 748 867 60
19 41 7 6 1143 1229 90
16 36 36 11 134 302 50
50 35 45 31 1339 1588 70
5 9 48 26 1450 1532 40
17 37 44 6 1323 1416 50
41 16 39 21 1196 1270 100
16 33 27 11 1540 1728 40
43 10 21 32 1266 1467 90
5 19 22 39 425 588 60
46 41 41 41 1175 1404 100
10 23 11 45 694 883 80
17 25 47 50 225 373 50
27 22 35 28 770 986 80
12 6 48 12 139 334 90
37 37 32 45 1361 1581 90
42 5 25 11 1357 1575 100
18 9 17 17 1453 1596 50
41 8 31 20 489 706 70
45 8 37 32 41 110 40
10 15 30 45 925 1151 70
28 24 49 23 1291 1462 80
21 16 12 18 84 323 60
10 7 42 37 100 209 60
6 50 6 33 984 1067 70
15 17 11 5 618 679 50
37 41 27 31 1274 1464 40
40 35 20 20 1565 1708 60
36 18 33 26 249 386 50
31 43 23 18 1218 1368 60
11 21 27 5 237 433 50
5 50 45 24 0 149 50
17 21 18 13 957 1009 50
29 47 33 38 269 496 40
42 40 21 31 488 601 70
8 8 38 34 252 437 40
42 40 28 27 333 497 50
12 10 8 49 763 948 90
16 19 17 37 1063 1184 40
22 39 50 35 970 1145 100
31 38 8 43 281 354 80
8 29 8 17 1199 1296 60
17 47 6 24 1077 1137 50
31 34 5 20 257 439 40
38 29 41 42 576 802 90
30 15 8 49 356 556 80
24 21 50 47 789 1000 100
31 9 49 6 1251 1312 50
47 10 46 24 11 156 50
5 22 11 17 395 536 80
43 46 36 13 467 538 70
31 17 31 37 376 624 90
46 39 26 47 594 656 50
14 17 33 40 824 919 50
15 38 41 45 1595 1659 100
46 6 29 22 880 1106 60
39 37 11 9 331 454 100
47 5 27 21 1467 1647 100
19 11 24 47 173 230 60
49 45 5 17 778 983 100
43 20 18 7 1128 1307 60
50 39 20 28 537 612 60
31 16 6 5 1543 1683 50
40 43 22 32 1085 1304 50
31 20 35 50 1226 1451 40
8 10 48 10 472 610 50
29 9 20 38 610 854 90
15 8 43 18 722 928 60
50 29 19 36 1141 1292 60
42 50 49 20 766 962 100
14 20 18 11 273 471 90
21 33 17 43 958 1124 70
13 11 37 28 560 678 70
17 14 20 23 764 941 100
