100
18 30 27 49 280 499 58
37 42 21 13 283 535 226
45 48 37 12 193 463 296
15 47 18 15 338 527 291
41 45 39 12 484 655 299
14 12 47 18 313 420 186
34 35 17 40 363 472 342
39 43 14 16 53 288 164
18 49 27 32 487 630 225
16 31 38 45 223 466 307
34 25 34 41 14 261 418
36 26 16 24 114 406 463
30 40 17 48 26 301 231
13 13 15 31 332 454 175
37 48 26 30 469 686 366
29 37 43 45 193 323 119
33 10 21 36 279 551 73
44 37 48 12 412 585 119
18 30 16 23 20 227 205
11 37 48 42 218 327 187
39 16 43 32 369 587 181
23 25 29 21 398 592 138
44 14 37 20 46 166 203
16 13 25 34 197 383 228
49 10 29 32 350 511 190
35 50 42 12 251 432 499
15 43 19 48 379 572 383
41 45 31 42 470 654 391
27 39 38 45 361 654 54
41 16 15 50 142 279 312
42 33 40 17 427 726 287
14 47 50 44 22 207 178
38 40 21 45 157 279 304
49 17 25 42 254 531 299
13 42 45 40 304 500 425
32 10 28 25 252 437 332
36 32 28 45 155 430 284
22 29 33 33 99 308 414
33 32 35 29 20 196 69
38 21 12 10 180 335 218
19 10 48 38 345 456 138
48 26 37 10 295 582 442
49 11 28 12 295 545 467
23 12 25 33 401 647 246
16 30 12 23 489 727 148
31 39 24 45 21 153 437
27 19 17 33 498 633 470
25 24 46 23 300 535 313
43 23 35 45 166 442 180
44 41 34 43 89 208 484
33 22 16 11 465 713 453
10 42 17 12 450 702 197
13 18 32 30 492 672 383
40 38 31 18 260 510 83
37 27 13 11 59 238 89
49 39 12 50 167 310 68
39 25 38 10 11 218 274
38 13 17 37 319 578 375
38 11 29 43 235 498 88
21 39 47 26 66 282 458
42 41 11 19 305 572 467
41 47 47 24 215 491 172
41 34 20 43 30 231 181
47 17 50 34 431 649 421
28 44 46 22 396 639 381
35 42 41 25 195 295 170
48 14 44 35 328 553 205
21 38 26 27 237 518 457
12 29 12 17 322 596 90
24 45 18 35 231 380 442
38 30 39 32 17 162 341
18 18 31 16 47 217 179
19 18 15 50 245 382 304
35 13 14 38 151 287 323
12 44 19 19 307 521 421
45 44 13 40 223 474 401
10 26 31 33 406 677 246
34 21 37 23 445 720 409
33 39 36 14 457 708 479
28 14 26 11 185 374 317
39 40 10 12 245 346 289
11 26 50 46 490 599 267
12 13 37 49 40 215 194
40 41 27 19 112 304 267
37 39 27 10 274 504 118
45 21 13 20 344 450 374
19 29 39 11 349 522 471
18 48 35 40 253 543 81
28 33 13 12 49 329 185
39 42 38 41 72 224 81
35 22 38 49 479 607 100
27 25 28 17 446 546 474
32 26 21 31 449 659 158
18 42 33 10 0 223 423
36 13 17 24 172 315 328
47 17 43 11 308 485 489
11 41 14 18 386 526 401
47 44 42 12 257 465 291
42 38 15 24 166 332 189
12 25 43 15 44 241 324
