500
20 24 44 16 2532 2668 40
49 10 45 45 2680 2823 40
20 36 16 27 470 586 70
45 16 42 12 307 524 40
40 20 46 25 1652 1900 80
46 45 26 26 295 413 90
9 35 28 24 1289 1491 70
33 10 32 39 107 321 50
26 37 26 30 1356 1469 90
15 45 31 48 2338 2397 80
5 11 8 43 1642 1696 80
22 20 30 13 3257 3352 60
13 6 49 27 2816 2991 100
22 45 33 44 259 319 80
37 38 11 36 959 1053 90
6 37 20 25 882 999 90
5 25 44 32 3662 3837 60
39 23 36 21 620 784 40
9 37 13 15 2816 3061 70
30 49 18 20 3938 4113 50
48 42 22 28 1380 1515 50
23 28 29 14 3309 3394 40
9 30 30 35 1822 1964 40
17 36 49 40 2495 2737 70
19 42 19 5 837 995 100
16 15 45 14 422 578 90
14 14 16 17 2710 2893 60
16 22 38 13 955 1122 80
23 28 12 24 1486 1678 40
18 11 27 45 3768 3909 40
42 42 10 6 2698 2812 80
42 18 32 40 1599 1810 100
21 20 7 24 3897 4024 70
20 12 20 17 1179 1295 80
36 14 37 5 298 368 50
26 31 12 41 492 552 80
25 48 11 49 574 819 60
23 11 25 16 2965 3107 70
10 12 33 27 3382 3484 60
18 12 24 37 3891 3987 60
44 13 50 15 3906 4075 70
35 27 9 9 3001 3170 100
19 20 45 36 964 1209 60
9 20 40 46 1223 1436 60
7 31 10 28 2658 2886 100
16 45 19 25 960 1140 80
47 30 23 24 189 307 50
24 43 19 6 2848 2904 70
8 37 50 47 1296 1449 70
13 46 40 25 2433 2521 40
18 48 25 39 938 1116 70
46 26 14 32 3269 3341 70
22 28 16 33 494 594 90
7 23 24 6 943 1032 70
44 29 32 20 914 972 100
27 29 37 20 2113 2204 40
50 20 28 40 814 1062 50
47 43 18 30 1370 1460 70
33 46 15 48 2944 3155 40
9 39 14 26 3762 3940 100
7 9 37 27 2738 2969 50
10 28 12 46 169 408 50
49 48 50 23 2542 2640 100
41 50 33 38 2933 3046 70
18 48 17 33 3825 4031 100
15 6 38 44 302 437 50
49 48 9 30 688 930 90
12 38 27 14 3535 3729 60
24 30 8 16 2821 3028 100
37 31 36 9 462 703 70
46 18 23 12 241 317 40
38 9 43 46 2764 2909 100
36 26 48 27 524 708 40
18 47 15 16 2252 2471 70
26 15 13 41 818 932 50
42 47 49 16 3654 3845 40
23 23 24 16 2827 2983 80
36 11 35 47 338 556 40
13 37 42 28 1393 1626 100
7 24 16 49 524 671 40
33 24 35 22 3316 3445 50
21 14 38 37 1341 1535 50
43 20 21 41 1333 1532 60
48 43 27 33 2170 2246 100
46 37 32 19 712 916 50
17 28 6 37 1236 1384 70
19 46 50 31 2852 3067 80
34 40 44 16 1460 1703 100
44 39 28 19 2075 2283 50
23 12 42 31 1927 1996 90
46 16 35 27 2810 2977 50
5 49 29 10 853 993 60
47 16 10 14 848 998 90
15 44 31 14 957 1052 90
6 8 24 10 3325 3533 70
39 32 8 30 840 1040 50
39 35 41 37 3567 3787 60
28 8 23 11 2774 2844 80
31 10 34 34 2230 2445 70
20 18 25 22 2771 2983 100
44 41 9 23 3724 3955 90
5 30 15 30 2196 2351 40
30 46 7 39 3482 3684 70
28 15 21 36 3783 3889 80
47 19 41 5 2727 2880 40
17 12 48 9 2089 2268 80
15 23 28 21 1312 1411 100
43 34 18 38 1274 1442 100
28 36 38 44 2707 2824 50
29 50 44 45 1313 1425 40
27 39 16 28 2007 2253 100
15 27 36 49 1767 1895 90
22 46 13 40 1208 1404 60
29 37 22 10 3776 3854 70
11 44 16 18 185 246 60
21 36 47 45 1553 1672 70
45 31 15 47 1826 2020 70
23 31 45 23 761 996 50
6 24 26 23 1310 1519 40
20 8 36 46 3267 3336 80
25 36 36 5 1091 1318 70
28 34 45 34 182 250 60
9 12 32 43 1725 1824 60
18 13 10 44 3809 3905 60
34 30 44 37 40 128 70
16 14 45 28 2481 2595 50
30 13 31 21 3134 3274 80
27 47 20 27 2395 2512 80
37 20 8 34 2402 2548 90
36 37 18 6 257 446 50
43 31 19 34 695 843 60
19 8 40 32 2716 2885 90
21 19 6 12 1679 1835 90
31 45 31 6 3803 3876 80
41 23 8 38 3751 3840 90
19 9 17 22 1860 1927 60
39 38 9 6 3906 4002 40
16 9 29 39 691 840 60
31 10 30 5 3780 3894 90
17 40 41 40 438 650 50
47 8 33 15 1594 1766 40
26 13 46 22 389 586 50
40 15 16 29 3664 3820 100
42 8 46 27 3917 4146 40
16 25 32 46 1893 1989 80
25 21 10 25 263 451 90
32 10 35 38 1306 1412 90
30 29 44 32 418 663 60
46 15 28 14 3652 3754 80
31 41 13 44 1087 1245 80
33 41 13 24 713 876 70
43 47 47 31 1743 1917 70
20 26 42 30 950 1138 80
30 11 9 30 1246 1390 60
42 29 5 28 2803 2887 50
21 15 21 18 459 516 50
33 19 33 43 65 302 100
13 46 11 48 3228 3392 80
37 20 24 13 1300 1358 40
36 30 19 39 1798 1869 60
29 12 22 6 954 1101 50
40 27 42 50 2954 3008 40
48 30 34 14 1104 1261 90
32 50 14 26 2166 2329 50
26 8 23 31 377 503 50
34 12 33 36 2733 2937 80
38 10 50 39 1690 1747 90
45 9 14 20 2430 2589 70
5 30 18 35 3687 3923 80
13 18 14 18 3366 3454 70
38 32 24 40 3944 4036 80
18 21 19 20 1308 1449 90
17 35 22 39 3904 4149 40
47 45 13 11 324 422 50
5 39 24 49 3753 3883 100
25 22 21 7 2087 2185 50
20 27 43 33 3596 3760 70
50 36 27 5 2402 2582 50
31 24 16 21 1767 1896 80
47 26 24 37 3037 3275 70
26 7 33 10 1681 1782 80
18 18 47 39 2323 2544 40
15 27 36 45 1031 1266 40
50 16 28 50 2182 2349 50
34 21 33 34 2308 2521 60
42 23 21 5 3362 3607 100
41 30 29 19 56 199 100
22 9 50 41 2148 2311 60
6 8 28 24 1209 1272 70
40 12 15 7 1966 2156 80
21 46 25 38 2675 2834 70
31 41 6 22 1196 1297 60
26 32 21 16 3194 3248 40
15 22 23 38 1643 1708 70
46 23 6 11 3535 3654 50
48 8 47 31 2037 2087 40
42 32 27 8 2410 2604 100
19 8 35 26 1822 1936 50
38 15 23 6 97 193 80
25 16 37 47 790 863 40
42 40 42 16 2174 2418 70
10 25 37 43 376 595 70
5 21 20 27 3879 4036 40
50 35 50 33 2981 3093 50
8 33 28 9 366 569 60
26 36 32 14 3235 3419 70
43 39 32 6 1651 1863 50
10 25 37 36 3673 3828 60
21 23 21 41 2864 2950 90
27 33 7 47 692 763 50
48 45 23 39 835 907 60
17 9 24 17 598 728 100
38 10 15 46 1648 1710 70
9 23 11 43 3562 3703 80
49 45 17 47 2771 3018 80
20 46 24 49 2444 2596 50
12 18 20 14 1329 1464 40
46 47 20 13 1094 1207 60
5 6 20 17 1119 1240 100
47 37 14 42 1717 1795 70
16 40 31 48 3644 3886 70
13 41 9 20 2159 2321 80
16 38 15 44 3686 3769 80
33 6 13 24 2401 2577 60
13 28 44 14 723 889 80
11 41 40 23 1553 1627 60
49 32 14 20 2703 2898 90
18 43 50 24 1844 2081 40
22 23 30 21 3165 3386 50
35 36 14 46 951 1010 70
48 35 15 30 2585 2793 80
19 41 30 5 1080 1155 80
8 5 20 30 1772 1918 40
26 38 44 21 1856 2003 90
20 10 48 38 1430 1563 50
7 15 24 5 2006 2213 100
16 9 46 20 1697 1939 100
41 35 32 33 2728 2951 80
19 43 27 48 241 316 90
49 21 23 41 2931 3096 50
40 9 39 18 105 311 70
14 25 39 44 433 651 90
22 26 44 14 3795 4043 40
44 19 9 11 2188 2433 100
8 6 34 33 3023 3209 70
16 33 16 5 227 465 100
42 9 35 24 2160 2370 100
45 5 47 29 134 317 100
17 35 26 31 2944 3109 100
44 22 31 12 2360 2576 70
38 23 7 19 3285 3418 60
8 15 25 40 726 928 70
44 22 23 26 3526 3762 90
31 36 14 45 1120 1260 60
17 20 10 17 1937 2158 90
14 26 19 43 2723 2954 60
16 17 43 37 3525 3757 100
6 35 48 40 1203 1345 80
17 25 25 50 152 360 40
49 11 40 44 3479 3536 40
29 29 33 23 3246 3493 70
14 14 32 17 953 1083 40
31 46 27 45 3287 3439 60
42 45 36 14 1316 1441 70
5 5 47 49 2097 2304 100
39 34 36 13 3176 3422 70
14 18 23 9 953 1097 60
14 48 46 24 2240 2347 60
36 34 24 22 296 515 80
23 25 8 40 90 290 70
26 29 27 9 2372 2595 80
17 23 22 31 102 330 100
15 32 10 13 3274 3499 40
28 30 35 35 2295 2412 50
12 46 45 48 3560 3743 90
7 7 46 36 1912 2032 80
14 5 26 43 1377 1585 70
44 48 45 14 3179 3322 40
25 48 17 36 2232 2390 40
36 27 46 46 606 832 70
34 41 15 47 954 1022 60
11 39 5 15 1632 1864 90
11 18 36 31 952 1074 50
23 30 5 5 1751 1884 70
26 32 40 46 717 772 70
19 20 12 28 2402 2630 80
43 32 10 17 1027 1270 90
49 10 5 43 1610 1663 90
28 42 13 14 3793 3999 50
18 14 35 26 760 856 90
30 41 43 12 971 1021 100
35 6 12 49 1610 1744 40
28 27 10 9 3494 3547 90
41 35 12 12 623 790 70
31 20 38 27 2170 2237 70
26 15 48 50 1403 1653 100
12 40 38 21 3089 3227 40
42 9 35 38 1635 1834 90
9 21 21 44 1562 1726 40
35 33 17 42 2632 2788 70
36 48 30 48 2303 2408 90
26 35 42 5 3600 3678 50
44 35 38 32 3888 3971 90
13 15 34 11 2484 2648 70
22 32 13 16 607 853 100
25 7 13 48 1651 1865 70
17 17 6 45 2165 2292 60
42 29 33 37 2603 2679 40
36 24 23 9 1917 2074 100
12 17 43 32 957 1058 90
34 39 9 8 1144 1389 60
19 8 44 22 2708 2856 80
14 44 47 22 1002 1156 80
47 50 31 10 3985 4103 100
11 19 50 10 960 1012 40
49 40 12 33 667 850 100
17 28 16 20 2924 2975 90
46 42 20 6 1332 1397 90
16 8 34 42 2335 2476 90
33 35 23 42 1060 1161 50
45 8 35 44 1226 1400 60
10 45 37 33 988 1227 50
15 38 30 45 3791 3863 60
50 24 13 32 1209 1374 100
48 15 7 14 3231 3397 80
16 5 25 19 3753 3924 100
11 18 22 6 3812 4030 60
22 30 34 49 917 1054 70
26 31 49 41 1081 1253 80
27 17 44 26 2040 2194 40
28 50 19 47 3747 3972 100
40 10 49 50 3797 3911 60
44 14 29 13 1575 1645 50
15 42 24 38 3534 3643 60
12 11 45 40 1401 1504 70
20 46 26 33 1837 1985 80
46 41 29 6 947 1195 40
45 6 49 16 3156 3306 100
8 29 32 23 2064 2128 100
44 34 16 22 2579 2679 60
42 33 34 24 2985 3159 90
23 44 9 19 3275 3371 40
18 24 45 10 3051 3102 40
5 38 35 33 2517 2631 70
7 36 24 42 1413 1653 40
6 18 28 11 2536 2702 70
40 16 6 47 1750 1985 40
40 8 7 19 3737 3830 90
39 14 39 22 2934 2999 100
45 38 47 35 268 342 80
35 38 45 8 3539 3764 80
45 17 17 13 0 229 80
8 16 29 26 1527 1671 70
5 38 6 40 3268 3486 50
33 26 12 29 2493 2739 80
30 36 35 36 3169 3381 90
44 30 43 48 2245 2342 100
36 45 48 22 235 457 40
41 19 20 45 36 181 90
7 6 22 48 3555 3693 90
18 9 8 48 477 637 100
29 49 19 9 2330 2508 90
15 49 36 46 2738 2851 50
17 31 20 41 925 1023 50
35 24 6 12 2046 2207 50
47 28 39 8 3950 4105 90
25 44 31 25 79 225 90
33 10 23 42 1655 1717 50
13 11 12 12 3074 3298 100
16 23 19 5 3073 3174 100
19 33 47 25 3169 3255 100
47 40 23 25 1548 1699 60
19 35 15 11 2193 2443 60
20 29 36 24 1416 1503 40
7 45 39 35 3311 3493 90
10 34 29 46 2400 2647 50
49 46 32 15 2224 2444 60
16 19 37 16 3521 3699 100
19 30 36 50 852 1001 100
49 29 14 15 657 894 70
31 15 42 12 1069 1205 50
14 48 22 49 2662 2801 70
43 13 9 13 634 878 40
37 29 45 34 1275 1347 60
25 49 15 44 3524 3637 40
34 18 35 31 1510 1732 90
36 31 11 10 3197 3359 100
14 49 46 25 1394 1643 50
45 5 40 17 2585 2635 50
26 12 39 22 3891 4030 60
32 45 12 21 1985 2047 60
18 13 40 27 3347 3398 70
28 43 39 30 264 404 90
27 50 39 27 1004 1250 80
43 38 12 8 3588 3785 70
39 42 17 32 119 343 60
10 35 35 5 2600 2691 40
46 32 49 44 472 600 40
15 40 6 8 2235 2415 60
30 12 47 22 2546 2723 80
14 19 19 29 1163 1365 100
23 26 10 38 3451 3669 60
18 29 35 34 421 655 50
36 9 9 22 171 274 80
39 22 41 6 3084 3268 80
14 38 22 50 583 648 90
32 12 47 43 2358 2528 80
18 44 23 27 2091 2294 70
45 14 46 50 113 234 90
12 26 12 34 1465 1519 80
27 30 25 30 2098 2205 100
33 5 24 25 1898 2007 60
48 35 33 20 1637 1709 80
26 24 23 25 2072 2313 70
45 48 47 22 1309 1387 50
30 7 23 24 1666 1839 40
12 6 25 27 1411 1638 70
21 20 18 9 2351 2463 80
46 12 40 43 273 469 80
38 44 29 40 1459 1690 90
23 6 22 23 3751 3822 50
26 45 36 41 3733 3856 70
32 38 31 26 1852 2044 80
5 22 19 44 3234 3366 50
14 22 18 38 2128 2357 70
46 49 46 13 1087 1306 50
47 39 37 16 3099 3301 50
41 43 34 41 2099 2242 50
21 20 23 49 1088 1164 70
41 29 27 35 1027 1146 60
45 21 35 35 649 755 50
39 41 35 7 3726 3855 70
12 27 32 30 3449 3661 90
43 18 27 43 3015 3100 60
46 35 10 18 1869 1930 60
6 25 5 8 1331 1432 40
33 25 20 5 418 654 60
38 49 12 38 2875 3071 60
19 6 8 27 1394 1524 80
45 10 34 42 2228 2398 70
22 42 30 8 2109 2204 40
8 47 17 41 2528 2658 80
13 50 16 34 232 452 80
16 9 35 23 2239 2478 40
31 45 30 30 2199 2379 70
27 32 29 17 3121 3305 100
48 38 21 24 3848 3915 80
18 37 26 26 3816 3911 100
9 13 25 42 2230 2374 100
45 14 6 34 81 137 60
10 24 34 42 2581 2658 90
36 13 11 32 2404 2526 60
24 5 30 30 1571 1705 100
32 34 23 12 3542 3702 70
15 31 8 42 2087 2240 50
26 46 27 15 2325 2526 40
17 31 5 44 1344 1554 90
29 33 24 19 227 398 50
40 35 20 48 2471 2535 60
31 10 49 5 1938 2005 70
20 35 27 15 2156 2321 60
13 27 31 8 471 531 90
22 27 33 37 1451 1555 80
35 20 38 20 3792 4031 90
48 30 11 22 2406 2624 70
32 9 47 35 2926 3097 100
30 15 43 12 3817 4016 70
11 42 8 8 1309 1416 90
15 12 35 38 924 1051 90
34 49 47 16 2049 2209 90
23 7 27 39 1673 1898 60
50 50 42 47 1975 2051 70
6 40 25 42 2235 2466 90
11 18 25 10 3064 3228 50
36 49 43 36 660 874 90
40 21 37 41 302 425 80
49 27 36 18 1801 1949 100
15 20 9 28 77 244 40
50 19 18 50 55 295 90
49 44 20 22 1390 1609 100
48 14 9 6 2519 2717 40
49 7 28 8 1231 1411 90
49 43 28 32 646 791 40
39 34 47 6 548 626 40
50 20 42 10 3597 3647 80
13 45 20 42 701 804 80
42 29 7 45 499 580 100
20 29 38 42 2166 2303 90
6 20 36 38 702 793 40
6 35 42 5 857 970 90
43 8 23 21 172 421 60
14 11 15 5 3055 3187 60
24 20 5 9 3624 3778 60
46 13 35 23 1127 1338 50
8 8 11 13 1889 1945 60
10 9 22 32 2799 2888 100
20 30 27 43 2250 2490 80
27 17 15 21 288 444 40
21 24 40 20 93 205 70
32 17 41 18 3049 3148 40
