50
66 96 97 50 546 972 700 
34 61 35 37 133 960 271 
42 32 92 51 345 951 434 
98 92 60 93 680 1109 424 
30 79 83 22 14 516 590 
44 58 93 26 675 1038 906 
74 25 53 38 30 1021 849 
28 21 94 73 591 986 872 
86 24 99 21 562 807 184 
25 26 61 32 277 1184 584 
70 77 26 54 238 705 357 
25 51 53 93 216 1080 338 
33 70 64 92 557 955 645 
67 86 82 52 712 1065 410 
99 87 47 41 135 594 464 
44 50 80 28 74 804 354 
73 91 75 62 156 1057 245 
91 48 48 64 363 854 822 
94 21 78 79 415 978 231 
20 49 72 70 488 1133 654 
99 78 89 57 344 896 165 
76 89 48 23 530 964 186 
70 77 84 81 715 1075 808 
81 61 47 91 382 1091 758 
81 92 83 33 72 574 239 
92 22 72 60 588 1101 805 
69 33 72 21 235 712 301 
38 82 56 30 714 1145 544 
66 89 37 28 200 543 947 
45 26 64 39 234 578 408 
89 85 47 67 525 1005 688 
33 29 90 34 626 1022 784 
38 65 65 21 210 938 294 
42 99 49 43 41 882 184 
98 49 60 22 415 1072 257 
64 54 36 43 412 960 603 
33 68 22 48 579 846 849 
53 71 77 93 457 914 124 
46 35 27 53 346 840 304 
37 81 36 28 648 1145 885 
34 24 42 89 159 1098 645 
59 66 87 65 535 1114 690 
64 87 89 31 411 917 992 
35 49 22 26 359 622 619 
34 88 73 23 424 787 180 
70 79 45 81 262 1152 800 
66 68 57 89 140 635 107 
70 21 77 33 54 1081 396 
84 49 51 75 184 741 489 
74 40 97 51 9 453 236 
