200
20 22 28 26 938 1077 85
21 28 20 27 1499 1634 81
14 15 12 14 3151 3240 60
20 24 22 17 1738 1849 69
30 28 31 31 502 657 91
10 15 10 14 3617 3702 53
17 13 16 13 3101 3207 62
17 13 17 12 2953 3051 64
28 25 26 22 1032 1182 85
23 20 26 26 1765 1900 77
23 16 20 21 2150 2265 65
11 10 10 14 3542 3615 57
28 32 32 22 928 1075 87
26 30 34 36 0 165 95
13 17 17 17 3065 3160 60
28 34 33 32 450 608 91
14 16 15 12 3471 3562 52
28 29 24 27 481 632 91
15 11 14 14 3558 3652 53
16 17 20 17 2901 3019 60
29 31 31 32 450 616 91
23 23 29 28 745 894 87
11 12 11 10 3543 3616 53
16 13 15 17 2892 2991 57
13 14 11 13 3612 3693 52
10 14 13 14 3520 3605 55
14 18 17 18 2896 3003 64
20 18 19 16 2291 2399 63
11 10 15 13 3501 3584 49
26 17 21 20 1893 2019 75
30 28 27 33 0 149 95
21 21 16 22 2462 2583 65
12 17 14 16 2946 3038 60
15 19 18 16 2337 2454 64
19 16 18 16 2832 2942 62
31 23 22 30 685 820 89
11 10 11 15 3543 3614 50
13 10 15 14 3545 3633 58
10 11 12 14 3532 3622 54
13 14 12 14 3635 3726 58
16 17 19 19 2755 2874 66
24 23 25 25 1227 1364 83
28 21 27 26 795 944 87
20 23 27 24 1720 1862 79
25 21 25 28 1330 1470 81
14 14 12 14 3588 3675 53
22 17 19 21 2481 2584 62
20 21 26 23 1436 1563 81
13 12 14 11 3512 3605 52
10 12 15 11 3660 3741 54
17 16 18 16 3054 3169 59
14 19 13 17 2804 2896 67
11 11 10 13 3497 3585 50
12 10 11 13 3576 3647 52
11 10 11 15 3629 3702 57
13 15 12 10 3689 3767 49
12 15 16 16 3062 3165 61
15 11 11 13 3549 3623 54
32 28 25 28 456 610 91
17 15 14 18 2862 2970 61
19 22 28 28 1448 1577 81
20 16 14 18 2748 2842 57
10 12 15 13 3672 3757 58
13 18 15 13 3037 3130 65
22 21 28 26 1228 1368 83
23 22 23 22 1753 1874 77
19 25 24 25 1848 1983 77
22 20 18 18 1765 1867 75
13 12 15 15 3551 3638 52
15 11 12 11 3686 3784 51
21 28 32 22 789 921 87
14 16 18 12 3069 3170 57
16 20 16 15 2742 2847 64
18 16 19 19 2491 2594 71
10 12 15 10 3580 3676 51
31 28 33 28 279 439 93
18 20 16 17 2176 2286 71
23 20 20 26 1141 1277 79
12 12 15 15 3522 3610 58
14 16 16 13 3118 3202 60
13 14 14 13 3532 3619 57
17 22 18 16 2232 2333 67
29 20 25 30 997 1145 85
10 15 11 13 3690 3785 53
19 19 16 23 2128 2243 70
24 28 26 28 1139 1287 83
27 19 24 19 1677 1803 78
20 20 16 17 2827 2943 63
15 12 14 11 3544 3645 55
28 28 25 24 1096 1231 85
15 14 12 15 3602 3703 58
14 12 14 13 3565 3664 58
22 17 19 19 2211 2337 73
18 19 19 17 2469 2588 67
19 26 17 18 1739 1855 71
28 22 27 25 1178 1313 83
29 26 33 32 294 446 93
12 15 11 15 3592 3679 49
11 10 15 10 3531 3609 53
18 26 23 26 1544 1677 79
14 14 13 15 3549 3643 59
27 24 26 25 801 932 87
18 17 20 16 2831 2934 59
23 21 18 20 1857 1977 67
17 22 23 18 2282 2394 63
33 29 24 32 564 710 89
32 26 26 26 0 147 95
15 15 14 12 3051 3147 57
23 25 24 24 363 487 91
17 16 12 14 3118 3212 62
11 13 11 12 3587 3673 49
10 13 11 14 3630 3713 54
13 16 13 20 2763 2854 60
14 12 13 16 2965 3058 60
29 24 32 22 670 825 89
20 20 21 20 2417 2527 71
32 23 23 25 833 960 87
26 18 22 20 1752 1869 73
10 11 11 10 3543 3629 52
14 10 12 14 3540 3624 56
20 22 20 20 2478 2600 64
28 35 35 34 308 478 93
13 12 14 10 3639 3715 54
15 15 17 17 2532 2639 67
13 11 15 11 3631 3726 57
17 18 22 18 2275 2383 64
17 17 13 13 2973 3070 58
17 17 21 19 2164 2279 63
16 15 22 15 2462 2559 65
12 12 15 11 3520 3608 58
16 13 18 17 3087 3198 63
20 19 17 14 2563 2664 69
15 12 14 14 3097 3194 57
10 10 14 11 3632 3716 49
21 20 19 20 2421 2536 63
22 17 16 17 2269 2368 72
14 10 15 13 3641 3722 51
24 32 35 34 330 484 93
20 26 25 28 1443 1579 81
27 28 25 23 681 825 89
10 10 15 13 3660 3756 49
15 15 19 18 2326 2420 71
33 34 24 26 482 638 91
26 22 22 20 1826 1957 77
13 12 15 12 3600 3679 58
20 17 20 16 2436 2539 70
29 22 29 26 664 799 89
21 29 23 23 1274 1418 83
14 19 20 19 2880 2987 66
11 10 15 11 3578 3657 53
10 14 12 10 3598 3689 50
11 12 11 11 3634 3712 51
17 19 19 21 2420 2520 69
13 12 14 11 3569 3645 59
28 27 32 25 532 683 91
18 19 17 22 2391 2504 66
19 25 20 22 1578 1713 73
27 29 29 27 670 820 89
19 22 22 21 1586 1703 78
17 19 19 16 2862 2963 64
21 23 25 30 1046 1185 85
18 19 18 21 2456 2564 70
27 20 21 26 1052 1190 85
28 26 23 21 1312 1455 83
29 27 28 23 1189 1331 83
13 13 13 10 3544 3636 58
12 14 12 15 3670 3758 52
26 26 24 27 1249 1390 83
15 12 10 12 3555 3651 53
14 13 18 16 2921 3006 56
19 16 17 16 2156 2254 64
20 21 26 29 994 1122 85
25 36 30 36 0 156 95
19 23 23 21 2242 2360 72
15 11 11 14 3497 3583 59
15 15 17 12 3021 3109 56
25 28 23 26 1400 1541 81
15 13 14 17 2925 3012 59
15 12 10 15 3510 3599 51
26 18 20 18 1838 1959 69
23 20 22 20 2031 2158 66
23 18 20 17 2314 2425 65
21 19 25 24 1789 1910 77
13 15 15 15 3564 3662 55
28 22 29 27 715 848 89
14 14 17 13 2785 2881 57
18 21 17 21 1848 1967 75
34 33 33 26 438 588 91
14 12 14 18 3089 3179 65
14 12 12 10 3662 3738 51
10 10 14 10 3614 3692 50
16 16 18 16 3029 3137 57
19 22 26 24 1684 1808 79
13 18 18 16 3080 3194 61
10 11 12 15 3542 3632 52
13 14 15 14 3681 3781 55
27 26 18 22 1622 1763 79
24 29 24 31 0 154 95
26 29 26 30 726 884 89
17 16 15 16 3053 3161 57
