200
98 45 44 48 475 764 353
20 30 52 23 7942 8157 227
91 81 71 54 590 979 365
29 48 92 64 214 679 388
91 22 14 96 1330 1784 308
53 38 46 52 9031 9220 300
75 76 44 11 3904 4144 269
52 96 19 63 915 1146 178
42 73 82 21 2558 2781 240
22 80 68 100 5231 5539 153
26 62 51 91 4251 4631 214
58 84 11 18 4718 4909 171
33 83 80 26 6296 6518 387
53 50 50 67 103 477 176
53 91 27 11 3676 3922 220
98 35 41 42 80 442 296
26 48 13 55 9791 10204 261
50 36 64 29 432 616 284
97 20 54 20 1333 1613 230
22 43 15 27 4009 4144 172
66 80 47 34 3292 3776 312
27 91 19 57 639 878 340
60 48 57 99 5672 5967 246
16 95 55 86 9609 9972 382
43 70 27 73 5212 5611 202
17 18 43 50 3547 3677 179
96 45 30 92 971 1259 309
15 33 48 58 138 304 330
16 66 55 89 2716 3155 335
15 50 23 75 1301 1508 273
77 60 18 76 2438 2917 379
34 83 52 81 1089 1628 385
95 10 12 10 6129 6355 324
17 89 54 76 756 1076 335
58 77 88 96 1163 1525 230
81 28 36 32 2595 3012 370
56 73 33 37 4958 5247 368
37 100 48 32 1037 1327 168
17 46 71 98 6147 6457 187
42 38 32 40 204 675 222
13 52 43 50 1268 1440 258
81 42 25 98 3790 4138 254
61 17 50 27 458 802 213
44 21 31 54 584 743 206
73 24 67 88 530 844 307
47 69 81 57 6401 7063 360
27 50 18 48 563 800 244
84 88 42 73 4239 4526 301
34 26 36 10 2304 2621 363
40 27 60 41 1308 1492 188
46 69 42 53 1593 1847 299
88 100 53 64 42 365 212
65 64 75 66 476 889 304
74 22 79 93 499 978 269
49 90 78 46 1457 1841 236
41 86 44 78 4893 5268 180
58 55 21 83 1846 2072 300
46 34 31 68 4232 4790 243
20 63 35 91 708 994 150
60 77 39 81 2706 2994 303
38 86 55 56 1773 2519 186
52 34 33 79 986 1336 234
34 35 99 81 2835 3091 249
57 19 25 56 1050 1640 225
83 64 30 32 10395 10897 358
60 81 49 20 70 340 356
16 91 74 62 4713 5269 258
82 53 68 47 1009 1341 300
80 71 14 94 6288 6571 309
58 58 19 43 229 570 217
31 74 62 24 4277 4653 272
25 89 90 41 3270 3568 263
89 19 54 15 1187 1430 215
61 98 11 78 1792 2044 313
25 35 50 22 1182 1348 253
94 53 86 99 878 1685 267
68 20 98 99 354 839 387
60 91 29 94 2981 3333 354
20 53 50 30 72 366 216
77 82 65 84 1853 2228 349
52 22 51 15 1191 1695 168
39 78 65 10 8075 8287 313
99 61 40 90 3752 4113 166
89 92 80 87 1077 1451 239
44 84 52 74 6032 6298 223
61 76 52 81 2439 3045 163
40 64 18 25 4534 4742 374
75 16 65 57 8337 8623 246
59 96 97 41 2237 2818 297
26 60 100 66 5545 6319 237
60 10 11 96 35 546 280
91 97 65 49 5317 5790 327
83 47 75 14 10718 10942 394
19 53 69 65 4945 5283 388
21 66 78 74 1211 1546 219
87 46 36 29 3124 3357 286
43 49 13 56 7398 8066 330
62 72 54 51 6171 6628 175
92 98 23 85 1171 1513 248
28 49 36 11 377 976 305
57 57 80 80 597 879 379
68 26 86 22 2344 2743 383
59 13 55 38 1041 1437 370
84 48 24 61 1382 1691 263
37 35 55 41 9859 10330 199
66 81 85 12 3775 4193 214
89 60 69 80 8400 8835 193
22 83 69 72 682 1079 204
92 67 27 58 9845 10333 379
11 42 27 61 482 866 338
66 58 80 67 580 1260 332
15 22 93 82 3310 3594 366
17 35 29 99 3036 3277 350
69 89 95 76 63 455 183
86 68 45 88 1428 1735 297
47 35 75 24 1524 1818 155
83 70 61 79 7137 7576 284
38 88 81 73 506 843 159
58 86 14 80 2786 3059 163
28 56 47 13 4981 5190 357
37 18 41 45 5 640 367
74 38 18 79 2222 2698 399
27 31 33 46 1917 2235 160
33 62 34 98 6782 7039 311
11 66 61 78 1724 2063 335
13 16 67 80 593 1166 320
86 69 15 27 389 737 268
87 34 80 43 2804 3158 354
83 70 96 42 7518 7913 361
85 77 28 44 2103 2727 182
67 17 12 20 3548 3714 220
73 67 14 12 7161 7764 321
71 60 38 89 781 1194 347
54 67 50 19 2404 2761 369
82 29 61 69 2826 3342 290
65 81 75 14 323 653 370
54 36 50 30 4489 4692 349
19 79 98 80 5886 6189 291
84 60 86 16 475 931 318
87 68 23 66 2733 3326 330
68 22 15 84 377 576 231
23 88 64 33 75 680 374
76 83 37 16 1222 1439 286
55 52 19 76 108 736 400
89 67 23 21 1788 2386 171
30 86 73 84 2023 2315 273
35 75 55 19 385 671 208
22 52 90 54 376 809 249
40 70 97 82 4146 4768 202
88 92 96 52 847 1218 184
34 84 64 48 2648 2913 190
19 30 43 82 5254 5569 298
70 10 46 35 4020 4491 389
11 90 82 59 8156 8642 292
70 24 70 92 2993 3565 280
42 11 12 80 5883 6040 325
38 100 42 56 9018 9275 162
71 20 59 61 8040 8252 181
73 30 57 81 5348 5631 392
38 96 16 97 3554 3858 308
18 87 64 90 5262 5859 239
79 48 53 87 630 903 270
14 51 27 73 2088 2294 262
14 10 95 89 2697 2987 238
69 75 81 78 1226 1665 390
33 23 38 59 715 931 299
10 63 76 12 250 597 301
100 80 91 19 360 924 188
53 30 32 58 345 539 399
43 68 64 30 6894 7111 277
98 20 33 16 7247 7729 292
63 86 84 55 1262 1813 376
16 61 55 54 7075 7484 241
44 66 23 64 1762 2101 368
59 47 99 73 1090 1432 159
22 32 74 33 6628 7041 260
77 41 78 60 355 627 264
52 40 69 51 3084 3300 155
63 100 94 46 1060 1655 211
23 36 46 96 3176 3511 303
38 95 94 75 2693 3124 280
84 93 72 69 143 481 241
94 20 91 41 5168 5536 214
82 51 57 79 2652 2943 304
39 62 66 60 492 939 226
21 65 94 90 1029 1530 163
79 95 66 13 528 1000 329
46 91 60 75 5837 6157 305
30 87 98 61 102 400 282
90 27 64 47 1130 1438 253
30 13 34 51 7404 7723 194
70 21 85 39 7157 7408 256
31 62 93 20 3683 4334 216
95 63 55 85 3494 3971 311
52 87 19 63 492 883 258
69 82 83 64 4301 4722 298
60 98 25 94 14 520 159
95 17 100 60 1854 2165 282
13 99 98 75 8685 9031 160
46 83 33 91 281 753 196
