500
33 34 23 26 1337 1530 91
18 16 12 12 7629 7758 64
21 22 21 27 2197 2404 87
25 31 30 33 1601 1797 89
29 28 25 26 2738 2953 85
14 14 11 12 8926 9089 57
26 29 20 29 3275 3480 83
17 17 15 18 7322 7483 61
10 13 15 11 9137 9285 58
21 21 18 19 6190 6385 62
16 19 16 22 5708 5851 73
21 21 19 21 5477 5656 67
19 27 23 23 4116 4269 79
13 14 14 15 8885 9042 59
15 12 18 13 7663 7834 63
27 29 32 29 0 220 95
26 20 28 21 3005 3175 83
27 28 33 32 1000 1242 91
29 20 22 28 2959 3146 83
14 16 17 16 7328 7514 59
15 14 13 11 8826 8963 59
18 13 13 15 7723 7889 61
20 25 24 27 3039 3203 83
12 11 15 13 8965 9089 49
23 33 27 34 1240 1452 91
17 15 18 18 7107 7251 57
19 21 22 21 4355 4549 71
12 17 17 13 7746 7915 65
22 18 18 21 5187 5348 70
33 34 35 32 771 1024 93
14 10 13 11 9160 9271 53
11 15 15 13 9085 9208 49
15 10 14 12 9125 9289 55
17 18 17 15 7645 7795 65
11 10 13 15 9162 9317 57
20 24 27 18 3865 4045 71
15 15 13 10 8756 8928 54
13 12 12 15 8992 9106 50
14 19 21 21 6494 6644 68
21 19 22 22 4684 4881 76
15 13 15 15 7627 7750 65
33 32 28 25 899 1135 91
12 18 12 17 7288 7463 60
15 11 10 10 8977 9135 56
19 21 25 21 4502 4711 72
33 27 25 28 1314 1501 91
13 15 12 14 7585 7720 59
13 12 11 13 8871 9006 53
29 25 26 31 477 702 93
29 34 26 26 762 976 93
23 20 28 29 2703 2899 85
15 12 14 13 9096 9251 51
28 31 25 27 619 843 93
26 27 33 25 429 624 93
29 32 22 26 1584 1781 89
15 11 14 10 8771 8903 54
24 23 17 17 4563 4736 72
11 13 12 15 9202 9352 55
12 13 14 10 8853 8998 49
21 28 25 23 2842 3040 83
25 17 21 18 4536 4689 71
13 17 14 15 7522 7662 59
17 17 19 16 5596 5772 63
21 18 21 16 6194 6349 61
12 14 17 15 7710 7861 61
24 33 29 32 1678 1918 89
22 22 21 22 6126 6331 66
15 14 14 14 7504 7636 57
21 24 24 22 4569 4724 77
14 11 10 14 9055 9172 50
32 33 22 23 1638 1868 89
13 13 10 12 8921 9040 51
23 17 26 17 4518 4724 73
19 21 25 21 3401 3562 78
13 14 15 18 7585 7733 58
15 21 19 15 5971 6161 62
13 14 13 15 9168 9284 58
28 21 21 26 3772 3939 81
14 12 11 14 9106 9227 55
34 32 27 29 0 185 95
11 10 13 11 9027 9165 59
10 15 14 14 8945 9076 57
22 23 26 29 2883 3087 83
18 16 17 13 7656 7790 60
12 15 17 13 7408 7563 56
21 26 24 20 2910 3111 83
21 23 21 23 5659 5870 72
18 18 19 23 5692 5845 69
15 13 16 14 7461 7607 63
26 23 31 31 1390 1613 89
27 23 22 21 3212 3394 83
33 35 29 25 0 186 95
10 13 14 14 8880 8997 51
22 24 24 22 2931 3143 83
12 14 14 14 9146 9282 53
13 13 13 14 8940 9063 54
18 16 17 16 7759 7895 56
17 12 16 13 7423 7578 56
21 29 31 27 1918 2121 87
11 12 11 13 9142 9298 49
10 13 14 10 8977 9119 52
15 11 10 14 9117 9278 50
27 23 24 21 4131 4331 79
12 11 12 13 9239 9398 49
23 30 25 33 1414 1590 89
10 10 12 14 8796 8955 50
14 14 12 13 9033 9198 57
23 25 23 26 2814 3026 85
17 20 22 21 6229 6408 64
22 20 25 21 4420 4592 73
13 12 12 14 8843 8980 49
15 12 12 15 8993 9134 54
18 18 22 21 4722 4891 67
16 17 13 14 7665 7844 64
12 13 11 14 9123 9289 53
26 26 25 24 3306 3518 83
17 22 16 21 5872 6017 61
14 15 17 16 7497 7679 61
33 31 23 25 1288 1488 91
14 12 14 13 9243 9369 57
13 15 12 11 8945 9060 53
15 14 13 11 9006 9155 49
27 27 19 19 4214 4403 79
13 18 18 17 7473 7639 57
17 20 21 23 4633 4779 77
16 19 21 19 5926 6075 64
19 22 23 19 4554 4718 72
21 19 22 20 5843 6023 62
11 11 12 13 8987 9132 55
16 22 22 21 5999 6188 61
14 14 15 10 8756 8909 53
12 18 15 15 7467 7615 65
19 22 19 19 6153 6331 67
31 27 33 31 1649 1857 89
16 17 14 16 7464 7621 60
13 17 12 15 7357 7484 62
14 18 15 15 7289 7439 63
14 10 14 15 8966 9103 53
18 15 18 15 7509 7671 63
24 29 27 34 541 764 93
22 17 19 18 5782 5950 70
14 17 13 16 7291 7443 56
14 18 17 15 7479 7630 64
17 17 15 17 6286 6471 66
14 11 13 13 9231 9382 51
13 10 11 13 9048 9192 54
19 18 19 25 4468 4613 69
21 25 24 24 2347 2550 85
15 17 16 14 7453 7593 57
16 20 15 21 6183 6318 68
26 21 27 28 3265 3451 83
23 20 18 19 5470 5635 70
17 19 15 20 5937 6102 66
24 21 23 24 3544 3703 81
15 11 14 14 9124 9253 59
13 13 14 12 9237 9406 52
18 17 21 23 4614 4802 73
26 17 23 26 4320 4491 77
16 15 15 12 7501 7668 61
27 28 20 22 3812 4024 81
23 24 25 19 4153 4364 79
21 16 15 22 5811 5982 66
14 12 16 18 7368 7541 61
22 17 24 22 4636 4828 67
18 21 22 20 5162 5361 67
24 30 31 27 2325 2522 87
30 26 23 25 1673 1863 89
19 22 18 16 6140 6299 71
16 22 19 21 6238 6434 69
20 16 17 22 5895 6058 68
17 26 19 21 4412 4606 71
11 13 14 13 9169 9310 53
22 26 21 23 4558 4765 77
23 23 19 21 4099 4285 77
15 10 14 10 8857 9012 54
18 13 15 16 7299 7479 60
34 34 31 32 851 1077 93
24 23 20 28 2553 2717 85
22 17 18 20 5429 5583 69
23 26 30 23 1739 1939 89
20 26 21 25 4792 4957 77
26 31 34 32 832 1075 93
22 19 17 21 5980 6137 62
10 13 13 10 9182 9330 54
12 15 14 13 7602 7736 59
28 27 25 26 1026 1217 91
27 21 26 22 3972 4178 79
22 19 20 17 6083 6278 65
11 12 12 11 8832 8990 58
20 20 28 25 2855 3010 83
19 16 18 21 6244 6425 66
25 23 24 23 4773 4944 77
11 13 12 10 9001 9138 58
32 33 29 22 1713 1913 89
16 15 16 20 5915 6050 64
10 12 13 14 8795 8966 52
10 11 13 13 8977 9141 52
20 15 15 20 6279 6445 68
21 20 17 21 5943 6104 66
26 28 25 22 2843 3031 83
13 14 14 12 9185 9332 52
16 17 14 12 7706 7828 63
20 21 15 16 6251 6413 67
30 35 30 30 0 244 95
21 29 29 20 3181 3394 83
13 12 11 11 9227 9349 55
20 20 22 16 6273 6470 67
25 33 30 28 1504 1731 89
14 18 18 16 7728 7862 61
14 12 10 12 9228 9373 49
22 26 23 21 3269 3452 83
10 11 13 13 8961 9121 59
33 26 27 22 1802 2001 89
13 13 12 13 7474 7645 62
22 25 18 25 4779 4930 77
14 13 13 10 8787 8909 51
12 17 16 15 7382 7528 62
14 10 12 14 8766 8897 49
21 22 24 29 2983 3179 83
13 11 12 12 8986 9118 56
13 14 15 13 9070 9202 49
29 25 20 21 3017 3235 83
25 30 22 29 1540 1761 89
12 13 17 18 7346 7491 56
12 13 12 13 8822 8948 49
15 15 15 19 6017 6201 68
25 18 22 23 4422 4632 75
11 12 13 10 9038 9198 53
10 15 14 10 8912 9068 54
11 10 13 14 8816 8953 52
21 20 20 25 3040 3214 83
18 15 15 12 7586 7727 61
20 18 22 21 6118 6264 62
17 21 15 18 6282 6445 63
12 16 15 16 7354 7533 56
13 13 14 13 9054 9230 58
17 17 12 17 7666 7842 57
18 22 26 22 4479 4659 70
26 23 27 25 2527 2745 85
33 32 35 25 0 213 95
17 18 14 18 7385 7546 60
16 18 21 20 5913 6090 62
24 27 25 21 3400 3606 81
17 15 15 16 8182 8338 60
21 21 19 18 6080 6232 63
25 19 22 20 4146 4326 74
32 22 27 23 1440 1662 89
20 19 19 17 4810 4958 66
24 22 26 23 2741 2935 85
11 15 11 15 8924 9062 57
22 27 19 24 3881 4055 79
13 15 12 18 7699 7874 56
26 30 29 34 1112 1342 91
11 12 14 15 9107 9274 57
24 33 22 23 1597 1801 89
35 35 24 31 0 228 95
11 15 15 16 8365 8518 54
18 16 21 19 5759 5922 72
27 30 25 31 1722 1924 89
14 10 14 14 9189 9332 51
15 17 17 15 7484 7649 62
16 15 14 18 6784 6922 61
16 14 18 18 7313 7491 58
23 30 23 21 2772 2964 85
14 12 12 12 7763 7907 58
10 10 12 12 9092 9246 58
15 11 11 15 9020 9152 51
21 24 25 20 2463 2635 85
27 32 31 33 1386 1574 89
25 25 25 18 3837 4016 79
10 12 15 14 9185 9353 51
26 29 23 24 1275 1456 91
15 18 14 14 7616 7776 59
17 18 17 17 7364 7552 65
18 20 20 18 6219 6366 61
14 16 15 16 7390 7533 63
13 11 13 12 9000 9172 56
13 10 10 14 9008 9139 52
12 11 13 12 9110 9224 57
24 21 27 26 4099 4314 79
21 22 32 22 1991 2197 87
15 17 12 14 7293 7459 57
15 12 10 15 8812 8929 54
17 14 14 15 7536 7664 58
33 34 26 27 1353 1535 91
16 16 15 17 6246 6402 68
22 15 17 19 6257 6395 70
12 13 10 10 8870 8983 51
28 24 28 31 1738 1966 89
14 13 13 10 9193 9327 56
11 11 13 15 9118 9247 56
17 19 19 15 6023 6203 61
34 26 27 31 1341 1549 91
12 18 14 16 7506 7661 58
17 21 19 21 6074 6243 68
15 16 17 17 7439 7576 56
22 26 23 29 3137 3311 83
10 13 15 15 9117 9291 59
15 11 15 14 8923 9042 59
14 12 15 11 8840 8968 50
11 10 11 12 9173 9303 54
10 14 12 10 8770 8890 59
15 13 13 12 7290 7460 65
23 22 26 24 2008 2215 87
20 22 28 23 3116 3329 83
23 28 28 28 1022 1231 91
22 21 23 26 4539 4745 77
17 18 20 21 4487 4661 76
13 13 18 15 7619 7764 61
35 31 31 36 0 212 95
16 18 19 17 6008 6159 71
15 12 14 14 8931 9084 49
21 16 20 19 5772 5960 66
28 25 22 23 3330 3532 81
17 22 23 17 5706 5887 69
25 19 22 22 4249 4443 73
35 24 26 33 0 236 95
31 23 29 21 2249 2469 87
24 23 21 27 2527 2703 85
19 22 19 26 4620 4796 67
18 22 19 24 4457 4639 68
15 10 11 11 9138 9255 56
24 25 27 34 0 188 95
18 19 15 14 7265 7413 63
12 10 15 13 8923 9090 59
22 17 22 23 5636 5800 67
12 15 14 16 7733 7855 59
15 10 13 11 9147 9275 52
12 11 13 10 8811 8934 56
15 18 13 15 7639 7803 61
12 10 10 14 8858 9008 59
25 26 25 25 4478 4701 77
14 13 12 13 8940 9104 55
12 11 15 12 9026 9142 58
20 15 22 22 5823 6000 71
19 17 23 22 4314 4518 71
16 15 14 16 8480 8653 51
13 12 12 14 8975 9149 59
24 22 19 25 4537 4744 77
11 13 11 14 9074 9203 55
18 17 24 24 4560 4713 74
11 10 11 10 8810 8944 53
18 21 20 19 6588 6783 69
25 24 22 27 1544 1754 89
19 26 21 20 4771 4960 73
17 18 17 18 7253 7415 62
15 16 20 22 6125 6293 69
11 11 12 14 9203 9359 54
15 12 12 14 8975 9127 59
23 22 26 26 2376 2550 85
31 27 25 29 0 222 95
28 25 20 28 2493 2687 85
26 36 35 24 0 198 95
14 10 14 12 9010 9182 54
11 13 15 12 9041 9184 52
10 11 10 11 9067 9197 49
10 14 13 10 9014 9136 50
28 32 25 29 372 571 93
13 15 11 15 9060 9189 56
32 31 30 30 0 233 95
24 32 28 32 873 1071 91
25 32 30 23 1375 1608 89
14 17 13 13 7422 7579 55
18 17 13 16 7471 7630 62
32 33 28 22 1791 2024 89
12 11 15 12 8920 9079 49
25 19 20 18 4402 4595 69
10 13 10 14 9031 9190 55
11 10 11 15 8838 8956 58
12 16 15 15 7517 7675 56
13 13 14 11 9079 9244 58
19 19 20 17 6174 6359 67
20 17 24 20 4456 4617 77
15 18 18 12 7503 7630 62
21 23 23 22 5568 5767 68
25 23 27 23 2462 2644 85
29 25 26 20 2444 2613 85
25 21 24 22 3092 3285 83
14 11 11 15 9099 9260 52
12 13 12 12 9005 9116 58
18 18 13 13 7492 7668 61
10 11 15 11 8919 9063 59
12 18 18 13 7575 7757 56
28 25 23 29 1768 1995 89
32 31 23 30 1287 1513 91
23 25 26 20 4737 4938 77
11 13 11 11 8781 8929 49
18 15 19 17 5832 6001 71
18 14 13 15 7313 7461 57
17 21 19 21 4546 4720 71
19 19 19 18 5146 5323 73
15 13 15 12 9080 9198 53
20 20 25 23 4687 4895 69
27 26 24 21 3394 3587 81
15 14 13 10 8849 9016 49
15 11 11 11 8827 8938 51
15 15 16 22 6205 6387 62
18 16 18 21 6242 6393 62
10 15 12 11 9184 9295 50
28 24 24 28 3115 3280 83
24 33 35 24 814 1009 93
14 13 18 12 7394 7521 63
20 21 26 24 3885 4055 79
21 17 20 19 6138 6335 70
12 15 12 12 7635 7796 59
18 16 17 14 7288 7463 57
15 11 10 14 8837 8952 55
19 18 18 23 4643 4787 74
13 10 14 10 9046 9162 58
14 20 17 15 7003 7153 65
27 20 25 20 2987 3184 83
23 24 23 25 4054 4210 79
27 29 21 27 2779 2968 85
15 11 15 13 9078 9216 55
12 11 11 11 8948 9108 52
11 10 12 11 8922 9035 53
18 15 21 16 6188 6362 67
13 12 11 13 8850 8961 56
15 12 12 17 7733 7878 55
20 23 27 22 2490 2679 85
11 14 15 15 9007 9181 56
16 18 14 18 7339 7509 58
15 14 14 15 9226 9383 50
14 17 17 18 7303 7484 62
12 12 18 12 7446 7602 55
20 19 23 19 5568 5741 64
28 30 29 31 0 208 95
25 32 27 28 1441 1659 89
21 21 16 20 6273 6452 71
15 14 10 10 9221 9387 53
12 17 17 15 7611 7754 63
22 21 21 21 4266 4431 69
13 13 12 11 8950 9115 56
18 15 22 19 5888 6042 64
22 22 22 21 4584 4770 76
21 17 22 19 6087 6285 61
12 12 14 12 8909 9066 59
22 20 15 21 5938 6120 70
28 20 28 20 3183 3355 83
21 21 24 22 4221 4416 72
12 13 12 10 8819 8952 58
19 22 21 25 3834 4011 79
15 11 13 15 8803 8928 59
22 18 17 16 6251 6441 70
13 12 14 10 8919 9051 59
14 13 12 15 9063 9231 53
22 21 22 17 6237 6384 68
16 13 13 15 7425 7597 63
19 25 25 22 4052 4253 79
30 24 27 32 2193 2376 87
25 26 18 21 4067 4224 79
17 18 15 17 7354 7510 57
25 29 20 26 3069 3247 83
12 14 14 10 9243 9384 58
17 21 17 16 6142 6305 62
26 25 23 27 3206 3425 83
12 12 15 11 8780 8951 59
29 31 27 34 463 654 93
18 24 17 22 4593 4778 70
20 18 20 21 5427 5595 65
27 24 27 20 2925 3117 83
16 19 16 15 6183 6326 61
14 11 13 11 8891 9012 53
15 12 18 16 7708 7881 61
29 32 24 25 0 206 95
18 16 18 14 7757 7906 64
12 11 10 13 8900 9048 55
18 14 16 15 7584 7749 55
12 12 13 11 9153 9296 49
12 13 15 10 8901 9019 59
15 11 14 10 9135 9306 53
22 24 20 23 2941 3112 78
11 14 14 13 8813 8981 58
23 26 18 20 4382 4589 70
23 21 23 21 4252 4417 71
20 22 22 18 5659 5863 73
29 33 31 27 1107 1333 91
18 20 24 20 4532 4681 70
19 15 19 21 6031 6172 63
27 22 22 29 3198 3395 83
28 22 28 31 1577 1788 89
17 18 14 18 7293 7465 63
23 22 21 16 5683 5883 69
15 18 14 12 7324 7467 63
17 16 12 12 7418 7591 58
12 12 12 10 9132 9277 51
15 12 13 15 7333 7500 56
23 23 27 22 3246 3447 83
24 22 27 21 2711 2880 85
17 13 12 16 7659 7796 58
11 10 12 15 9172 9339 59
14 11 13 12 8876 9034 57
23 17 21 23 4551 4756 70
31 27 28 31 2102 2329 87
20 21 22 25 4023 4225 78
18 12 13 16 7653 7826 57
17 13 18 17 7376 7511 55
10 10 12 13 9203 9316 56
11 11 12 11 9174 9304 57
17 16 16 16 5588 5725 65
