100
68 74 62 46 794 1689 867 
85 34 63 34 1151 2194 353 
61 29 64 24 302 2339 627 
79 99 86 79 580 1350 877 
29 25 24 55 38 2219 744 
76 89 28 44 1315 2414 686 
97 41 86 25 577 2236 952 
74 73 93 87 173 1859 759 
67 39 48 99 152 1927 401 
40 70 69 69 1401 1984 949 
76 94 36 30 219 1502 326 
51 29 36 29 1481 1717 508 
67 97 79 38 1053 2460 922 
77 84 51 74 266 2187 253 
25 34 78 74 1107 2424 163 
35 24 70 45 1308 1549 905 
97 26 81 65 9 2113 307 
66 40 76 46 698 1915 189 
62 64 34 31 910 2165 321 
34 71 38 57 984 1589 931 
28 47 42 28 965 1461 651 
59 96 74 82 62 930 368 
39 34 77 69 734 1629 793 
75 96 25 42 1440 1855 313 
99 28 96 73 1211 1774 722 
74 39 62 66 245 1933 140 
20 75 58 57 839 1126 921 
73 90 32 56 1318 1811 196 
70 57 89 33 597 2282 184 
93 61 40 76 207 1289 460 
59 27 89 81 241 2386 234 
91 74 71 57 941 2179 710 
27 94 100 66 445 2256 129 
85 93 62 44 165 1793 470 
29 29 30 82 688 1094 351 
77 72 52 35 704 1368 681 
50 20 89 43 1204 2101 863 
42 48 92 38 963 1534 275 
77 23 92 79 653 1789 545 
71 26 76 33 1453 2235 568 
25 26 83 73 1395 2106 303 
23 21 75 33 168 1631 449 
75 78 72 57 863 1797 840 
22 82 20 83 426 1175 534 
93 30 22 24 15 1215 109 
33 50 55 100 1087 1345 901 
63 73 71 50 148 1105 436 
25 40 75 61 1284 2241 978 
35 48 51 88 492 2491 873 
44 69 54 95 270 1608 961 
66 99 22 100 1120 2038 293 
88 23 83 90 669 1958 527 
96 77 31 81 1241 2147 858 
99 93 97 54 849 2370 706 
24 67 79 43 503 1877 737 
63 83 61 41 535 1843 357 
100 65 97 39 1336 1801 206 
23 21 99 26 1311 2405 875 
35 58 33 32 275 2270 544 
62 86 77 64 1014 1807 260 
45 94 39 27 1383 2301 131 
78 83 66 60 73 1191 772 
42 95 56 89 1152 1828 152 
67 82 57 92 717 2096 664 
86 25 69 29 132 994 652 
36 55 41 35 995 1559 269 
71 97 38 91 1212 2406 998 
80 38 20 24 411 872 262 
56 68 34 46 1173 2256 707 
45 24 36 53 138 1731 382 
40 43 82 99 1379 1670 912 
58 39 76 95 627 1864 732 
40 35 52 64 854 2434 495 
41 54 41 39 1271 1472 306 
51 91 80 93 1234 1793 370 
87 46 25 43 1476 1907 230 
43 79 64 64 1431 2064 109 
53 77 41 65 1122 2039 754 
32 22 71 99 708 960 668 
77 97 75 23 1176 2050 260 
50 69 92 89 462 777 549 
59 47 43 86 740 1104 419 
72 70 28 47 161 564 869 
92 22 70 69 402 1008 759 
24 73 61 41 1019 1607 110 
87 74 49 91 1194 1960 462 
83 69 39 93 387 1337 413 
94 51 47 96 998 1501 785 
69 98 81 37 300 1501 607 
58 64 25 20 588 1081 990 
61 72 23 96 1028 2328 726 
60 65 41 51 297 1635 527 
31 35 53 72 98 1711 491 
35 41 24 86 153 1207 626 
80 79 82 79 1175 2084 827 
24 82 54 80 224 1391 616 
62 63 63 78 238 780 668 
37 73 46 87 1092 2318 237 
85 51 89 98 291 2095 475 
75 53 58 95 35 852 540 
