300
9 18 15 18 395 458 9
16 10 5 20 25 942 15
14 13 19 13 117 392 10
20 16 15 7 368 442 9
6 9 15 13 480 541 3
11 11 8 8 536 584 15
12 12 11 8 428 487 6
6 20 5 20 136 591 5
11 17 8 19 14 919 1
12 8 5 17 156 343 1
7 18 5 19 416 1056 10
19 14 7 6 292 900 9
8 15 15 15 274 402 7
7 18 15 7 102 588 12
13 20 7 6 188 1144 8
5 7 19 19 250 307 9
19 8 11 6 314 361 13
16 19 7 8 171 1001 8
10 11 5 7 595 785 3
11 15 12 18 20 685 11
10 6 13 11 503 751 3
20 13 5 6 401 451 7
11 11 16 8 90 1088 8
13 14 15 16 286 1140 3
8 6 5 5 149 339 6
19 6 12 14 167 969 4
20 19 6 9 114 705 7
17 16 6 13 62 705 5
11 10 8 9 471 1196 1
17 14 19 8 157 345 14
19 5 5 17 113 353 14
20 20 15 18 527 609 13
8 17 11 7 279 453 2
7 15 11 15 590 986 4
17 9 18 17 112 207 12
9 19 5 10 540 596 10
19 15 6 16 245 1107 8
20 18 10 7 2 600 2
11 8 20 7 70 572 4
10 17 7 8 373 419 5
11 16 16 20 146 221 6
11 9 19 15 208 816 3
19 6 11 6 121 988 9
18 17 16 9 32 921 2
8 5 15 5 313 992 14
14 10 7 18 441 500 1
10 15 7 10 37 93 14
9 9 18 10 509 773 3
6 16 9 8 294 407 11
20 6 14 15 350 406 7
10 20 14 14 39 783 2
6 20 20 20 270 1124 6
14 17 14 9 146 962 7
19 20 11 9 247 643 9
13 11 12 8 524 921 12
17 6 7 16 263 1101 9
13 16 13 12 251 315 13
10 15 15 11 100 1200 2
5 5 18 10 42 81 9
9 9 9 14 106 150 4
8 10 20 5 150 744 12
14 13 19 20 2 177 5
9 15 5 13 377 434 14
16 14 18 14 136 826 9
19 11 14 16 58 888 12
8 11 17 19 479 546 4
16 13 5 9 159 691 15
17 17 14 10 478 547 13
19 6 8 10 207 956 10
7 7 15 15 494 726 6
9 5 12 9 463 932 8
17 13 13 12 513 575 1
5 20 13 5 4 1075 10
19 8 20 6 82 604 2
19 9 9 12 282 781 5
15 7 14 17 367 1171 15
17 11 10 18 270 346 12
9 19 11 13 177 1200 8
15 8 8 9 206 248 10
5 6 19 11 401 1071 1
8 19 5 12 170 601 6
18 17 14 13 153 969 7
20 18 16 10 538 1093 15
15 18 16 11 374 436 5
11 18 6 15 240 307 13
9 9 13 15 125 179 3
14 15 8 13 84 173 7
7 20 9 17 25 149 10
17 14 9 20 339 736 5
11 6 14 18 29 482 13
8 17 17 20 480 552 4
17 5 11 7 298 340 6
16 20 19 13 207 416 6
12 18 14 10 86 316 5
20 7 19 14 338 421 10
8 12 7 6 570 609 11
12 15 19 20 370 452 8
20 20 12 7 33 515 9
13 8 13 13 108 1117 5
10 14 19 7 14 768 6
16 17 14 10 262 800 10
6 8 13 13 476 557 2
20 10 5 11 92 1183 2
17 10 12 19 165 565 12
15 19 8 6 519 1013 8
18 14 15 20 581 986 9
14 18 19 7 225 674 15
6 17 15 13 344 601 2
16 13 10 12 198 429 10
13 19 20 9 357 593 1
15 7 5 7 479 514 5
7 14 19 6 338 386 6
16 18 12 6 13 1007 8
6 16 10 12 394 993 12
20 13 9 18 531 1046 8
7 16 20 18 436 1031 11
11 13 12 10 100 191 3
17 9 11 7 110 275 13
13 7 6 6 166 663 1
11 11 13 12 47 675 5
12 7 17 18 116 174 4
15 19 12 18 399 477 14
19 16 19 18 480 571 4
5 8 19 17 397 503 9
20 16 9 11 43 645 1
17 15 19 10 477 1113 12
6 7 13 14 54 327 3
12 16 11 18 532 1133 10
13 6 10 13 471 519 12
18 7 15 20 56 819 12
16 8 11 12 45 318 9
8 13 20 14 527 590 13
17 14 13 20 330 403 5
19 8 16 16 503 566 9
20 16 18 20 453 545 4
14 20 19 16 578 920 15
14 8 9 7 160 200 10
18 5 16 14 509 580 5
16 5 19 5 284 822 10
17 17 20 9 382 854 7
14 14 9 5 553 614 13
6 16 7 9 563 811 15
9 15 5 12 434 478 2
12 15 13 9 26 716 15
7 14 11 20 295 490 11
8 15 9 16 513 698 13
9 15 11 9 447 504 11
11 18 11 19 202 271 7
15 16 5 12 585 943 4
10 16 19 12 438 499 6
5 7 15 18 366 429 2
11 6 20 15 102 1022 12
19 16 12 20 238 395 6
6 13 14 18 547 1167 14
5 12 7 14 237 1005 8
6 14 11 14 426 490 8
19 15 15 5 260 411 5
18 14 9 6 212 313 1
7 7 20 9 443 552 14
13 5 17 10 253 572 2
15 8 5 9 81 627 3
8 8 10 12 166 869 3
9 19 5 20 254 745 6
17 8 12 13 528 1073 11
16 12 14 17 374 615 8
16 14 9 11 13 1032 11
19 10 14 13 140 533 12
7 9 5 13 504 553 7
16 8 8 20 90 860 10
6 20 12 8 299 722 4
9 11 5 6 489 841 4
12 16 15 5 92 151 10
15 7 12 10 276 703 5
5 19 10 15 342 405 4
6 9 16 20 134 188 7
14 8 19 18 170 873 12
10 6 16 7 590 647 5
18 10 19 5 3 263 3
14 17 7 10 125 184 10
11 18 8 16 52 906 8
15 14 19 15 296 845 10
15 18 16 17 5 598 7
15 13 6 11 227 288 5
9 13 9 14 466 716 3
17 6 5 5 290 1139 12
16 20 7 9 153 879 5
19 18 10 6 519 583 11
13 19 16 15 198 283 1
12 10 7 13 241 559 10
11 15 20 5 299 1030 9
12 20 15 8 288 921 6
8 17 13 8 280 801 6
5 15 20 5 2 919 2
7 11 17 16 514 734 8
7 12 9 15 443 651 9
11 18 11 20 92 509 8
20 8 9 18 315 629 1
16 7 8 14 590 641 9
10 19 6 13 274 816 15
17 6 15 6 269 332 14
8 9 16 7 8 81 6
18 13 5 11 343 854 5
6 11 8 19 526 576 13
17 17 17 6 468 896 12
5 8 7 9 527 859 13
14 15 7 20 158 228 4
9 12 15 5 547 601 1
14 15 16 15 455 534 1
5 10 15 16 228 584 3
9 11 8 18 460 1170 13
17 13 12 8 59 605 14
9 17 20 19 546 768 13
13 12 19 7 403 833 14
20 19 15 6 511 584 7
13 18 15 16 18 222 13
17 10 15 12 45 1089 11
19 11 14 5 17 70 5
17 8 17 18 445 520 13
17 8 14 5 315 371 2
5 9 9 19 344 1196 3
5 6 18 10 259 472 10
11 17 9 19 362 420 3
20 11 10 10 447 503 13
12 8 20 7 219 266 15
17 14 19 5 315 390 6
12 10 12 14 236 950 13
20 18 7 9 159 1151 6
5 6 12 14 202 830 11
19 17 16 9 582 649 12
15 10 12 20 477 547 4
5 17 15 20 248 437 12
12 10 7 10 523 574 8
16 19 14 17 44 1132 11
12 14 9 17 80 725 7
9 11 14 15 234 712 15
16 5 20 19 141 377 15
10 6 10 5 537 568 13
19 10 14 8 375 674 12
7 19 6 11 134 377 3
18 16 9 13 377 898 15
13 10 12 18 344 1139 5
9 10 13 14 404 463 12
8 18 20 15 341 1030 2
16 8 11 13 192 611 6
6 5 13 11 298 756 13
20 5 12 7 588 639 5
9 7 17 13 419 1187 8
18 18 15 10 133 207 4
14 16 20 19 512 586 5
14 19 7 5 76 123 3
19 13 13 10 92 199 11
7 18 19 16 270 843 15
19 7 6 17 30 653 4
18 16 13 20 235 403 3
18 16 5 18 262 572 1
12 20 15 17 304 435 2
10 19 7 16 530 743 13
19 6 20 6 249 716 11
16 12 9 19 27 86 3
10 8 13 15 123 844 10
10 19 18 19 354 1061 12
5 16 7 5 443 917 13
18 14 6 13 487 1169 15
6 13 12 9 190 243 6
6 9 6 11 75 166 10
13 20 9 20 564 636 2
16 7 19 12 14 1006 8
19 8 14 13 212 327 10
17 8 19 8 586 657 8
15 14 17 7 554 987 6
12 16 10 12 265 555 3
12 10 18 11 513 1075 12
11 9 9 13 331 500 3
14 15 14 18 249 1195 15
5 10 17 20 112 183 11
10 17 19 6 91 853 5
9 7 15 15 569 620 12
12 19 20 12 202 266 11
5 10 5 10 92 512 8
11 9 5 6 113 497 5
8 12 9 15 56 689 8
16 17 11 14 328 615 14
8 12 14 6 402 452 1
20 5 20 8 506 757 8
6 13 5 11 14 266 6
10 6 13 17 385 551 13
5 5 9 9 545 574 14
15 6 6 15 92 141 1
17 20 12 6 29 834 11
12 16 12 7 30 842 7
20 12 7 16 300 396 2
17 12 8 15 578 632 11
20 18 10 5 560 628 5
14 9 16 8 107 157 14
7 8 9 18 293 969 5
10 6 19 5 337 1102 14
7 8 5 6 396 424 1
12 18 8 9 398 476 12
10 8 9 6 331 1117 13
9 19 7 16 77 932 6
