50
69 66 38 57 271 609 500
45 21 59 41 199 1375 500
30 44 15 15 143 1196 500
36 37 36 33 288 457 500
35 29 54 40 238 990 500
45 40 30 18 117 373 500
26 45 37 70 44 862 500
37 44 49 63 109 749 500
55 67 56 51 9 419 500
35 47 72 69 156 359 500
70 37 21 44 224 719 500
69 48 74 28 69 1012 500
61 59 61 43 31 655 500
62 36 24 35 99 765 500
63 70 69 33 64 1304 500
16 61 15 53 292 1212 500
65 36 31 73 177 688 500
44 16 40 47 285 900 500
59 36 47 30 95 487 500
29 38 28 42 150 547 500
28 46 29 20 0 434 500
32 47 48 42 257 595 500
47 57 63 66 205 1224 500
41 59 71 30 70 1253 500
66 73 62 35 33 672 500
74 51 43 42 56 662 500
43 25 64 61 174 1050 500
36 66 37 70 83 367 500
26 42 59 59 73 953 500
62 74 34 30 84 993 500
37 27 73 52 1 700 500
45 70 70 36 149 1352 500
71 50 63 23 211 1237 500
57 57 26 18 63 836 500
30 70 35 30 189 443 500
50 67 30 18 200 973 500
27 18 56 49 54 1376 500
71 70 51 43 201 981 500
71 64 20 55 39 472 500
48 23 28 55 120 1363 500
36 44 65 16 262 586 500
55 42 34 74 94 984 500
31 18 42 68 108 617 500
16 24 30 30 110 500 500
19 49 67 31 101 976 500
60 49 33 19 291 671 500
60 69 68 59 52 670 500
29 16 67 48 212 451 500
73 73 42 50 271 847 500
66 72 29 69 283 770 500
