200
38 31 94 87 28 46 2
32 10 49 90 200 555 4
77 6 60 17 75 207 4
1 36 10 54 116 311 4
36 81 47 31 140 253 7
10 47 32 42 73 109 6
2 100 6 19 153 382 2
91 97 76 99 10 30 1
57 44 26 73 40 112 3
62 73 54 77 146 237 7
3 24 37 27 200 233 2
37 13 29 44 108 235 8
55 73 85 73 171 397 9
28 26 72 80 166 457 4
73 32 53 55 177 258 5
72 18 38 42 46 138 2
11 80 53 48 13 28 10
39 87 10 90 138 211 2
85 18 47 67 77 113 9
99 60 13 53 31 51 6
4 28 43 8 54 128 10
80 20 37 18 9 12 4
97 61 36 83 41 97 3
59 86 17 29 53 126 4
35 36 76 91 15 20 7
15 56 5 76 77 123 3
20 34 63 15 8 12 4
53 92 75 32 114 223 4
59 44 50 98 91 114 10
70 29 66 81 95 272 1
7 60 24 25 41 87 4
20 49 25 66 26 48 6
10 70 54 68 19 40 6
14 86 43 58 100 161 7
100 65 50 2 78 94 10
29 14 94 74 40 108 5
56 41 78 86 112 319 5
40 89 23 18 128 368 3
30 100 72 38 179 472 9
38 94 73 47 61 128 9
51 49 43 19 100 121 2
75 11 32 10 84 203 3
52 8 26 89 97 228 3
52 15 7 49 120 290 7
19 96 37 67 56 148 1
55 89 81 52 186 417 1
57 22 90 75 160 244 9
73 46 46 4 189 331 2
8 90 40 9 124 290 7
37 52 73 46 2 3 6
44 18 37 64 82 173 1
40 48 93 13 177 407 6
57 66 75 90 58 143 7
42 8 38 2 40 46 2
70 1 1 66 102 156 3
21 43 77 71 182 536 7
74 15 59 67 30 88 3
100 5 52 59 81 160 9
58 23 30 22 118 245 2
85 33 46 3 77 206 5
42 97 67 93 133 196 1
94 68 79 69 41 52 1
33 99 97 53 73 88 3
49 9 5 19 147 423 10
64 88 16 39 6 16 4
18 10 2 42 152 280 7
88 3 91 4 174 211 4
59 18 66 35 53 146 1
91 57 94 78 64 128 1
24 57 83 29 153 329 10
87 35 95 96 110 186 10
91 73 59 3 193 552 2
26 13 38 24 41 58 10
70 99 30 58 58 95 1
89 72 40 36 150 185 7
20 13 99 74 177 356 1
74 66 55 83 151 439 2
22 78 29 18 148 432 4
12 50 46 45 92 158 10
30 3 13 66 135 260 6
5 97 4 47 60 108 10
84 11 18 13 137 204 8
67 87 43 30 33 65 8
76 15 15 62 66 189 4
53 64 22 93 97 159 2
98 6 43 1 148 289 10
2 42 86 66 198 354 1
10 12 6 1 122 336 7
35 78 87 8 189 221 8
46 57 45 32 123 145 7
62 2 91 96 92 253 2
44 57 63 56 75 101 1
46 27 26 65 165 221 4
91 88 51 41 20 53 10
6 39 73 99 108 239 7
93 29 27 58 172 318 4
54 78 86 58 16 39 3
70 4 19 78 196 501 2
2 29 93 32 58 123 8
6 27 74 81 136 276 4
35 51 3 96 71 142 4
42 96 69 12 73 191 2
38 51 63 7 142 337 7
88 72 98 18 56 108 9
96 63 51 41 96 143 6
67 5 85 28 71 142 1
49 52 22 46 53 57 1
1 53 9 86 96 212 9
88 10 75 92 67 131 3
76 42 65 74 67 193 2
39 86 60 68 186 289 2
76 61 19 1 137 245 1
69 29 58 47 70 199 2
21 32 68 35 4 10 9
24 26 31 34 125 256 7
53 39 74 56 64 117 7
28 13 75 4 193 540 9
68 94 49 52 102 305 2
99 1 49 78 104 151 9
90 2 25 31 75 184 7
96 16 11 41 110 184 1
26 1 34 7 99 116 8
78 9 75 58 84 198 9
5 65 20 84 118 162 6
44 50 91 82 149 378 9
8 18 53 79 17 30 9
25 29 38 87 167 183 8
19 16 15 85 76 100 5
33 75 86 51 137 185 1
83 49 82 43 54 99 10
9 37 46 54 133 159 4
49 75 22 33 132 386 3
41 18 30 100 191 429 4
64 75 34 18 31 80 2
3 37 47 25 34 67 6
25 54 23 60 185 460 3
55 42 100 69 164 437 9
31 78 57 72 75 135 7
17 85 82 74 50 95 5
96 68 51 17 153 337 1
61 61 69 68 24 37 7
92 6 62 74 67 129 4
87 36 54 50 33 90 2
82 24 67 9 119 156 4
49 13 47 89 168 318 7
48 78 46 45 42 102 10
2 28 59 87 46 70 5
93 61 97 93 141 147 4
92 17 57 82 106 182 7
70 80 12 25 80 203 2
55 27 66 22 59 165 2
79 52 99 40 33 66 7
75 17 84 47 116 253 1
48 13 15 17 142 220 9
54 78 29 60 152 204 10
82 89 24 28 21 32 6
32 63 5 30 54 104 5
22 58 53 84 126 371 6
35 72 7 48 4 9 5
77 39 61 7 114 164 9
3 15 28 8 161 359 5
63 56 10 38 26 48 6
26 34 43 43 9 21 2
71 43 45 69 159 327 6
80 38 77 52 108 214 6
81 19 36 45 170 184 10
29 72 13 82 181 323 8
39 16 87 72 137 335 6
7 4 43 48 128 236 9
79 39 33 2 2 3 1
5 55 65 36 31 48 4
21 88 92 30 102 229 9
85 70 55 31 13 13 4
59 82 84 74 101 133 9
2 1 79 87 123 211 7
36 18 97 95 157 361 9
55 69 16 74 85 237 1
18 100 6 64 142 283 6
6 47 89 5 37 43 2
75 67 17 45 38 99 3
95 11 6 91 179 295 8
60 60 15 78 199 357 10
45 62 4 63 170 384 7
99 58 27 43 98 167 6
29 10 51 11 140 256 5
63 15 13 90 157 446 4
86 50 15 56 5 11 3
95 13 70 19 172 354 10
42 13 91 35 45 134 4
10 3 24 41 200 440 3
81 87 66 88 133 290 4
61 70 19 100 24 40 6
98 70 6 5 195 489 7
91 56 58 74 132 339 6
100 98 87 70 157 177 7
47 65 14 72 114 175 8
82 98 13 10 154 305 2
68 99 73 73 175 498 9
90 1 57 11 76 87 10
79 12 17 74 148 221 6
