500
9 9 10 10 4414 4512 10
7 10 8 8 489 603 9
15 13 15 6 2986 3045 9
5 9 9 12 498 549 8
8 6 9 8 3268 3365 8
14 14 14 12 3650 3760 3
14 14 14 11 2013 2189 10
11 8 12 5 1025 1191 1
13 12 15 12 1168 1386 9
9 5 9 11 2643 2748 7
5 12 7 8 3168 3253 9
5 15 8 14 3127 3290 8
12 15 12 7 4183 4272 5
11 5 9 14 55 176 9
15 9 8 10 1142 1233 7
8 10 6 6 2477 2579 4
10 13 9 9 1930 2025 3
12 14 15 8 1008 1148 8
14 7 6 5 3394 3497 7
6 5 5 11 25 94 4
15 14 13 5 1443 1575 6
12 12 9 11 65 170 8
11 14 5 12 3210 3356 10
14 13 10 8 1736 1939 1
5 12 10 12 3549 3607 6
11 11 5 11 2948 3024 8
10 11 11 13 3457 3611 6
8 9 12 15 410 604 9
14 8 8 13 4063 4193 5
11 14 15 11 4542 4765 4
15 5 15 5 2355 2436 4
8 8 10 12 458 590 3
6 9 7 9 475 553 2
14 10 12 13 225 323 3
5 13 14 8 965 1053 3
8 15 14 8 362 444 9
8 13 6 10 1415 1488 8
8 12 8 14 2999 3052 7
6 5 6 12 477 583 8
11 6 6 6 4232 4340 6
13 13 15 10 3569 3808 1
15 10 14 12 1302 1476 8
11 7 15 10 3648 3698 1
13 7 6 11 3300 3391 2
5 14 6 7 3820 3954 3
15 12 11 6 3879 3940 1
12 9 15 7 4316 4402 1
10 5 9 10 1607 1714 4
14 12 11 7 933 1112 3
6 12 7 14 2248 2357 7
11 9 5 5 4521 4644 5
15 10 9 12 1478 1609 10
6 11 10 12 3984 4142 3
6 9 9 7 2435 2522 4
7 7 11 11 1045 1101 2
8 9 11 6 1073 1198 8
15 15 12 11 4588 4790 5
15 7 5 12 76 157 3
12 10 11 6 1778 1882 7
15 12 8 8 3541 3742 7
11 5 14 11 1935 2089 5
10 12 12 8 1166 1217 6
6 15 11 6 2943 2985 5
8 6 15 9 2900 2996 1
14 12 10 8 3311 3449 7
12 11 8 9 2554 2670 1
8 13 9 5 212 308 10
12 5 8 8 2917 2990 4
10 7 9 7 1839 1987 7
14 12 10 7 3743 3830 5
5 7 8 13 156 302 6
6 10 8 9 930 1055 5
7 5 14 6 4082 4194 4
8 9 10 9 3478 3603 6
12 11 5 6 1437 1559 10
13 12 12 5 1321 1400 4
5 9 9 8 3083 3137 4
15 9 15 13 582 736 6
5 9 11 5 311 444 4
5 8 14 13 2686 2747 1
7 5 6 11 3321 3353 2
10 7 11 5 610 702 4
8 6 10 9 1441 1577 2
12 8 10 8 3815 3990 5
9 12 12 6 4093 4246 6
9 13 8 12 300 460 6
12 6 10 14 2316 2469 2
9 11 15 14 1286 1460 8
7 5 6 11 3330 3460 2
13 6 9 12 1202 1244 6
11 5 14 6 4551 4684 7
9 11 13 8 3419 3559 10
8 9 13 15 619 668 7
15 9 7 14 532 726 3
11 11 6 14 1547 1648 9
13 7 6 7 2750 2830 10
10 11 6 10 60 160 9
14 15 5 14 1744 1939 5
14 7 13 7 1623 1799 5
12 12 8 10 4146 4272 10
13 11 13 7 4520 4597 4
11 10 14 13 2149 2241 1
11 13 6 5 3806 3881 5
11 14 8 15 1371 1444 6
5 6 6 8 3622 3666 3
5 7 8 6 1372 1478 8
14 11 13 13 3616 3725 9
12 11 6 6 179 220 7
7 8 7 9 1478 1582 5
6 6 12 10 499 635 4
6 12 5 9 229 307 5
6 5 15 12 2859 2984 1
7 7 12 13 713 831 9
9 12 12 7 1972 2058 3
5 10 12 9 362 480 4
14 9 5 7 1912 1967 5
7 15 13 8 3961 4034 2
12 8 14 5 1138 1251 1
7 9 7 15 264 336 5
12 14 11 14 1110 1275 3
6 8 8 13 1835 1989 8
5 8 5 14 2371 2474 9
13 9 13 13 4449 4595 5
11 15 8 15 381 575 9
9 11 7 12 504 553 3
9 9 6 5 1055 1139 1
14 11 13 5 448 518 9
9 13 15 10 752 844 1
6 13 9 11 2239 2368 1
7 10 13 6 698 828 6
5 14 15 13 23 209 1
15 13 5 15 1440 1617 1
9 14 9 13 3467 3519 1
14 12 8 13 3426 3514 9
11 8 13 6 1328 1477 5
6 7 8 11 4065 4140 3
14 14 7 13 1476 1675 2
10 12 8 9 4609 4677 10
6 12 14 14 4537 4721 8
9 11 10 12 2040 2223 10
14 7 7 11 4241 4355 3
12 8 11 9 2215 2396 7
6 7 14 14 3989 4060 7
9 10 5 8 2096 2206 6
5 15 8 7 392 503 10
7 11 9 14 2422 2596 2
13 13 12 9 542 673 2
11 10 13 5 1084 1247 1
6 9 7 13 2228 2380 2
15 15 8 5 2175 2258 7
12 9 11 14 1582 1770 4
5 7 10 9 3087 3207 5
9 5 5 10 435 470 9
12 11 13 8 881 1089 1
10 15 7 11 2866 2969 2
7 14 15 7 3860 3943 2
12 6 10 10 2380 2496 9
9 9 7 7 2620 2762 5
5 14 11 8 4423 4557 9
11 5 5 14 19 95 3
9 9 8 5 1713 1748 7
5 8 8 13 4193 4330 10
8 13 5 8 2234 2291 6
5 11 7 5 3753 3823 3
12 13 8 6 1828 1977 8
14 10 13 15 1023 1243 7
10 12 14 14 341 545 2
6 12 7 12 4422 4512 1
13 13 7 11 542 626 5
10 13 7 15 3880 3927 2
15 11 6 8 2031 2142 4
10 6 15 8 4016 4069 5
8 5 7 13 2369 2418 9
9 13 6 7 3617 3665 7
9 6 6 6 184 256 1
6 5 7 9 1184 1288 6
6 14 13 14 4320 4379 7
10 9 7 14 149 283 10
15 14 6 15 4469 4574 1
7 15 13 11 2819 2997 7
9 9 7 9 2041 2174 9
5 13 9 8 4466 4612 9
10 11 15 11 2295 2508 4
6 8 5 13 81 123 5
10 6 10 10 4286 4381 6
6 10 13 6 629 703 1
5 15 9 8 2837 2964 3
5 6 13 10 3404 3455 10
14 6 9 13 666 810 9
7 7 15 15 1301 1494 10
9 5 12 13 3589 3744 10
12 10 6 14 1736 1862 9
13 6 6 5 2996 3119 8
11 12 15 14 1112 1307 1
10 13 7 5 2604 2747 1
5 13 10 9 398 525 10
15 5 10 13 3323 3374 3
9 10 14 13 1333 1550 10
9 6 12 10 2420 2529 8
15 6 5 15 1416 1568 7
11 7 5 10 4145 4218 8
15 6 9 11 1847 1959 3
14 15 5 15 1273 1466 4
14 8 10 5 3744 3884 7
9 15 6 6 3223 3279 6
8 14 15 5 435 536 8
10 8 9 11 2483 2545 8
12 9 11 10 2144 2231 9
6 14 5 8 3013 3109 6
11 7 9 9 2720 2864 2
8 15 10 13 2158 2241 5
10 7 9 15 1916 1999 9
12 14 11 5 4281 4336 9
11 11 5 12 100 199 1
6 12 6 7 1824 1937 3
9 13 7 11 2590 2684 2
15 8 8 6 1852 1918 5
13 13 5 9 1131 1240 2
7 8 15 12 2974 3134 6
15 7 9 8 458 505 3
15 9 10 7 2255 2389 2
12 14 5 10 76 255 8
10 8 14 6 3985 4029 1
6 14 10 11 1784 1865 10
11 6 15 10 3664 3783 4
8 9 15 8 3429 3608 5
9 10 9 10 1803 1861 6
8 8 15 8 1128 1264 1
13 12 8 9 464 610 2
13 15 10 6 1339 1546 1
15 5 10 13 3549 3714 5
15 11 12 8 455 578 4
5 7 11 9 342 477 1
15 9 15 6 815 997 7
11 10 15 10 3224 3337 5
5 11 12 13 3197 3294 9
9 10 10 10 4522 4693 8
14 14 12 6 1773 1892 1
5 15 11 10 1908 2056 2
11 15 14 11 1423 1615 8
9 7 14 6 21 156 4
11 13 12 13 2226 2434 5
9 6 11 6 276 418 7
11 15 6 10 2035 2223 8
7 12 9 12 4310 4384 6
5 8 15 6 1462 1510 4
12 7 13 5 3246 3312 2
11 11 14 14 432 668 1
5 11 13 5 4389 4470 8
11 10 6 14 1967 2057 2
10 9 7 13 196 238 10
11 8 6 14 593 726 10
8 10 12 5 1967 2108 4
11 5 9 11 1943 1995 5
5 13 5 9 2084 2118 6
5 15 9 9 17 156 3
14 5 9 10 1971 2010 7
12 10 7 8 2953 3107 6
6 6 15 14 1987 2161 2
9 15 11 14 3800 3911 10
5 12 7 7 3364 3502 1
11 9 8 9 3887 3965 6
6 12 6 13 4013 4131 1
15 5 11 9 2208 2303 10
9 13 6 5 3834 3952 3
14 9 7 11 2085 2240 1
6 9 8 5 3432 3484 8
14 7 12 5 485 530 7
10 11 6 13 3279 3462 10
8 7 8 13 3026 3165 6
10 11 13 5 4136 4229 9
15 15 5 12 799 981 9
9 14 8 9 2573 2728 9
10 15 11 7 2261 2431 6
10 15 8 6 1004 1071 1
8 5 13 13 151 216 7
7 5 13 6 385 523 7
5 12 8 8 4093 4186 10
13 6 8 15 2434 2563 8
11 8 12 6 1032 1118 9
8 10 7 6 440 572 10
15 5 12 9 4600 4735 2
11 12 14 10 3394 3577 10
14 15 10 5 3437 3622 4
11 8 5 14 2234 2279 9
5 9 12 9 934 969 7
8 6 13 5 3147 3242 2
11 14 11 11 4162 4225 3
12 14 10 9 2786 2958 1
14 6 13 8 527 676 4
15 15 9 5 3518 3605 2
6 13 13 8 3312 3449 4
5 9 14 6 288 330 4
9 5 15 9 1796 1892 2
11 13 15 10 442 569 10
12 11 5 5 3323 3458 3
11 13 14 5 931 1004 6
14 9 13 7 903 950 3
12 12 11 10 535 676 7
15 15 8 6 2586 2685 7
15 11 12 6 2149 2246 10
12 10 6 8 2803 2860 5
12 15 6 14 206 371 7
9 7 15 8 3797 3933 4
8 14 12 7 1764 1809 8
10 11 14 11 4409 4515 10
6 14 7 5 3102 3247 5
8 6 11 15 2657 2840 7
6 10 7 10 79 169 10
15 5 11 15 1368 1572 7
12 14 12 13 232 427 5
11 12 13 13 1526 1697 8
12 7 14 12 2826 2937 6
14 6 10 8 1872 2023 10
8 6 7 10 3929 3994 3
9 5 15 9 1720 1878 5
15 6 5 7 277 388 10
12 6 8 14 4358 4536 6
14 10 5 9 135 291 7
9 11 12 13 621 731 8
8 8 14 15 2292 2466 10
8 6 11 10 2027 2117 5
13 13 14 14 1382 1500 4
6 12 15 13 4125 4208 3
6 15 7 12 2956 3063 5
12 6 13 13 1077 1236 10
12 5 6 9 1602 1651 6
8 5 6 8 4489 4529 4
9 9 13 12 2301 2453 4
9 14 8 5 2181 2274 10
6 12 11 6 1508 1610 1
8 14 13 5 368 451 8
10 7 14 14 3806 3891 8
15 8 8 10 301 464 4
6 8 10 14 3122 3224 5
5 6 7 8 3704 3775 3
5 11 9 8 1936 1978 9
8 14 9 10 114 254 5
6 10 7 11 2031 2095 6
15 6 7 14 3893 4057 10
5 11 9 5 117 205 10
13 8 11 13 4382 4553 4
10 6 9 8 158 224 3
11 12 8 6 2591 2747 6
6 10 10 6 1010 1134 1
7 9 12 7 2181 2300 10
5 6 7 10 1313 1354 2
12 10 15 11 1270 1372 8
6 11 6 7 4250 4369 7
10 8 11 5 2303 2422 10
11 10 5 9 63 213 3
7 10 14 14 2884 3065 7
5 5 11 7 1549 1661 4
10 12 10 13 2491 2685 9
9 5 10 5 3975 4075 5
13 15 11 7 4267 4462 5
7 9 6 10 2012 2131 2
13 6 14 6 2193 2278 4
6 7 6 15 4005 4150 10
13 6 5 7 4195 4317 4
8 5 11 11 1781 1817 6
12 8 11 12 4229 4344 10
5 12 12 14 976 1050 2
13 8 14 6 1568 1615 2
9 5 5 11 3956 4046 9
11 7 13 14 1090 1273 1
13 7 7 10 596 665 5
5 10 11 13 3505 3589 2
11 5 14 11 933 1075 7
5 5 6 8 4187 4235 5
7 13 14 11 1713 1807 4
13 15 10 12 2467 2520 7
9 13 12 7 2940 3085 3
13 5 15 11 3958 4163 1
5 5 7 13 32 108 2
8 15 8 11 2334 2437 7
8 5 5 10 1080 1133 5
5 15 5 14 250 343 7
5 10 7 8 2798 2830 7
6 9 14 14 1071 1189 9
11 6 15 7 2431 2482 10
6 5 8 6 3365 3448 5
9 13 6 9 2539 2620 1
8 8 14 6 795 891 8
11 8 13 10 1618 1717 9
15 6 13 11 1223 1337 5
13 7 7 9 3160 3316 7
12 12 9 14 2731 2789 6
13 8 11 6 3213 3313 7
15 10 14 13 4091 4238 6
6 9 5 13 2741 2868 7
12 15 6 14 1607 1680 1
12 9 6 7 1417 1507 4
6 13 12 8 2204 2344 6
10 15 13 13 1104 1255 3
10 10 11 11 3916 3992 7
10 11 9 9 3608 3673 5
14 12 13 6 57 241 6
9 9 15 13 2380 2519 6
11 9 12 12 3633 3688 8
11 8 13 12 3564 3764 9
9 6 15 8 126 211 4
6 11 12 15 2140 2193 6
14 15 9 13 2490 2683 1
12 13 7 5 3296 3405 4
12 12 9 7 719 905 8
11 5 10 6 1133 1260 6
11 7 14 12 2055 2177 9
13 15 13 5 3627 3766 8
9 9 13 9 3891 3961 8
8 11 5 5 3936 3976 2
14 13 13 7 2382 2572 6
13 14 12 13 4450 4612 5
7 15 5 14 1500 1676 3
5 6 11 13 1961 2004 1
11 12 6 14 1248 1440 7
6 11 8 7 2844 2883 3
15 5 9 15 3004 3174 10
10 10 12 8 1955 2096 9
5 7 5 8 3204 3314 9
15 8 7 13 1639 1722 4
15 9 10 5 304 446 10
12 14 14 5 1758 1814 4
12 10 9 5 4430 4577 4
11 12 5 15 4009 4206 1
15 11 7 13 1977 2113 5
5 6 12 5 4097 4138 2
14 6 13 9 3663 3734 4
13 9 14 11 480 562 6
9 13 15 12 1000 1082 6
8 12 8 13 310 481 1
9 6 8 9 1034 1103 2
7 6 14 5 3847 3973 9
7 15 15 10 3097 3210 6
6 14 15 5 3684 3725 9
14 9 10 12 4139 4309 8
8 6 12 14 3320 3488 4
10 9 6 7 2935 3016 7
9 7 13 13 3510 3619 1
15 10 15 15 60 141 6
6 6 11 5 32 96 3
8 13 6 8 3806 3900 10
14 5 6 7 1511 1574 8
14 12 7 15 2305 2363 10
10 11 13 12 802 963 9
8 5 7 6 3998 4025 8
7 7 13 8 2448 2526 6
8 5 10 11 2958 3019 4
9 11 8 13 4584 4777 10
9 15 8 8 1225 1410 2
9 15 15 10 2345 2502 8
5 11 14 8 2183 2326 2
12 7 12 10 288 390 7
13 6 12 7 3976 4089 2
12 12 8 5 2699 2757 1
7 6 6 7 2597 2717 8
8 10 14 7 478 575 3
7 8 14 7 3358 3440 7
7 13 7 12 2923 2966 9
6 15 13 10 2147 2332 6
5 10 5 10 1873 1915 3
11 13 13 9 912 1029 1
11 9 11 13 1990 2071 3
7 6 15 15 595 681 8
14 8 10 12 175 287 5
9 14 12 14 1550 1644 8
6 11 14 15 722 865 2
6 14 10 6 3941 4041 4
7 9 12 5 4058 4168 8
8 9 15 15 408 495 4
6 10 7 11 2969 3047 7
10 14 14 5 4411 4603 9
11 6 7 15 541 625 9
10 10 6 9 434 545 10
12 7 12 7 1345 1415 2
12 15 14 9 2811 2964 4
11 6 15 7 3451 3493 10
15 14 7 14 383 446 6
6 10 15 11 4366 4496 10
12 7 6 14 3212 3377 3
11 8 12 15 4247 4432 3
8 14 11 11 3799 4005 4
13 9 15 7 2885 3048 5
7 11 9 6 3299 3407 10
14 6 9 8 388 487 5
6 8 7 13 2588 2743 4
5 11 15 6 2169 2315 10
15 8 6 11 4354 4424 2
12 15 11 5 2212 2331 1
9 8 7 14 2110 2187 3
7 10 8 13 1155 1285 8
9 11 5 6 4027 4064 1
14 15 7 15 4200 4279 9
12 12 10 10 4087 4210 8
7 5 13 11 3714 3839 5
11 12 11 10 1484 1688 6
8 15 5 12 3331 3428 1
13 13 14 8 570 642 2
12 13 5 13 2332 2516 5
14 11 9 9 4277 4470 10
