200
34 23 48 32 28 196 301
37 45 34 46 220 343 199
24 43 11 15 258 439 128
40 22 10 16 392 598 453
23 47 46 12 393 569 359
31 26 27 37 300 523 484
42 34 46 20 232 371 277
38 21 44 23 409 640 317
19 44 15 45 393 654 181
35 42 40 27 425 649 158
18 37 14 38 363 587 222
33 14 46 31 395 673 450
50 48 30 38 314 501 341
30 40 32 33 197 448 156
38 48 18 38 113 334 274
32 31 12 44 439 673 249
42 35 25 48 208 425 252
14 43 43 42 238 367 159
19 27 32 46 189 349 120
28 14 29 15 4 238 143
38 41 48 48 118 289 321
12 22 45 26 190 370 177
47 17 44 17 432 714 440
35 48 21 10 210 418 250
43 23 20 48 371 659 301
19 13 20 45 50 334 164
48 33 14 15 258 552 347
25 36 37 16 117 274 432
45 42 42 21 354 592 152
21 22 26 21 99 368 296
47 45 49 12 367 622 344
42 34 46 50 76 360 379
50 12 10 32 202 421 400
47 22 42 28 305 446 339
22 28 43 44 220 398 406
24 28 40 17 200 477 439
20 17 30 43 494 748 181
34 32 20 11 100 233 173
40 10 25 25 184 286 128
41 28 44 10 277 468 479
49 28 10 41 470 761 150
48 45 37 16 176 370 143
35 13 36 16 280 560 498
16 18 46 39 431 550 289
48 17 20 35 399 520 474
19 18 22 43 417 604 241
47 40 47 12 209 401 219
46 26 20 45 55 168 138
24 26 47 15 499 666 189
25 21 36 12 294 501 204
33 31 50 22 116 301 174
35 30 25 13 480 726 92
42 21 13 45 119 359 495
17 42 17 19 283 388 196
32 19 18 47 217 440 193
24 23 29 19 83 289 424
19 23 46 29 113 269 464
26 33 35 21 290 407 166
16 28 20 15 300 592 119
49 30 16 39 426 578 241
44 24 26 24 238 338 167
41 13 32 16 235 467 266
17 17 23 48 45 248 60
39 45 12 33 425 623 285
46 42 50 16 4 135 317
28 42 21 31 368 485 375
23 34 14 21 112 248 194
24 34 44 17 465 583 484
39 50 15 18 301 593 220
12 49 13 46 324 592 379
10 14 20 26 497 607 234
46 18 24 44 378 571 141
34 38 12 39 352 577 398
21 25 25 25 94 346 82
50 23 10 40 390 599 328
40 38 23 33 115 324 163
15 48 17 40 459 617 55
46 20 38 44 312 580 389
13 17 42 36 12 131 277
10 29 48 13 296 426 51
39 16 22 28 96 373 375
34 40 20 43 342 615 354
38 20 13 31 366 659 170
42 48 39 19 427 575 71
22 17 31 25 383 676 73
22 45 46 39 428 614 238
37 17 10 21 240 412 267
10 30 24 25 332 629 364
17 10 12 49 298 440 390
13 12 46 10 254 453 469
43 16 11 45 297 549 220
42 15 19 13 281 483 212
46 37 29 34 127 369 365
50 11 46 50 128 267 218
36 30 24 50 91 194 494
19 13 11 30 276 379 275
32 48 20 14 404 703 381
44 14 36 47 243 403 380
31 20 25 37 113 214 424
23 40 48 18 45 202 296
28 35 13 18 447 659 326
27 17 10 21 334 631 399
24 31 44 40 244 531 374
31 35 34 28 447 575 263
49 20 23 27 330 445 157
47 42 36 35 365 537 139
31 47 28 47 139 240 235
10 30 27 38 158 386 324
46 20 11 45 193 317 266
29 14 49 45 114 389 277
14 42 40 39 247 409 291
23 43 14 28 94 221 236
18 13 44 17 364 500 449
21 28 10 13 461 730 484
49 26 10 48 432 645 118
50 50 49 44 459 653 168
36 49 15 43 247 519 53
44 10 26 33 150 328 123
44 13 41 23 228 405 105
31 11 47 41 268 559 118
12 36 50 14 389 677 139
10 21 18 47 131 305 288
23 42 25 44 423 645 264
42 37 48 16 295 497 416
45 36 15 12 235 412 485
49 29 14 37 199 451 187
31 15 21 24 232 452 497
18 50 41 22 123 279 495
38 30 32 13 126 415 103
42 28 32 31 285 538 486
46 36 14 41 173 352 202
50 34 49 23 255 452 237
14 30 50 44 223 419 312
13 10 38 43 320 465 480
10 49 19 28 189 335 398
38 39 32 40 383 527 414
15 50 14 34 324 434 280
37 26 35 24 461 598 175
27 41 41 48 82 292 259
28 30 33 21 301 442 333
20 26 21 49 126 244 94
22 30 47 23 15 206 400
13 33 19 22 416 683 433
20 39 49 20 232 372 240
11 28 35 30 273 401 72
21 25 33 10 173 349 293
32 47 18 39 15 162 119
15 25 43 48 9 143 271
28 23 44 33 57 357 457
30 35 41 50 85 367 147
24 33 22 14 256 488 68
31 36 19 11 222 451 76
46 30 35 42 235 499 213
50 28 40 29 72 219 368
39 26 14 43 63 168 457
24 16 23 42 350 583 447
31 28 32 42 118 298 214
19 38 22 38 228 527 121
37 29 49 37 132 380 397
22 42 26 40 104 305 225
44 49 29 11 464 614 167
22 18 30 35 499 733 113
50 20 25 38 333 447 333
24 49 50 34 8 116 201
28 18 33 33 450 740 444
41 40 21 16 270 380 73
47 20 21 26 18 248 283
37 16 24 32 210 415 226
19 13 38 49 292 537 68
19 32 17 45 28 264 64
48 29 44 39 278 436 395
18 17 40 44 260 528 387
34 14 48 43 230 429 209
44 41 36 40 139 278 205
44 16 45 47 72 280 254
31 18 31 42 246 456 307
36 22 37 50 497 766 250
23 25 34 27 284 453 68
40 44 24 46 492 693 308
12 13 11 43 483 665 185
42 36 19 50 423 716 239
27 39 12 45 286 487 292
35 24 33 32 373 597 367
36 45 17 24 21 181 270
14 26 20 26 428 591 207
42 36 43 20 201 411 182
42 21 10 11 244 437 79
37 38 32 24 111 300 401
44 22 36 23 400 581 378
37 49 19 18 371 567 324
41 40 29 39 141 379 326
22 32 34 30 458 578 371
23 27 11 20 479 590 156
23 50 32 20 201 470 442
30 32 29 21 477 738 212
20 16 42 39 429 681 177
41 38 38 12 445 623 165
31 15 19 28 39 318 319
41 39 18 14 392 556 75
14 26 32 15 372 627 178
