350
86 98 3 130 133 292 5
14 73 156 68 62 95 7
37 115 161 25 1 1 3
74 111 17 93 18 30 7
169 66 166 34 214 525 10
65 60 109 140 172 288 10
154 125 45 130 322 456 10
102 130 166 36 284 691 2
72 73 104 174 128 164 6
65 48 153 85 125 359 9
116 107 22 44 130 265 1
39 66 173 119 37 111 5
72 98 163 18 273 671 5
51 127 45 15 78 177 4
123 76 54 108 132 353 5
162 38 3 6 278 807 10
14 23 23 37 263 512 9
168 159 131 64 302 454 6
146 118 145 126 30 49 7
92 33 15 78 26 57 7
102 88 24 35 61 68 10
141 160 53 12 184 186 8
10 4 156 83 39 75 4
81 96 46 111 104 223 4
152 9 72 140 21 53 8
48 82 118 165 71 83 10
5 51 119 92 47 66 2
145 155 10 104 84 230 4
121 134 64 30 149 300 2
43 27 25 9 198 507 7
171 81 62 17 18 34 7
44 84 43 106 161 443 8
87 163 32 6 148 171 7
38 26 105 172 28 59 7
9 161 51 111 163 451 10
115 146 165 1 262 324 5
4 55 56 83 341 847 1
100 119 86 175 300 681 1
58 19 109 38 331 888 1
36 162 80 166 25 65 2
155 53 170 155 345 1031 4
20 44 137 36 324 581 8
159 124 173 83 302 550 7
138 139 91 151 216 363 5
100 90 16 116 45 49 8
173 41 137 123 9 16 2
32 148 35 17 183 369 3
123 165 45 36 48 55 9
25 86 141 11 257 389 8
79 125 94 37 56 86 9
22 62 57 1 34 78 6
36 97 107 78 239 325 10
59 2 55 157 346 582 1
28 21 171 17 308 617 10
60 174 51 144 120 126 3
38 108 143 133 266 362 5
132 9 142 157 218 457 4
133 137 80 44 273 520 6
5 78 96 44 274 591 10
26 170 66 80 260 680 7
150 7 107 129 341 532 5
17 75 147 64 119 153 1
1 44 70 62 171 440 3
53 82 118 2 177 192 1
133 15 62 148 161 426 6
77 33 7 80 260 762 1
117 129 146 66 232 305 2
25 18 150 146 31 62 10
40 68 14 144 67 198 4
25 83 1 27 258 676 5
144 119 87 153 244 683 9
31 97 114 128 169 456 6
12 123 28 143 106 268 6
16 135 39 165 109 259 9
139 146 65 129 91 160 4
149 122 93 60 264 525 2
89 132 58 19 99 213 8
163 90 140 67 12 25 1
131 90 9 7 49 58 5
45 81 57 134 181 384 4
33 70 98 26 139 235 6
152 54 4 7 203 243 2
84 61 120 165 3 5 1
175 151 1 23 330 506 10
118 133 135 112 19 28 7
48 131 134 37 174 290 2
172 77 146 68 45 79 4
119 133 134 108 329 405 9
16 16 10 61 298 861 8
25 158 116 38 113 292 8
57 157 18 170 43 72 6
76 27 125 57 133 339 10
80 78 30 22 130 139 3
23 2 83 50 186 412 10
76 74 83 15 340 676 5
15 70 5 140 169 283 2
80 41 118 53 229 265 5
24 166 35 105 14 27 8
101 159 174 20 245 259 2
101 170 42 170 217 412 6
161 92 105 123 53 87 6
117 6 29 107 54 158 2
128 124 112 136 193 438 10
108 144 162 61 343 698 4
108 95 133 39 174 243 7
49 165 27 4 46 82 9
149 136 152 54 248 346 4
135 173 95 157 304 496 10
77 16 118 108 225 502 3
76 103 16 163 72 127 3
154 116 131 88 305 811 10
34 113 125 154 149 317 1
3 86 45 70 25 68 10
118 175 128 160 157 282 9
111 23 107 52 274 811 1
76 70 74 51 41 116 9
81 95 96 138 104 310 2
142 101 63 128 319 320 2
3 3 159 132 174 492 10
74 36 59 67 205 418 6
134 134 172 16 188 398 7
142 79 164 147 48 63 2
29 5 132 119 53 105 2
101 102 67 10 16 33 6
10 173 37 84 10 14 5
92 125 81 4 65 179 9
29 122 10 61 12 24 3
48 72 156 42 27 70 6
88 145 140 143 260 338 1
167 156 52 70 299 896 7
134 41 110 132 43 43 6
58 118 122 148 95 201 1
22 87 131 86 215 625 1
27 137 59 85 211 507 3
157 58 173 130 85 183 3
37 32 28 24 330 466 2
111 38 72 107 27 61 2
166 113 154 16 296 511 2
133 44 167 73 308 640 4
3 65 14 31 171 375 1
157 41 111 110 282 818 7
12 96 120 49 230 251 6
28 85 56 88 25 72 1
13 21 62 15 332 996 10
107 41 169 15 271 802 3
53 133 80 40 185 187 6
161 105 162 110 41 62 6
142 131 139 132 281 839 4
113 123 17 170 43 86 6
84 22 65 40 87 148 2
21 9 70 23 1 2 6
153 125 51 98 219 416 7
101 70 25 175 87 98 3
124 73 101 71 291 346 3
56 162 146 4 170 253 7
165 39 75 99 277 624 10
51 66 43 64 350 452 7
39 139 149 16 172 438 4
56 70 57 86 347 400 9
66 43 4 160 137 339 8
159 27 26 40 85 161 9
58 154 46 154 55 83 6
62 23 43 109 35 101 5
115 146 128 122 136 384 1
114 153 29 173 343 441 6
159 60 169 147 52 129 4
98 163 158 131 11 17 2
137 60 44 103 236 647 9
49 159 5 164 75 144 1
106 115 40 38 150 261 8
44 41 139 169 309 482 4
88 88 150 161 311 473 3
100 140 117 107 244 252 5
92 130 12 170 264 294 10
126 153 159 73 188 252 5
3 102 89 107 313 372 5
119 75 152 112 286 682 1
128 63 80 38 205 362 10
53 169 36 117 18 45 4
85 16 117 137 30 38 4
17 15 132 49 292 825 7
27 26 137 101 146 281 3
171 146 72 82 180 239 1
101 91 120 105 276 525 6
165 61 155 24 183 215 7
55 22 152 29 279 607 5
121 57 95 24 172 208 6
21 157 93 61 334 684 1
49 13 99 93 196 249 7
127 156 85 53 231 634 6
157 171 67 12 59 156 5
148 62 117 9 160 192 10
9 39 35 155 246 657 4
110 160 112 64 252 306 10
86 37 101 8 50 146 10
120 145 86 36 314 352 7
81 110 145 34 339 851 1
169 53 149 118 283 627 1
31 51 42 110 303 859 4
44 56 24 131 3 6 2
92 169 165 134 193 394 8
110 167 15 170 107 225 8
79 52 150 10 144 414 4
154 141 133 9 33 66 3
164 136 54 80 182 312 1
145 22 85 151 205 451 1
140 118 104 115 32 91 7
49 89 135 69 185 275 5
150 103 124 45 135 323 8
156 46 157 172 174 508 7
20 74 17 149 152 454 10
135 4 78 53 43 53 10
120 27 151 81 246 475 2
161 72 161 94 167 228 5
144 74 18 102 111 203 9
35 16 150 175 329 799 10
15 89 101 133 211 528 2
160 109 135 77 335 440 1
83 138 128 149 103 307 1
136 36 45 129 105 279 8
140 84 75 18 27 58 6
107 66 115 33 88 193 4
133 28 44 113 113 238 1
136 6 87 129 92 259 2
31 151 9 8 202 226 4
70 127 62 85 176 366 4
82 29 160 21 261 480 4
34 120 32 132 136 248 6
30 8 17 19 223 343 3
106 84 144 132 295 493 8
94 29 40 110 179 495 7
121 2 31 91 130 383 3
129 37 157 175 228 322 2
168 73 7 82 320 921 3
15 92 110 51 113 182 5
96 22 45 116 226 609 7
135 81 6 159 199 319 4
117 132 159 137 322 460 8
12 54 39 74 29 82 3
25 39 11 110 14 37 3
171 137 172 107 172 247 2
111 36 153 5 43 70 4
111 134 143 66 54 59 5
51 144 27 135 75 92 9
163 105 35 76 278 339 10
95 77 132 51 132 216 10
91 153 32 57 132 239 10
94 14 132 57 135 148 5
166 152 64 13 36 108 7
126 38 113 93 334 746 3
111 120 101 147 302 510 9
147 39 17 74 269 439 9
147 4 110 159 208 238 8
101 93 83 105 117 284 10
75 147 108 122 226 674 9
68 64 174 44 115 118 7
91 23 91 92 235 303 6
89 158 24 132 329 842 4
28 73 122 94 90 146 9
137 18 173 57 20 53 5
115 115 57 42 92 211 4
76 24 115 108 46 101 1
137 87 133 119 31 70 10
62 160 7 125 52 105 3
14 53 145 156 338 757 4
83 124 6 120 104 151 4
30 1 149 140 57 170 9
127 18 98 42 115 281 6
135 101 67 51 31 40 1
173 44 34 81 53 159 2
171 27 76 156 99 187 8
168 49 158 40 166 382 3
95 159 168 4 246 695 6
89 167 146 26 190 462 4
150 71 23 143 316 470 4
43 65 79 172 325 915 10
64 48 93 59 349 552 2
141 20 41 161 74 147 9
148 162 154 88 337 669 9
17 154 105 34 15 41 5
116 69 74 75 294 468 3
21 85 157 106 251 731 8
138 21 157 84 99 178 5
153 17 76 125 242 591 7
118 131 171 20 67 103 9
6 72 123 82 23 37 6
167 116 69 83 205 420 1
28 10 22 65 336 466 8
27 37 140 170 26 39 6
61 133 41 135 81 129 7
164 91 117 93 320 559 1
103 169 150 97 35 89 7
57 66 174 66 47 100 4
74 45 173 159 15 19 2
77 156 109 44 100 125 5
1 151 148 125 147 317 7
112 164 135 173 118 312 1
102 93 74 61 8 21 5
132 70 137 159 296 704 3
18 8 72 168 93 183 1
108 143 89 174 187 522 4
104 70 60 37 345 769 1
73 136 20 73 186 529 6
36 48 8 21 172 328 10
151 148 14 160 282 480 5
2 99 131 92 72 144 7
15 41 91 39 53 104 1
50 73 23 92 277 760 6
129 36 163 20 44 61 3
154 112 4 91 313 803 5
2 107 124 18 339 406 7
42 86 8 61 339 862 8
88 165 94 106 265 293 8
50 59 111 130 181 286 5
13 55 96 46 22 38 10
137 174 65 117 207 562 2
158 143 9 53 291 461 5
79 137 172 131 95 148 2
37 66 75 86 111 328 2
127 10 167 107 139 269 5
44 30 123 43 201 329 9
37 30 163 98 217 534 9
69 79 153 128 48 115 3
137 41 27 11 1 2 6
62 124 28 152 71 141 10
30 27 124 8 227 462 1
62 106 106 146 284 354 9
72 19 119 161 281 618 2
46 115 149 162 163 322 8
113 89 127 89 17 47 3
97 50 19 88 68 121 5
94 106 125 106 250 720 10
17 166 158 102 116 183 6
36 4 31 32 111 238 5
71 12 145 38 216 347 4
24 132 74 144 21 46 9
13 86 68 99 97 279 3
34 66 23 146 133 367 7
31 45 164 171 75 128 3
129 15 31 31 85 87 6
9 78 48 30 210 333 2
75 165 136 39 186 484 9
173 34 49 71 208 267 8
158 121 62 85 185 291 1
153 40 120 154 90 245 5
66 17 147 106 278 756 3
99 8 126 103 293 591 2
139 34 157 152 218 449 2
127 9 79 171 204 425 9
90 4 92 131 159 334 3
