450
13 12 13 5 24 26 850
14 14 12 8 20 31 33
8 9 12 2 23 27 271
3 1 1 1 73 78 286
11 10 9 11 16 75 628
7 2 4 4 38 71 153
15 7 7 2 24 35 737
3 4 2 3 35 69 776
5 14 14 9 7 16 652
4 12 9 5 12 31 555
15 3 3 4 20 32 49
1 6 15 3 13 52 758
12 8 9 5 50 100 517
10 9 14 3 57 71 862
14 15 8 14 80 92 765
12 12 11 4 30 78 59
12 3 12 9 3 61 434
8 14 7 11 44 83 820
12 5 6 9 51 65 219
10 11 2 4 74 77 381
15 1 4 14 64 84 779
10 11 3 1 60 70 153
1 10 14 8 21 45 65
3 7 6 4 18 29 366
11 2 9 14 47 47 868
1 5 15 15 46 88 497
12 2 14 12 5 30 419
1 1 2 10 27 58 88
15 13 13 10 16 27 666
4 7 3 2 15 27 158
12 10 13 5 20 76 520
14 11 14 4 2 10 253
1 11 4 13 8 55 340
15 9 2 7 50 70 529
3 11 6 3 19 57 871
9 15 13 13 2 30 392
14 14 12 9 6 83 41
9 12 4 3 3 82 104
5 6 11 12 16 85 999
11 15 15 12 49 57 505
11 15 3 8 18 29 628
2 3 11 11 17 32 904
7 14 4 2 1 55 947
12 4 3 7 18 25 806
10 13 13 13 47 69 889
9 13 6 12 22 62 582
9 1 15 2 50 51 921
7 12 8 13 22 51 206
2 8 11 8 0 52 706
2 10 2 11 17 17 802
3 6 12 15 20 33 132
13 7 14 6 42 56 748
1 14 8 8 18 22 200
14 14 6 1 51 64 516
10 11 15 4 51 60 760
12 9 14 1 10 98 886
8 8 8 15 37 74 356
12 7 14 15 30 84 412
15 7 9 15 11 62 470
7 15 4 1 0 42 748
5 7 8 10 8 11 746
9 3 8 13 30 84 770
4 11 6 9 38 71 663
11 13 15 10 25 27 733
13 12 6 14 84 98 463
10 7 14 10 85 91 145
15 14 3 10 18 19 476
2 7 2 2 32 78 64
8 15 13 8 48 99 199
15 4 3 8 40 96 240
9 1 9 5 70 93 852
7 5 3 15 14 79 842
10 8 1 4 1 14 331
7 5 4 2 11 72 303
11 11 13 9 4 28 575
11 9 6 13 46 74 684
1 8 4 1 48 48 968
7 5 10 15 30 42 472
10 4 2 3 43 64 684
6 3 2 6 17 19 855
7 15 10 13 9 29 345
14 14 3 11 12 94 989
3 5 12 7 15 83 328
6 2 3 8 9 16 98
8 9 7 1 11 24 852
4 14 2 15 19 23 863
14 4 15 7 13 15 733
1 2 5 3 53 53 933
11 14 3 2 9 84 644
3 12 6 3 0 52 625
14 8 7 13 74 82 438
9 2 8 15 12 24 488
8 8 11 15 84 90 487
11 3 2 1 12 37 305
12 5 4 15 24 100 591
9 2 15 13 31 84 712
9 7 5 4 93 93 100
14 1 13 2 61 70 364
2 14 13 3 37 53 18
6 5 8 7 43 52 175
9 4 7 6 23 39 360
8 14 2 2 6 63 454
8 2 7 15 36 90 166
15 9 5 14 17 31 212
2 7 9 14 2 61 865
14 7 14 3 23 62 725
13 8 7 13 28 30 392
7 12 4 4 74 91 461
15 11 9 3 16 21 231
8 2 15 13 57 76 48
3 11 11 2 25 31 145
8 8 2 11 59 86 67
8 14 10 5 7 27 177
2 13 6 3 2 27 552
9 1 1 9 46 54 97
7 3 10 6 23 75 526
3 3 3 15 16 85 853
5 14 9 1 10 49 98
1 11 2 9 32 91 844
14 8 10 2 11 73 696
3 3 2 1 31 48 80
6 2 6 10 55 79 434
8 5 8 9 19 25 536
7 10 8 15 14 38 483
6 15 5 1 35 59 66
2 12 12 4 69 77 633
1 6 8 9 20 36 461
2 3 3 9 0 48 750
5 2 2 6 9 37 479
15 2 6 14 8 32 413
14 7 8 15 2 40 645
10 1 3 12 34 49 721
11 11 15 12 10 14 693
9 6 8 8 4 46 792
13 14 9 15 10 12 773
14 9 3 12 7 11 561
4 2 4 8 90 96 73
7 15 9 1 16 50 842
7 3 2 8 3 55 753
2 1 14 3 20 24 350
6 14 9 6 63 89 155
3 6 11 3 23 75 23
6 14 7 10 10 39 63
8 12 14 6 56 82 441
13 10 4 5 83 87 884
6 1 11 9 0 41 158
11 7 13 5 50 71 1000
4 8 2 8 50 82 859
2 11 9 15 25 51 73
12 5 5 8 7 14 516
2 2 11 5 17 55 784
1 1 5 5 4 64 84
9 5 5 5 64 95 255
8 10 5 8 6 29 493
1 10 1 3 30 31 942
6 9 9 7 17 63 403
13 8 7 10 87 96 469
1 11 13 11 0 39 451
4 1 12 13 15 18 526
7 8 9 4 29 99 344
13 7 9 13 12 14 50
1 12 6 12 1 16 245
4 12 12 15 0 21 750
12 12 3 6 28 55 356
3 13 3 5 10 15 864
1 10 15 9 31 53 653
12 14 2 7 12 12 640
15 15 13 2 62 94 936
5 10 9 10 30 37 874
13 7 4 14 20 42 952
12 5 8 7 51 67 87
11 11 5 9 19 46 715
2 4 4 8 0 25 427
6 7 1 9 24 26 250
12 10 3 15 12 19 446
10 10 14 9 65 95 178
4 13 9 2 15 45 19
3 14 12 13 2 20 519
9 7 11 2 2 26 385
2 3 13 7 11 64 844
12 3 15 4 3 37 675
4 3 2 6 26 44 869
4 3 9 10 50 90 69
6 12 5 6 53 82 37
15 8 2 15 17 79 282
7 15 13 11 14 32 653
12 5 8 10 18 82 571
2 1 9 8 10 33 368
11 15 13 3 55 75 604
3 14 10 10 11 52 188
2 14 1 14 18 34 597
8 13 13 15 86 96 106
4 10 2 1 23 37 886
9 14 15 4 54 77 765
14 2 13 11 2 58 560
1 6 5 14 15 26 811
12 8 9 15 8 57 592
8 9 3 10 39 42 303
12 9 12 4 6 66 138
12 12 14 3 57 67 896
3 2 7 5 22 48 317
2 5 6 12 18 31 60
8 12 4 10 35 45 913
11 1 14 6 68 99 252
13 11 2 13 87 98 473
15 14 15 10 48 67 722
14 9 3 6 58 73 537
6 11 15 9 70 99 851
13 7 2 12 70 79 407
2 4 10 4 6 53 993
1 7 1 5 7 76 603
6 3 7 2 20 21 16
9 4 12 11 16 94 460
2 14 4 1 11 14 707
2 9 11 14 6 43 914
2 13 7 4 37 60 479
13 3 15 3 0 18 267
12 3 9 8 34 98 969
3 9 12 8 80 90 825
12 10 1 12 28 36 97
5 15 15 2 6 19 580
4 7 2 4 35 49 571
7 3 1 3 29 62 769
9 4 14 3 0 95 769
3 3 9 6 3 31 72
10 5 4 10 42 83 798
8 2 12 3 75 94 701
4 15 13 13 31 56 90
3 11 12 13 16 50 102
1 5 10 7 68 81 389
8 6 14 13 15 21 923
7 11 6 7 12 87 630
5 1 12 12 70 70 591
13 6 6 13 14 14 365
9 3 3 10 51 81 929
12 15 6 8 33 94 878
12 9 1 6 15 43 756
6 10 1 12 5 13 337
9 13 8 3 71 94 679
14 15 7 7 9 14 737
11 6 8 14 42 60 356
1 4 12 9 32 86 33
11 6 9 4 2 49 368
6 9 10 4 71 79 134
7 5 11 1 19 27 248
8 1 13 7 10 61 207
6 7 4 2 2 99 531
1 10 6 14 1 25 310
14 15 12 1 24 39 970
13 7 3 15 32 59 465
1 15 13 2 14 32 52
3 13 10 2 21 23 209
1 12 1 15 2 39 839
8 7 7 14 48 48 852
10 15 4 7 11 51 984
11 9 1 9 26 28 927
7 3 9 15 1 23 247
6 12 10 1 0 21 526
2 6 7 4 5 46 179
10 14 3 1 22 41 474
12 10 14 2 6 21 454
11 14 8 5 73 76 699
2 13 11 5 5 16 340
2 3 6 13 23 49 511
13 3 11 8 8 41 754
14 3 5 7 14 30 647
1 4 7 2 2 10 175
14 8 7 12 8 45 903
4 13 6 2 65 86 804
2 4 7 12 2 93 429
6 4 15 15 56 90 682
7 6 8 4 17 17 941
4 4 11 10 12 61 431
5 9 8 14 48 92 969
10 7 5 15 38 78 117
13 6 7 11 39 40 576
8 14 5 1 24 76 228
6 15 2 4 7 78 376
5 7 15 10 14 50 430
2 3 13 2 53 80 583
5 15 5 11 58 90 117
8 7 2 15 8 13 524
11 15 9 2 8 13 954
15 14 14 14 18 29 515
5 12 6 1 6 67 647
6 4 14 5 20 92 303
8 14 5 12 68 75 545
5 6 12 8 18 36 118
14 10 5 4 32 32 830
8 5 11 10 6 23 412
6 5 11 13 36 39 961
9 8 2 3 42 53 745
7 1 15 3 10 71 688
10 2 1 1 29 70 677
6 8 9 1 29 58 325
7 10 3 2 3 37 46
9 3 3 3 43 63 437
5 11 15 13 4 17 903
6 9 12 4 15 49 567
3 9 1 7 39 49 673
6 13 7 9 13 86 261
14 12 11 11 21 41 978
7 7 5 9 43 68 97
5 9 4 10 68 82 874
3 13 6 2 16 34 608
4 1 12 6 20 25 133
4 3 12 2 28 75 373
9 4 2 2 31 92 30
9 8 7 1 19 96 606
2 3 8 7 29 34 276
13 2 15 15 27 63 636
9 5 15 12 23 29 288
6 9 2 8 45 58 584
1 10 10 8 12 37 315
6 15 7 4 2 12 483
2 11 13 8 13 13 962
13 6 5 2 18 38 752
7 5 10 8 4 18 164
6 13 13 8 8 84 552
12 10 4 9 31 38 297
5 2 14 2 58 82 144
11 13 9 8 12 31 698
2 12 11 2 3 99 963
12 2 8 2 39 50 357
2 4 10 10 14 14 547
12 2 7 4 18 27 716
4 3 3 4 9 36 261
8 14 3 13 37 75 562
15 1 12 6 40 93 589
11 9 8 3 6 93 464
14 3 3 3 53 91 992
8 5 14 15 33 96 911
2 5 5 6 73 79 393
15 9 14 7 0 90 600
7 10 11 13 79 85 52
9 7 15 4 32 49 817
1 6 5 7 43 45 771
2 8 2 5 26 37 752
5 10 12 11 9 10 129
12 4 5 12 9 28 153
2 2 9 15 1 39 549
6 7 8 13 24 52 676
2 6 8 14 36 83 414
12 3 14 2 9 10 424
6 12 7 12 14 31 413
4 5 7 14 36 72 165
9 10 8 11 25 66 486
4 2 14 2 4 10 923
7 4 8 2 5 14 742
4 2 15 11 0 70 173
11 12 7 9 16 58 352
4 5 6 1 6 56 542
9 3 4 8 47 96 143
4 4 10 12 33 85 907
7 2 3 4 37 94 97
8 5 9 10 39 96 699
11 1 12 7 1 13 257
9 4 6 2 24 66 878
5 15 14 13 3 100 692
14 4 1 8 19 32 464
5 8 2 5 30 61 500
6 2 12 13 8 12 197
4 12 8 1 13 18 79
6 1 10 12 6 27 295
11 8 12 4 73 90 729
10 11 8 1 54 57 726
1 6 10 2 13 53 532
8 6 15 2 59 93 666
8 6 5 1 14 70 959
6 6 2 11 13 76 168
2 10 10 1 0 23 969
7 9 12 9 59 86 508
7 1 3 10 62 95 980
1 10 8 15 11 42 618
1 15 4 9 50 86 200
15 15 15 6 35 39 520
5 15 10 14 31 83 129
5 13 6 8 58 68 833
1 12 8 13 30 68 917
13 2 15 9 63 88 690
9 14 10 14 14 46 687
7 6 9 2 9 10 323
5 9 8 2 4 60 519
4 9 5 15 18 77 571
1 7 6 8 27 28 823
5 15 14 1 16 23 654
4 11 14 4 77 82 405
13 15 10 9 31 52 611
12 6 11 3 1 19 55
8 14 14 4 5 22 414
14 10 12 7 22 60 799
12 8 2 13 27 61 235
14 9 8 10 8 94 724
9 4 4 3 21 90 105
12 9 10 1 4 22 732
5 1 14 15 4 54 586
14 9 4 6 22 70 616
7 15 2 14 20 45 642
10 12 14 10 24 52 469
12 2 12 1 11 11 115
2 3 10 13 72 85 95
1 10 8 8 12 22 762
1 9 5 15 39 70 696
10 13 6 6 7 18 842
15 14 5 7 37 38 985
6 14 8 13 31 72 763
15 6 6 12 1 23 433
5 4 13 4 18 18 35
10 15 13 7 9 19 201
3 13 10 15 5 36 90
5 7 8 6 22 23 458
9 15 8 7 56 73 668
12 4 2 2 63 73 489
8 5 14 7 8 68 153
10 3 7 15 13 51 473
10 5 10 14 40 78 579
8 8 3 4 6 14 907
2 14 8 9 23 23 179
1 3 8 5 57 74 840
10 8 7 15 67 91 613
15 7 1 13 45 70 423
3 10 15 5 22 47 979
15 11 9 9 4 32 192
6 6 1 13 25 68 607
12 1 8 10 20 81 333
4 8 10 15 86 86 808
15 12 5 2 15 60 259
8 3 12 7 4 13 498
5 6 14 13 4 42 236
9 10 15 2 51 99 816
3 2 3 9 19 59 770
5 4 13 13 18 25 535
11 11 4 13 37 74 162
11 10 9 7 87 90 370
8 8 4 12 3 12 179
9 2 4 6 11 38 174
10 13 4 8 15 75 337
4 6 10 1 13 14 537
4 10 8 15 7 23 513
6 12 3 1 65 71 978
4 14 7 1 18 23 861
14 13 3 12 33 49 208
5 6 11 1 22 45 707
4 9 3 15 41 99 988
3 14 1 13 62 69 469
1 13 4 4 2 94 909
12 10 1 15 14 81 149
14 10 5 5 16 22 391
6 8 10 2 61 90 832
10 13 2 15 4 65 121