350
37 7 23 10 1191 1319 90
20 5 44 14 618 727 60
40 14 36 24 2237 2313 100
14 20 49 35 2708 2948 60
44 36 28 30 1711 1913 90
8 38 32 38 292 505 40
39 49 17 26 0 244 70
36 32 25 41 991 1087 40
6 7 16 11 855 1070 60
48 35 12 15 2386 2475 50
44 43 5 48 648 788 70
29 29 38 24 913 1070 40
27 21 24 26 385 481 60
41 14 7 25 1446 1574 50
41 21 20 31 1241 1362 90
48 22 20 26 1425 1534 100
23 21 25 35 1864 1914 60
27 35 28 19 1716 1793 100
42 26 10 21 2673 2872 90
11 25 37 41 2152 2305 90
48 39 13 50 637 814 70
49 47 50 7 51 209 100
16 15 33 33 2401 2498 70
25 46 11 45 1386 1489 50
13 50 33 42 1109 1296 100
38 29 29 9 627 803 80
8 17 24 46 1550 1607 40
23 42 47 29 2217 2335 50
9 14 16 22 203 261 40
25 12 41 18 470 581 40
49 37 12 46 2095 2163 40
19 45 14 37 47 289 40
39 36 18 32 1425 1497 60
21 5 49 42 636 853 80
32 11 44 8 363 518 50
11 49 30 45 362 477 100
45 9 45 17 629 872 70
7 24 48 25 2003 2204 60
20 17 47 41 759 957 80
50 14 42 7 126 198 70
9 47 24 7 2607 2755 50
48 27 45 6 1624 1772 100
32 36 20 44 336 484 90
43 10 30 20 782 930 90
25 20 7 33 2347 2556 40
50 15 9 10 2545 2622 100
27 18 16 13 2033 2244 60
43 36 24 36 1585 1672 90
6 26 18 39 1706 1954 100
21 42 41 43 2278 2493 80
24 23 19 30 121 305 40
29 45 6 14 176 397 70
12 19 28 18 1467 1587 90
6 22 26 6 283 399 100
32 14 50 19 486 649 40
29 34 31 36 79 232 90
19 28 23 5 66 237 100
37 18 12 29 1666 1785 60
46 12 11 31 329 529 60
14 33 20 40 1426 1638 60
11 36 11 22 153 341 40
7 14 12 29 1861 2086 90
34 41 21 9 1266 1347 90
7 47 38 41 1285 1470 40
47 28 35 31 2621 2713 40
8 46 20 17 55 261 60
27 20 9 40 1776 1844 100
15 48 44 34 1100 1216 60
31 32 40 33 2773 2897 50
14 17 19 44 2372 2525 40
39 16 23 30 999 1108 90
49 8 24 22 2132 2287 70
46 38 34 27 768 987 40
30 32 21 36 1878 1966 40
35 35 49 43 1110 1344 80
44 43 16 49 261 404 40
25 8 12 18 1527 1650 50
45 36 44 33 2184 2261 40
31 28 12 15 1790 1991 50
48 20 11 43 322 544 40
38 18 13 20 975 1027 40
9 33 7 36 2682 2873 90
11 11 19 34 2024 2133 40
40 23 25 13 227 309 60
9 37 46 36 2241 2402 40
12 40 12 43 2296 2440 50
27 27 24 48 1501 1635 60
14 33 21 41 253 440 60
8 13 48 17 413 610 60
23 47 17 22 2402 2530 60
36 37 17 29 2053 2213 60
45 38 10 12 2268 2427 90
10 26 48 46 2138 2254 60
26 9 32 19 232 405 90
25 36 31 48 58 219 60
20 18 8 46 1921 2117 50
7 37 21 45 1597 1742 80
36 31 29 38 1484 1552 50
19 5 23 46 2218 2441 40
16 15 41 30 1997 2218 50
30 30 7 7 939 1077 90
36 18 10 44 2382 2549 60
44 9 41 29 605 716 50
18 35 39 12 1719 1774 80
6 13 47 25 1851 1907 50
31 19 26 18 1713 1805 70
47 20 14 37 2559 2659 90
17 18 36 8 39 176 40
13 14 36 38 843 976 70
43 19 20 50 1019 1182 80
9 14 27 8 1334 1417 100
12 17 17 13 2504 2672 50
5 44 50 36 1342 1479 100
39 21 5 44 1327 1396 60
43 30 17 45 1445 1511 100
49 11 33 29 827 972 100
6 47 17 12 1621 1717 40
28 34 48 47 5 251 90
34 25 36 43 1655 1866 50
11 25 31 8 1303 1519 40
38 28 28 16 2530 2588 40
50 43 5 9 2799 3032 60
46 18 42 45 127 348 90
39 7 50 14 906 1092 50
34 33 17 36 646 891 40
30 10 21 29 176 337 80
7 45 32 36 1670 1881 70
31 50 33 7 1908 2011 50
47 11 17 7 803 900 40
15 32 36 23 1948 2170 80
6 6 29 16 2147 2271 80
38 25 25 39 1843 2079 40
18 37 48 34 2281 2505 70
9 7 22 32 205 336 50
44 10 11 28 2400 2639 70
50 11 36 14 2029 2231 70
27 28 7 32 2366 2568 90
36 7 5 22 2438 2536 60
48 10 24 10 2714 2906 70
42 34 12 39 1062 1137 40
7 38 29 32 1136 1209 100
10 43 20 12 91 271 60
44 15 49 32 2388 2607 70
15 37 20 43 2492 2728 100
32 35 44 15 2393 2553 100
15 7 40 37 2163 2363 60
26 19 9 41 2354 2505 80
30 16 48 5 534 780 80
27 18 32 24 7 68 80
36 29 8 6 1348 1481 40
35 43 45 21 1240 1328 40
27 35 44 46 378 513 100
17 26 27 6 1874 2031 40
18 6 50 45 2180 2324 70
39 44 38 12 2082 2257 50
31 39 22 11 8 81 70
7 20 41 10 1983 2168 90
43 33 30 21 2566 2790 80
23 27 37 27 1921 2025 60
22 38 40 28 1979 2108 40
31 47 42 21 2705 2921 70
47 26 21 48 2524 2618 80
41 17 7 17 77 325 60
7 16 31 15 1947 2040 90
50 35 48 43 2591 2666 50
15 9 22 29 638 742 70
15 11 46 19 670 912 50
18 10 45 44 1772 1882 40
10 11 22 46 2201 2277 50
44 40 7 10 975 1027 90
35 5 28 39 477 654 80
31 46 48 6 638 755 70
22 15 14 34 1919 1987 70
16 44 48 20 867 978 90
29 13 38 35 1318 1551 50
20 21 41 9 2156 2255 100
14 20 19 21 303 354 90
13 40 34 12 480 642 80
8 43 5 37 1946 2150 70
20 18 40 6 2589 2673 90
17 10 16 39 223 459 100
14 20 49 39 278 490 90
29 28 37 25 2776 2887 80
15 8 14 21 1853 2012 90
14 20 10 34 2373 2506 40
5 15 33 45 166 294 100
32 49 30 47 1340 1537 50
39 39 23 16 2266 2327 70
32 30 11 21 364 611 40
26 33 48 48 681 774 60
10 39 21 33 1219 1366 50
21 43 8 8 2790 2994 40
34 8 13 28 405 645 50
14 28 26 26 2693 2881 50
5 28 17 20 2643 2779 90
44 42 9 9 2071 2292 60
39 31 34 10 1558 1651 90
6 33 13 13 1822 2003 70
18 26 44 25 932 1026 80
50 39 19 16 808 1027 70
12 43 23 50 2150 2314 70
40 43 13 14 62 291 70
46 39 45 10 2417 2500 50
23 9 34 12 2123 2364 100
10 34 34 18 2162 2254 90
30 40 41 27 951 1109 40
23 17 13 8 564 641 70
30 26 26 17 1075 1155 50
40 27 31 22 2144 2213 50
32 24 31 7 1692 1890 70
49 20 24 31 2398 2578 40
27 49 24 46 386 483 60
42 24 21 34 2645 2888 100
32 14 13 49 731 895 50
42 39 46 40 2439 2681 80
10 33 49 15 2288 2397 70
9 38 9 45 1842 1930 40
5 24 47 37 2 252 90
34 37 42 18 253 441 40
20 6 8 49 1457 1563 50
14 36 30 10 2394 2552 90
25 47 41 13 1868 2023 100
19 23 43 5 990 1108 100
36 34 49 50 504 683 60
34 27 36 28 650 846 50
28 48 47 8 2343 2456 60
23 45 36 19 549 748 50
40 38 45 5 2362 2522 90
44 10 45 40 2750 2847 80
27 42 49 28 1859 1960 50
29 18 44 34 793 1032 60
33 19 11 36 68 225 50
31 30 13 23 2009 2151 40
43 35 37 45 550 724 90
29 23 8 13 291 351 40
41 25 33 32 173 230 100
31 11 31 6 2292 2451 90
14 12 39 43 2332 2571 40
38 37 38 28 1582 1778 60
7 45 45 27 2364 2469 100
32 47 7 12 405 512 70
26 12 43 41 1283 1524 40
42 14 36 19 1579 1793 90
46 49 37 36 2685 2814 40
31 11 6 34 1424 1564 60
25 19 24 41 1391 1516 100
43 40 39 34 618 766 80
13 28 17 18 159 288 50
38 10 27 28 2754 2810 90
21 15 6 32 1539 1732 50
34 31 6 8 2007 2129 50
5 44 13 37 1967 2089 80
31 41 22 50 240 346 50
39 37 19 12 979 1203 50
44 47 18 17 2180 2354 100
28 18 32 14 2623 2796 90
31 16 5 21 2020 2232 80
27 8 28 35 1771 1952 70
14 44 18 48 1441 1583 80
30 39 22 33 1766 1943 40
18 24 50 24 582 792 40
23 13 28 35 572 637 70
27 9 13 11 1319 1540 100
9 39 44 9 793 868 100
9 15 13 37 1774 1833 80
34 37 42 27 2386 2480 40
44 20 25 15 965 1042 50
9 30 16 50 152 207 50
13 29 23 14 1727 1784 90
37 20 11 34 1211 1269 50
8 12 12 50 1800 1945 100
47 48 19 29 815 882 70
12 49 41 34 517 684 80
37 42 16 39 1029 1241 90
50 39 34 42 1150 1345 40
5 49 46 11 1373 1603 60
6 12 43 23 491 606 80
48 47 32 8 20 263 50
18 34 37 18 518 690 100
29 40 30 12 395 509 90
36 17 37 15 1751 1977 40
14 32 15 12 1368 1608 40
15 38 10 40 1820 1884 90
27 42 25 7 957 1152 40
10 38 29 42 1559 1642 80
6 21 29 38 528 580 50
12 8 12 49 1052 1265 40
23 41 12 28 26 161 50
39 50 27 49 249 328 90
19 19 47 43 1355 1520 100
49 5 16 15 342 425 90
39 18 39 25 1833 1889 40
48 46 7 20 2194 2333 70
44 8 30 36 271 443 90
5 8 34 23 216 379 100
18 44 10 6 720 967 100
39 20 9 34 2234 2398 90
32 32 29 35 1995 2131 60
37 10 18 44 2258 2472 50
5 48 16 33 747 911 70
32 44 18 22 551 801 60
37 21 21 27 2591 2827 50
18 8 8 28 205 423 70
11 6 17 15 998 1226 90
45 49 33 13 2771 2894 70
22 45 34 19 2506 2559 90
33 28 35 45 2421 2662 50
37 45 48 6 5 180 90
50 24 7 11 771 860 80
23 44 47 29 340 452 60
35 40 21 38 343 421 40
7 49 17 22 1233 1353 90
28 21 27 10 550 633 60
5 37 32 44 1599 1776 50
13 44 50 37 1397 1560 90
39 5 17 13 42 153 50
24 30 50 22 775 938 80
5 8 37 21 1412 1597 40
40 29 48 36 2380 2537 60
7 49 47 38 2325 2443 100
43 49 11 28 1438 1551 100
32 23 36 8 2128 2332 60
14 32 33 31 109 226 100
14 16 25 16 1113 1194 40
29 33 44 10 1836 1935 90
42 42 20 37 2243 2487 80
15 33 29 9 2108 2190 40
23 40 38 47 554 702 40
36 6 6 11 1590 1729 40
34 39 43 13 711 861 90
30 38 29 14 434 494 100
49 37 50 37 2521 2660 40
25 36 41 35 21 193 50
40 17 14 41 146 355 40
20 5 15 28 1422 1526 60
6 28 38 34 109 178 70
13 37 48 8 2233 2386 50
9 26 25 23 2670 2762 40
29 50 12 33 577 798 100
18 25 15 38 2089 2216 50
12 32 25 10 2132 2265 100
39 23 46 48 535 771 40
23 6 37 7 1172 1307 70
15 28 41 47 788 923 50
20 18 9 30 2577 2687 50
11 7 19 9 2772 2927 40
14 36 8 19 704 888 50
21 10 22 40 1691 1757 100
28 24 42 17 1225 1370 40
17 44 33 12 545 711 100
