50
78 63 51 30 161 459 319
85 92 34 88 1847 2209 369
54 44 43 31 98 292 343
19 56 95 100 1451 1728 261
36 18 15 33 422 578 382
32 65 80 97 1072 1384 289
97 18 98 28 43 284 167
72 94 54 54 1354 1629 229
93 59 80 63 1813 2147 161
66 84 75 89 1501 1863 327
14 23 50 34 739 914 363
75 91 76 36 1199 1483 180
88 16 54 78 1093 1365 223
90 37 71 39 280 566 158
64 70 12 41 1235 1436 179
91 23 20 70 1598 1822 266
41 64 61 71 250 572 292
42 57 44 35 1322 1539 250
89 71 16 27 1664 1896 179
87 55 77 31 1196 1478 237
45 22 95 34 210 426 221
65 26 18 87 79 284 275
61 32 23 49 981 1171 361
95 51 78 56 417 755 180
10 70 47 77 311 561 234
54 47 48 56 1369 1575 216
10 30 73 94 545 764 163
41 38 97 89 55 328 177
10 87 21 42 238 474 327
70 19 20 19 1236 1423 395
98 83 56 42 1484 1823 175
17 56 82 99 305 583 396
98 67 75 68 387 735 189
58 55 22 14 114 308 262
56 75 58 59 48 307 275
56 66 59 86 97 389 198
77 44 43 71 471 812 360
36 19 37 67 281 458 150
93 15 65 97 312 609 283
62 74 20 10 149 371 198
55 68 56 25 1564 1849 370
88 97 39 33 398 694 254
61 62 39 93 746 1033 368
40 60 19 41 28 248 203
99 37 50 86 224 536 203
40 66 91 37 84 369 313
15 100 28 94 636 924 332
34 42 61 79 104 338 179
69 21 46 63 1675 1935 325
52 15 47 72 1384 1570 359
