400
36 12 10 10 252 525 375
16 45 35 19 92 209 220
24 47 29 12 159 365 322
19 39 22 10 384 671 152
19 20 14 22 17 254 350
17 25 21 28 127 346 410
28 14 29 47 260 404 485
23 48 33 38 112 352 413
46 32 50 39 447 634 162
13 36 42 48 57 234 270
42 38 24 28 137 283 137
20 37 28 16 377 551 83
26 43 45 17 139 421 320
28 48 45 10 185 470 116
12 50 18 44 404 578 378
27 18 33 45 156 387 423
33 17 27 17 116 268 375
42 18 23 20 416 523 248
26 29 23 31 217 339 410
46 25 33 19 144 442 350
22 48 43 22 150 338 105
25 12 31 49 411 527 371
45 26 15 36 39 274 334
50 17 11 23 235 416 289
40 43 36 16 70 249 411
20 34 40 30 107 370 127
29 32 48 17 453 660 57
35 40 32 25 164 357 111
23 20 19 30 164 415 131
47 13 49 33 462 589 390
38 18 47 24 466 572 325
13 49 48 26 450 584 114
19 31 33 33 92 278 123
40 36 14 49 167 381 464
28 36 32 13 396 608 194
20 20 19 38 325 460 273
36 41 11 46 53 177 337
39 23 24 47 462 733 85
49 36 12 46 243 517 301
12 20 42 37 311 510 125
16 48 34 18 143 348 428
28 46 50 11 335 601 291
10 21 22 35 99 343 246
28 11 22 20 364 623 62
30 28 31 23 281 396 255
16 24 49 22 10 131 150
15 21 23 15 234 514 390
43 22 16 31 15 189 293
45 28 18 11 358 488 305
14 21 30 18 97 251 170
41 42 29 40 408 664 180
15 15 25 14 342 632 164
39 30 36 50 424 579 341
46 32 10 11 479 615 291
14 47 34 34 230 470 190
21 20 11 12 133 364 269
35 12 21 16 45 300 169
14 29 39 16 351 457 382
32 43 13 42 255 526 372
45 32 39 37 33 147 59
38 20 38 31 35 164 271
25 49 17 36 295 414 187
11 44 34 25 267 368 357
46 32 10 50 146 434 312
18 32 44 40 71 218 119
20 13 30 36 481 594 472
48 42 39 49 276 400 56
39 23 40 10 447 689 173
40 45 42 13 444 688 462
49 42 12 32 284 525 120
20 10 46 26 191 341 491
14 16 19 27 2 206 382
29 40 48 33 450 577 151
21 36 43 23 285 485 250
14 45 30 18 117 409 196
30 22 23 38 42 144 378
41 41 24 28 243 467 410
31 49 44 30 392 538 478
37 14 37 43 277 532 225
45 33 10 43 414 622 76
12 17 11 27 195 473 72
38 44 30 15 447 603 496
36 42 21 20 355 556 497
19 25 13 21 125 417 118
39 10 48 15 39 145 386
46 24 24 37 183 372 377
41 39 41 46 378 614 172
30 26 21 23 86 232 214
27 15 25 24 5 143 187
13 33 47 31 428 584 131
23 11 19 45 441 720 99
35 11 39 39 246 473 217
12 36 32 42 328 552 113
21 48 49 33 297 543 411
42 17 26 36 191 422 157
20 44 25 44 214 324 137
10 34 44 29 482 703 498
32 32 35 35 127 252 421
49 38 41 40 161 265 334
25 32 48 50 205 352 180
43 44 10 16 232 334 311
50 34 14 45 85 381 268
36 32 12 10 198 322 115
20 44 39 14 273 543 189
19 37 41 33 103 225 225
27 46 45 39 247 476 127
36 50 17 32 42 223 257
17 16 40 37 493 721 99
17 37 38 19 87 233 58
26 26 33 23 124 411 383
46 30 35 42 58 348 215
37 45 20 44 293 564 277
48 45 44 35 326 498 61
11 22 10 36 373 630 296
31 48 46 34 316 462 274
50 46 41 46 375 512 291
40 43 12 22 287 576 165
15 29 46 13 254 400 340
47 42 10 23 395 658 402
28 45 29 11 467 596 353
49 18 48 38 9 168 109
48 44 11 19 155 383 86
38 26 19 11 335 443 159
27 37 29 28 160 307 494
14 31 30 12 60 234 441
48 44 47 28 31 150 118
26 48 11 49 449 654 158
20 39 15 46 413 574 458
33 50 29 46 198 478 428
38 31 22 27 390 500 371
30 49 42 27 324 529 181
43 17 47 42 291 411 109
48 42 43 18 30 180 94
25 24 44 26 366 560 500
42 10 31 20 295 400 107
42 50 27 15 116 263 239
44 36 19 31 188 354 185
44 11 22 20 334 448 434
12 27 28 36 175 318 371
44 29 46 29 264 426 289
46 34 39 40 271 530 74
35 10 41 37 443 646 472
24 47 13 32 401 540 453
19 49 34 38 316 425 90
45 45 50 11 418 661 428
41 41 49 35 414 678 105
41 12 35 38 292 422 287
12 45 21 20 211 511 252
40 25 50 21 2 127 436
20 23 18 37 402 573 250
42 20 41 33 248 392 238
30 21 16 41 271 379 280
21 35 42 16 484 733 356
17 29 24 40 216 432 412
20 49 17 37 432 603 141
29 28 35 11 491 649 322
40 14 17 10 273 474 411
31 40 40 24 57 181 168
45 37 37 47 436 538 297
34 32 47 17 225 492 373
10 14 14 40 75 207 150
15 30 32 35 296 525 446
27 11 46 45 26 272 403
17 39 18 28 325 542 138
41 30 35 14 455 562 256
29 33 17 47 52 204 360
46 34 43 46 346 586 190
30 48 48 25 123 376 63
26 50 28 25 305 449 255
42 23 28 49 462 736 66
37 18 15 42 31 266 263
30 34 31 43 474 710 411
35 15 20 16 148 248 62
21 44 38 19 62 252 282
39 44 49 21 133 352 269
15 16 19 35 316 573 468
40 28 11 21 128 363 124
23 42 16 46 286 443 442
17 12 30 44 80 317 71
16 17 29 41 444 545 302
18 40 12 12 261 413 82
44 41 35 41 73 347 315
44 31 26 35 428 557 330
12 34 26 10 55 350 82
29 25 29 38 316 471 454
19 46 48 37 63 243 446
31 41 26 17 107 327 427
25 40 41 20 16 227 297
15 42 49 44 311 565 421
35 50 32 18 138 303 491
28 21 39 46 232 476 281
24 23 10 37 103 382 370
30 21 30 23 379 530 146
14 25 23 31 316 580 218
21 24 33 45 236 466 274
27 35 18 46 490 674 284
37 31 44 50 374 626 198
32 41 18 49 315 459 137
28 15 10 50 345 528 87
20 31 28 10 390 524 258
16 37 12 33 395 552 275
14 48 41 19 205 370 122
49 41 11 40 40 154 50
27 42 22 34 323 556 484
31 21 11 42 500 666 497
36 42 33 43 53 167 138
29 25 37 21 162 455 351
24 50 40 17 297 425 249
26 31 24 37 426 535 269
43 13 48 16 6 223 483
32 14 42 48 79 349 465
21 45 46 22 414 654 222
29 44 15 23 288 477 440
13 47 33 32 249 478 459
36 43 22 48 235 521 168
25 10 40 38 105 346 153
15 10 31 31 129 302 50
19 19 32 37 205 305 365
24 16 38 49 164 376 446
48 50 14 29 474 686 241
18 41 28 29 164 319 381
19 29 19 18 488 625 150
13 36 14 15 192 492 202
33 42 15 37 138 390 371
10 28 33 32 269 406 332
30 22 33 27 369 487 109
21 14 25 24 275 453 50
29 12 15 39 475 715 310
39 47 37 11 250 411 255
36 11 37 43 498 605 433
45 43 42 12 48 174 180
45 38 22 19 205 443 400
29 23 25 32 168 307 188
16 49 20 24 329 507 185
27 24 28 14 471 584 173
33 41 40 38 60 303 316
32 38 47 39 190 329 208
21 49 13 24 377 622 305
22 38 38 25 456 671 279
34 24 50 23 492 643 430
31 47 16 31 365 551 240
46 28 25 31 478 637 249
44 45 26 24 369 517 73
19 30 13 28 200 312 461
20 14 36 42 118 322 86
33 45 44 47 292 488 431
14 39 25 19 392 532 179
20 35 42 23 449 727 498
35 11 22 29 115 347 238
20 30 20 13 94 202 274
20 16 25 23 412 618 138
37 32 35 35 360 511 191
33 31 24 13 62 182 145
43 44 39 11 84 294 147
16 19 29 38 279 513 334
38 22 40 35 386 551 299
43 44 47 44 203 427 316
50 27 12 18 24 144 91
15 15 46 25 498 685 257
13 40 15 23 336 479 425
21 30 12 36 109 310 286
35 23 29 29 80 239 458
43 30 11 25 52 287 379
41 34 35 48 281 468 161
36 41 22 15 233 391 59
21 25 44 23 477 717 285
23 17 33 46 396 685 417
32 26 18 33 143 388 228
16 32 41 47 78 341 459
17 20 25 22 235 495 102
40 14 35 39 452 642 392
24 41 28 25 61 279 226
47 24 46 37 499 678 192
14 36 48 12 266 562 299
14 29 39 32 38 292 286
39 36 19 36 84 283 211
39 45 14 21 100 262 314
37 16 23 32 223 399 371
10 31 19 40 76 294 385
22 48 13 35 96 290 90
41 12 14 22 3 231 236
41 33 46 41 52 219 323
38 40 26 25 33 251 350
29 31 45 21 402 556 113
34 21 27 13 446 725 418
20 35 35 20 485 662 330
29 33 11 31 331 524 453
41 10 39 32 420 596 202
30 25 28 44 225 328 153
22 45 13 45 419 692 161
15 46 41 38 365 499 291
44 44 40 16 373 661 185
13 31 32 14 483 672 495
18 29 22 48 332 477 167
26 33 33 20 185 435 456
11 10 30 17 431 648 180
21 10 11 32 280 426 135
44 24 38 19 152 447 276
25 40 36 15 350 475 106
43 30 12 24 497 677 110
46 29 15 44 111 328 349
18 19 21 17 65 206 231
14 10 15 36 201 424 326
17 17 43 44 500 688 184
26 42 26 44 351 507 451
32 22 49 48 175 340 461
15 50 49 50 474 626 171
18 47 20 23 169 387 103
23 20 47 17 115 401 446
15 41 31 38 40 282 221
19 26 14 14 263 484 312
17 47 48 28 77 348 202
42 43 28 26 122 361 279
45 38 44 34 159 397 338
31 32 36 20 403 531 433
11 13 16 36 259 425 109
35 46 28 38 299 510 163
47 30 47 31 438 589 118
24 16 21 32 481 776 456
16 37 13 17 18 245 298
29 18 26 41 217 498 377
46 41 17 37 198 448 388
48 17 32 12 184 439 124
42 25 39 45 212 416 74
50 26 29 21 278 561 431
50 47 38 39 330 522 105
11 19 38 22 169 305 388
35 40 32 34 34 278 343
17 25 30 31 404 574 189
14 14 19 22 444 651 166
38 13 25 50 399 602 105
50 21 24 21 246 348 147
38 12 15 27 359 613 352
29 19 21 38 57 349 486
13 17 46 22 81 304 242
44 31 35 36 495 690 473
44 26 21 21 86 327 303
25 48 33 12 202 439 256
23 34 42 13 253 445 480
42 47 34 14 464 595 283
16 34 18 18 189 292 204
19 13 22 25 25 151 77
26 50 24 25 170 448 157
12 36 11 40 265 542 222
42 30 44 40 460 606 228
34 43 20 20 229 449 163
15 20 19 26 175 395 202
16 40 25 25 26 175 498
32 20 12 37 231 422 168
46 17 50 13 157 451 94
47 36 10 10 191 360 358
26 24 47 18 432 555 96
13 22 32 14 81 374 317
18 46 30 30 485 624 209
19 16 48 13 260 558 70
12 34 39 40 405 621 410
26 48 13 27 103 371 277
15 45 27 17 311 524 192
50 49 16 14 499 749 458
30 19 27 16 499 731 372
20 44 17 22 447 603 410
35 38 20 11 6 238 455
24 24 24 13 26 192 246
30 17 40 13 207 475 246
40 11 49 42 374 614 450
16 18 38 27 379 632 55
10 45 11 22 154 282 372
41 34 10 20 151 335 391
49 36 15 42 72 359 220
14 16 50 49 128 360 79
22 21 30 16 49 272 346
21 21 35 19 124 379 369
17 48 15 32 218 417 248
29 42 14 20 248 482 466
23 38 43 37 63 247 397
46 37 48 48 222 482 54
18 32 22 20 22 315 342
24 28 21 30 203 403 420
13 22 17 22 313 568 493
49 37 49 10 161 415 160
15 27 21 24 181 340 157
45 30 31 26 485 588 203
11 48 17 36 345 448 212
48 23 36 19 303 534 419
17 23 46 24 447 569 170
48 43 11 17 364 580 235
24 16 34 16 357 534 331
10 36 11 26 163 381 418
32 25 30 16 171 360 152
15 32 41 27 311 524 470
29 31 49 45 350 573 156
37 29 16 42 469 591 342
47 30 42 21 112 279 393
25 22 30 34 67 264 104
29 40 13 41 185 354 335
35 27 43 22 16 226 281
10 11 30 28 412 710 356
49 36 32 41 362 639 244
25 21 50 25 49 280 274
46 34 50 12 32 163 382
