300
17 51 54 75 576 1328 99
21 70 34 11 1158 1680 94
15 44 32 99 1244 1844 67
35 31 67 60 3033 3747 99
89 76 49 10 1860 2570 39
34 36 62 36 661 1179 79
6 13 10 49 655 1249 77
2 5 71 15 2815 3497 28
72 48 90 49 2377 2879 99
89 75 77 73 3200 3688 32
94 36 50 3 2917 3407 75
8 72 5 89 3388 4016 31
63 59 17 100 597 1261 51
27 61 30 78 75 833 40
76 13 12 98 2929 3543 97
97 26 92 9 3135 3707 68
66 57 53 6 2980 3654 72
76 83 40 51 1302 1846 46
17 63 76 85 1527 2319 72
81 53 21 97 1345 1903 77
39 86 54 62 1587 2095 82
57 84 26 20 437 1107 60
22 70 37 18 159 895 6
73 4 12 90 175 685 38
78 25 80 93 3219 3947 87
35 14 79 43 1460 2090 72
56 99 3 12 1210 1924 1
82 12 62 16 840 1336 89
33 83 52 42 1231 2027 48
98 29 36 54 682 1224 77
42 57 85 39 550 1148 49
58 18 87 96 481 917 79
86 29 28 11 772 1556 73
71 28 53 54 476 1234 8
96 41 80 29 3408 4144 16
35 37 100 45 3007 3717 22
43 87 56 7 1030 1808 16
4 5 46 38 256 812 1
27 65 64 79 2103 2749 67
81 3 65 20 538 1270 33
72 22 57 40 1855 2303 40
18 63 41 61 1104 1598 90
75 70 87 4 115 609 5
73 81 35 57 1242 1996 84
66 67 72 64 3465 4265 93
68 87 74 56 1176 1800 29
40 55 39 50 1414 1824 12
74 87 1 42 2370 3140 98
52 13 93 69 3029 3581 86
77 54 83 9 3513 4173 23
88 61 86 35 1563 2125 21
5 52 75 33 732 1232 53
69 46 88 73 1305 2033 24
22 87 66 84 2416 3180 2
27 18 56 20 1272 2044 41
19 16 54 35 2040 2798 22
93 84 73 93 8 782 57
71 15 17 94 2242 2756 71
87 99 100 54 107 885 22
34 96 61 54 2519 3185 57
13 50 36 16 573 1243 22
75 7 2 73 1545 2315 36
2 59 40 43 1262 1878 23
62 78 40 51 3445 4239 54
36 90 76 93 1960 2744 32
43 1 70 25 1588 2168 27
38 59 47 62 170 724 43
17 64 58 64 3121 3841 34
76 31 94 64 3244 3752 22
89 59 57 63 2844 3512 22
74 83 76 97 3315 4093 60
9 96 43 14 1540 2042 65
78 8 61 10 1983 2407 42
52 70 27 2 3495 4171 35
92 34 17 46 486 1216 80
90 23 32 40 2008 2542 76
73 13 66 62 1754 2196 59
4 72 72 31 1986 2582 41
39 51 2 17 3340 3882 13
59 75 22 24 2951 3619 49
5 53 5 99 1800 2304 89
25 12 84 19 1659 2157 59
72 13 15 18 2542 3066 34
44 41 18 94 214 976 100
42 76 92 42 2592 3148 59
21 21 19 32 1038 1702 95
5 90 71 74 1026 1678 12
32 97 93 86 2236 2672 79
14 95 14 50 1888 2384 8
89 83 67 22 2220 2968 47
28 96 90 12 3456 4086 21
42 31 53 88 1363 1971 11
83 5 97 99 1405 2087 61
1 88 86 6 2701 3497 46
5 83 8 96 2445 2965 95
14 98 27 8 125 875 16
58 88 94 22 3540 3960 88
35 1 48 78 57 683 46
8 73 8 62 2083 2865 80
56 11 29 97 1400 2108 16
50 83 57 57 2465 3185 74
81 34 10 74 2239 2865 71
78 35 93 94 1429 2089 45
56 12 84 46 831 1385 43
93 2 22 43 1746 2410 69
32 30 87 94 2406 3144 58
64 61 88 83 2437 2999 22
24 33 28 69 132 638 65
74 86 3 24 498 1008 40
35 49 91 21 1354 2024 90
34 66 77 56 3592 4308 100
10 2 68 49 3578 4146 84
38 85 67 32 417 1213 22
96 84 10 14 3353 3923 97
67 90 22 57 3272 3684 68
7 51 33 63 1587 2193 27
94 59 60 77 2038 2764 49
92 64 16 61 2931 3691 60
11 24 1 4 2337 2859 92
59 23 17 3 1345 2037 13
99 8 47 75 3384 3796 66
79 23 38 55 2313 2951 72
78 23 4 66 1800 2210 67
72 83 1 71 325 975 81
89 92 65 43 316 870 64
24 60 66 52 3299 3741 28
70 71 27 54 2812 3500 96
42 10 29 81 2486 3120 94
76 45 9 43 314 1104 23
31 91 13 8 213 717 85
73 14 17 10 2597 3347 5
79 22 68 48 1359 1783 63
90 31 81 26 3158 3826 46
74 64 70 42 2331 2853 86
78 68 14 33 1568 2158 72
26 62 37 33 301 1053 42
48 100 97 88 586 1224 41
34 74 79 41 2003 2597 27
95 45 37 6 890 1424 93
3 20 86 79 456 1158 23
47 34 87 53 1329 1749 17
35 14 11 58 1611 2071 25
30 63 81 35 1219 1675 86
89 40 100 3 2324 3032 84
25 63 59 44 2671 3291 41
12 100 10 82 437 1207 93
68 13 35 17 1705 2237 38
68 66 52 8 2575 3313 66
96 16 44 74 2641 3041 16
15 82 35 27 415 829 1
73 37 38 92 3006 3432 97
8 81 54 44 1525 2001 47
59 9 81 73 3415 4079 78
42 8 17 88 326 854 43
58 36 92 99 1661 2455 88
14 16 8 66 1704 2458 18
32 92 63 30 1748 2410 16
72 9 82 93 58 840 16
30 95 81 68 2896 3398 57
100 20 97 56 1082 1580 87
28 87 58 7 3537 4327 47
19 81 8 11 2875 3355 89
63 83 24 85 3050 3656 3
76 79 37 36 757 1341 49
29 17 88 93 1851 2285 85
79 28 85 19 3284 3740 1
84 98 93 66 3068 3730 80
94 52 52 78 2657 3389 73
61 38 31 20 2280 2808 49
2 36 24 16 550 1162 6
49 4 17 70 15 571 93
89 65 65 15 2667 3337 92
82 42 12 47 1530 2272 69
54 97 15 3 3322 3746 57
82 32 32 48 601 1125 71
11 93 85 42 3087 3839 2
24 78 82 51 2353 2943 50
19 8 20 47 1168 1842 9
87 29 64 67 204 840 3
51 67 82 81 2752 3464 2
57 46 19 22 2670 3156 52
52 60 52 41 2359 3035 64
29 22 66 63 2771 3345 18
92 64 39 50 823 1483 8
42 80 3 17 154 880 3
3 39 61 48 280 902 9
39 90 32 100 369 861 4
24 45 22 26 3540 4042 33
58 80 69 17 2503 3145 48
69 18 12 51 1024 1452 30
52 63 51 82 2024 2638 89
44 92 89 36 1040 1594 12
49 72 42 38 3414 3964 65
55 89 59 29 2734 3534 6
37 68 69 54 3323 4029 11
55 90 2 58 233 803 41
19 19 81 26 3010 3530 86
65 50 82 80 3117 3767 43
38 5 75 92 2808 3382 68
35 66 88 85 3130 3836 11
87 49 67 28 1147 1837 5
48 71 26 90 1652 2418 76
68 73 89 74 2071 2793 46
44 71 14 30 3015 3637 51
89 81 75 9 392 804 21
59 12 91 48 901 1683 24
48 42 94 39 1884 2590 8
64 21 40 80 1480 2274 68
17 53 13 65 1253 1703 88
73 91 50 66 1489 2205 95
26 60 53 70 1116 1732 52
18 21 80 31 213 905 93
97 80 68 20 2912 3568 82
58 60 78 45 2961 3761 63
93 44 71 69 1242 1644 31
14 7 70 72 96 608 3
38 86 58 65 3007 3707 100
28 6 58 14 855 1339 88
50 28 36 72 3219 3641 77
60 60 20 68 739 1197 89
14 54 53 34 590 1212 17
62 91 65 83 1412 2190 18
63 27 79 56 2001 2787 69
98 77 84 64 2487 3001 58
15 67 45 12 1701 2253 62
4 12 66 79 2039 2507 53
4 61 7 39 2503 3047 68
19 2 46 63 1110 1838 39
36 51 94 63 2196 2752 93
81 26 51 30 258 838 7
93 85 76 89 68 780 91
62 84 40 9 2474 3188 22
67 9 36 81 285 1059 21
14 47 90 43 1679 2173 58
82 67 46 4 1990 2750 9
14 36 22 73 1503 2293 92
57 17 74 42 2989 3773 28
34 98 39 71 2895 3335 18
2 17 22 49 3355 4125 4
7 13 36 64 1431 2221 59
60 46 10 22 2503 3033 71
12 73 81 93 2348 2994 53
92 20 11 48 488 932 69
14 76 6 1 767 1433 98
64 73 12 40 2334 2848 7
5 1 74 23 479 1123 8
32 49 21 35 1028 1498 17
42 82 76 90 1798 2470 45
94 26 87 14 2319 2985 99
41 75 68 76 1341 2099 29
51 46 81 92 3196 3894 99
9 87 18 29 3327 3813 66
29 14 72 92 1699 2119 85
6 91 94 59 3204 3980 97
38 29 9 90 3099 3689 60
46 99 66 55 1039 1715 22
32 29 61 85 411 907 15
17 93 26 18 2757 3291 81
5 13 13 73 1469 2115 72
37 28 92 28 2813 3341 80
81 36 94 86 311 937 87
65 76 67 9 3108 3668 83
96 76 2 51 2561 3059 84
77 86 36 57 3129 3855 29
64 60 98 15 572 1058 70
76 29 69 1 2564 3194 18
7 22 5 17 2242 2858 47
16 3 35 28 3357 3809 94
45 99 60 54 86 598 43
33 87 28 36 148 668 11
92 49 28 67 2529 2987 75
18 75 95 66 1165 1877 58
43 44 57 37 579 1327 83
49 98 82 32 1145 1917 87
86 42 66 39 1110 1624 50
56 5 98 51 29 589 70
48 67 61 29 1624 2058 46
26 15 27 32 2748 3198 20
22 31 21 27 339 933 90
99 50 80 2 2713 3145 18
39 32 50 93 2347 2951 68
84 94 55 7 2243 2995 75
85 5 44 91 1577 2339 29
10 56 2 69 3438 3862 7
66 88 77 4 2358 2800 95
50 1 20 10 3473 4233 45
49 46 67 47 3048 3466 49
59 83 96 96 3166 3696 51
14 58 44 19 1486 2184 86
31 35 7 50 648 1354 58
19 81 61 100 1503 1973 21
34 76 32 34 3005 3711 25
86 9 77 63 1699 2245 80
19 37 22 38 3296 3820 87
22 74 98 40 1134 1706 74
85 47 53 54 3265 3981 3
90 19 88 47 3375 4021 96
36 22 2 88 1303 1761 94
83 93 33 18 3298 3874 98
7 37 62 6 1260 1694 65
