150
10 14 13 14 2647 2725 52
14 18 12 18 2193 2285 56
28 30 27 27 630 771 87
14 15 17 15 2285 2379 62
16 12 16 16 2297 2376 56
12 17 12 12 2445 2520 56
11 11 13 14 2664 2740 49
14 15 10 11 2755 2835 53
22 15 20 22 1835 1946 66
27 30 30 28 200 348 93
20 19 15 16 1817 1916 64
14 13 13 18 2310 2396 59
31 30 31 23 515 664 89
36 34 26 26 0 142 95
10 15 11 12 2743 2824 51
20 24 23 18 1378 1483 73
18 12 17 14 2268 2348 63
15 13 11 14 2705 2785 51
14 12 15 15 2681 2762 52
22 16 18 21 1858 1969 69
10 11 10 10 2735 2798 50
28 32 33 27 243 382 93
11 12 10 10 2702 2773 51
16 12 12 17 2309 2395 63
14 14 12 11 2670 2758 57
18 19 22 19 1679 1784 70
18 22 22 19 1873 1982 70
16 17 15 19 1742 1846 71
27 30 26 35 198 347 93
14 14 11 13 2629 2713 56
10 14 10 14 2750 2832 51
24 16 23 24 1499 1613 72
26 25 24 22 1163 1292 79
23 26 23 23 1389 1513 77
34 35 30 35 224 384 93
24 21 20 25 1171 1292 79
19 22 20 21 1723 1837 72
15 14 12 14 2734 2824 53
15 19 21 22 1831 1934 63
16 15 12 12 2251 2329 55
18 23 24 25 1235 1357 79
29 29 33 25 342 490 91
25 20 25 21 995 1116 83
15 18 16 18 2197 2282 59
16 20 21 18 1792 1898 65
12 14 14 13 2245 2326 60
15 13 15 12 2676 2755 59
25 25 26 22 1237 1361 79
22 20 17 19 1611 1710 71
18 18 15 17 2112 2209 57
20 21 21 19 1871 1983 61
14 13 10 12 2769 2840 49
22 27 28 29 729 862 85
17 16 17 20 1536 1637 70
28 23 28 26 1104 1240 81
16 15 20 15 1809 1897 70
13 12 10 14 2728 2814 52
21 21 20 20 1876 1988 61
23 30 23 31 615 746 87
31 34 27 29 354 509 91
13 14 17 15 2262 2358 60
19 24 21 21 1364 1478 70
15 14 10 14 2768 2858 53
13 13 13 14 2749 2830 53
13 15 20 15 2129 2216 67
18 12 14 16 2290 2384 61
14 10 15 14 2691 2776 58
34 30 27 31 0 151 95
15 12 13 18 2252 2329 63
17 14 14 15 2257 2345 62
11 11 13 10 2748 2818 59
29 28 27 22 776 908 85
20 21 21 23 1603 1723 72
25 19 17 22 1330 1439 73
15 11 14 15 2569 2653 51
16 21 16 16 1741 1830 63
17 15 18 15 2242 2336 57
24 25 27 23 407 526 91
23 26 26 26 808 942 85
25 23 22 22 1330 1447 77
17 15 17 16 1772 1868 65
12 14 15 15 2329 2413 64
20 21 28 27 762 876 85
28 27 21 25 732 865 85
14 13 13 11 2666 2747 55
32 27 33 24 316 451 91
11 15 13 14 2668 2743 51
20 18 18 16 1798 1900 69
14 12 12 15 2734 2808 54
27 25 28 31 246 388 93
24 23 24 18 1320 1440 67
21 27 27 23 1150 1282 79
11 11 13 12 2627 2695 53
12 15 15 11 2730 2801 54
15 12 12 13 2755 2831 50
23 24 25 24 1016 1149 81
14 15 16 14 2231 2320 58
30 31 27 31 240 378 93
20 20 22 20 1782 1893 61
21 27 25 26 1157 1288 79
15 16 15 17 2294 2389 61
26 24 29 26 159 299 93
22 27 23 30 723 843 85
13 14 17 15 2183 2278 62
13 15 11 13 2737 2811 57
12 14 11 11 2657 2735 50
16 18 12 18 2301 2388 61
17 18 14 14 2317 2411 55
13 13 14 14 2749 2824 53
18 17 20 16 1740 1829 62
25 25 20 20 1270 1382 79
14 10 12 10 2768 2845 52
17 17 12 18 2204 2300 57
17 23 17 21 1352 1463 67
22 16 15 22 1817 1929 71
29 34 23 23 398 525 91
27 20 21 20 820 926 84
12 11 13 14 2640 2724 54
10 14 14 11 2645 2722 51
14 12 12 13 2687 2760 56
31 28 26 30 603 739 87
21 18 23 22 1295 1413 73
21 23 27 25 771 893 85
20 16 16 17 2171 2277 60
11 11 14 15 2640 2709 53
11 13 14 13 2709 2790 52
17 21 22 16 1710 1814 64
12 17 12 18 2200 2289 59
21 27 31 27 676 803 87
12 12 15 17 2266 2350 59
11 10 14 11 2692 2760 56
14 15 10 12 2713 2783 50
11 10 10 15 2677 2747 59
22 22 29 25 838 958 85
17 22 22 20 1839 1941 71
25 24 24 31 457 594 89
15 13 17 15 2296 2379 60
26 32 32 27 190 336 93
11 10 10 14 2764 2846 53
12 14 15 11 2666 2754 59
21 16 20 21 1768 1880 70
26 27 22 25 1291 1418 79
19 16 21 14 1942 2045 67
16 18 19 16 1740 1836 65
22 25 26 29 582 706 87
25 26 19 19 1254 1371 76
31 27 30 27 0 136 95
17 20 21 21 1727 1833 72
17 13 13 18 2281 2364 59
10 10 13 14 2710 2777 58
