50
20 23 25 2 45 71 8
19 1 6 23 45 45 5
6 24 13 8 7 9 1
4 5 25 9 44 87 3
22 24 8 13 4 5 7
10 7 1 18 14 30 8
1 10 23 6 43 45 10
7 9 6 16 7 18 2
13 9 10 14 21 54 3
7 12 3 11 34 45 5
2 25 2 5 46 119 8
13 21 12 24 40 105 1
19 2 11 4 10 10 9
2 4 7 17 2 4 7
12 10 10 21 9 26 9
10 17 5 8 24 59 5
10 25 20 15 47 71 3
17 9 20 9 10 29 7
19 8 25 13 12 20 8
5 24 17 14 20 43 2
20 1 16 13 29 32 9
2 8 14 11 11 11 6
5 1 12 13 37 59 1
1 22 12 12 42 62 5
19 12 10 20 29 50 8
21 11 18 25 43 67 1
15 3 11 2 2 6 3
12 25 2 1 46 109 4
12 21 22 18 19 54 2
7 2 25 9 33 70 3
12 2 15 24 45 85 1
25 17 16 18 17 27 1
11 2 23 12 50 145 3
9 17 20 11 12 24 3
23 13 20 25 11 32 1
13 24 23 4 35 62 1
22 3 13 25 40 58 5
18 4 15 19 17 32 4
4 17 8 1 9 24 5
5 22 6 20 17 43 6
5 7 1 14 11 33 6
13 1 6 16 14 19 1
7 16 9 3 14 21 3
4 21 1 11 45 133 1
19 7 12 13 39 44 5
17 1 23 6 19 53 10
19 22 25 6 25 31 4
14 20 12 21 19 52 2
12 19 16 7 40 102 1
2 22 15 1 33 97 8
