400
37 21 53 11 3123 4281 152
21 49 85 12 2114 3702 218
33 30 23 25 3832 5048 69
54 58 24 10 1215 3912 201
96 18 48 28 2218 4332 148
30 14 68 52 3800 6886 75
60 87 70 50 1706 2290 249
57 66 30 100 91 1593 184
57 79 84 63 1812 3995 132
80 65 87 10 1935 5137 58
98 95 59 97 3690 6606 154
77 35 20 53 2615 4104 95
61 12 55 15 1906 4201 219
48 28 17 24 1366 2957 207
52 84 66 80 1351 4143 162
18 20 68 99 858 1518 106
95 46 97 20 670 3254 139
63 90 13 61 1379 3819 110
89 70 60 57 1860 5508 75
21 79 84 25 3295 6786 50
49 47 90 92 3365 4558 138
43 51 44 63 345 2287 215
71 64 97 46 32 1778 65
100 35 46 93 2814 6281 59
21 42 24 95 237 1866 78
22 90 20 12 3544 3860 128
85 96 79 64 3658 5206 181
87 35 33 62 478 3265 246
98 63 65 21 931 3878 183
32 84 69 15 2508 5630 105
11 66 29 92 314 2494 244
68 39 62 13 1889 3918 188
88 76 63 100 2717 5290 158
98 56 41 44 2707 5199 64
56 44 92 78 1231 1830 236
12 89 40 64 386 921 173
92 54 28 57 439 1416 230
30 92 12 87 2329 4984 218
88 84 79 73 3099 5812 140
58 91 25 34 2579 3144 239
89 38 38 81 3063 4219 144
32 44 57 66 907 2932 215
99 92 32 99 2918 4730 212
41 93 11 64 2055 4865 104
48 13 16 35 1671 4242 164
93 62 88 19 3713 5803 151
78 22 24 61 355 3515 132
78 73 93 14 2686 4871 204
66 92 79 71 2690 3739 81
13 80 64 93 1388 4012 127
14 92 32 71 1932 4558 177
23 65 20 98 8 534 222
81 63 93 28 1379 3867 63
20 30 76 29 2579 4050 137
74 30 23 71 666 4181 63
79 12 37 85 1532 5214 92
53 97 87 19 117 2885 77
14 49 65 18 3027 3748 101
76 82 49 12 1573 2189 118
13 26 35 49 2370 3849 135
19 13 64 87 981 4016 193
32 87 11 72 1210 2799 167
74 53 39 33 1174 3059 178
69 67 51 19 3231 6319 219
82 83 60 40 533 2433 167
45 39 96 69 1045 2033 237
24 75 15 69 2346 2556 100
87 75 44 23 2281 3625 65
96 52 33 56 3269 4389 229
40 62 29 55 94 542 222
40 26 55 28 1192 2756 177
89 57 73 40 1776 4979 65
33 17 66 65 3687 6713 155
86 17 84 93 2233 3801 121
64 36 78 91 3697 6436 95
21 16 56 38 1418 2670 61
10 92 100 67 3160 5294 132
46 42 83 88 946 4340 145
35 93 31 79 701 2015 135
35 30 100 65 747 2974 239
62 33 47 49 2697 4953 227
39 37 55 44 1629 4314 120
89 18 61 88 843 4699 114
29 75 35 29 2666 5123 113
87 79 79 10 1878 4372 75
28 73 26 13 513 1276 59
54 35 48 62 3595 4449 230
15 59 29 64 2663 2846 183
27 70 91 49 3656 7559 191
50 12 59 57 1073 4434 184
63 68 92 54 777 4064 158
53 21 54 98 2059 3800 162
19 39 57 51 295 2816 149
84 77 67 38 3543 6910 75
48 10 38 32 963 4120 97
66 32 19 69 1979 4015 120
48 77 46 14 3589 5356 104
49 98 24 55 3121 4609 145
90 41 32 16 1090 4853 234
68 50 66 64 1606 1923 84
71 37 75 75 1480 4225 233
89 29 66 58 454 2383 243
78 28 42 94 1984 3526 144
43 99 93 47 2546 3490 224
78 87 83 81 1270 2461 80
25 82 26 79 1884 2527 118
90 36 78 42 254 2615 54
50 16 98 20 2671 6556 117
81 13 15 96 2323 2607 199
18 14 27 52 3832 6719 226
89 28 56 43 2617 4978 205
29 62 30 19 3324 5775 164
38 36 14 43 1855 5242 209
18 35 27 38 3247 5874 210
56 64 99 61 1467 4833 196
73 31 29 77 2507 3692 178
56 51 75 49 3954 7140 178
38 27 77 64 659 990 197
25 33 40 44 3041 5663 232
28 78 32 66 611 2388 210
86 30 88 97 78 681 202
79 61 72 88 3791 7057 88
55 49 27 74 1564 3718 60
96 86 23 54 1796 4678 191
99 46 87 73 2113 5693 98
52 22 26 36 2251 2998 167
57 35 13 66 749 4699 235
37 17 24 90 571 3456 110
66 21 55 79 1242 4054 184
62 20 36 93 2022 2594 212
15 37 78 85 433 1847 62
85 16 20 22 1687 5477 147
18 37 16 80 2158 3806 191
89 16 14 54 2162 3724 109
85 51 71 44 1576 5377 56
65 73 31 56 72 3052 92
84 26 46 59 2830 3958 88
16 65 13 31 1083 4115 55
32 82 65 35 1937 2205 78
31 88 61 65 471 3706 182
20 82 53 96 2966 3932 231
49 57 36 84 2555 5043 144
80 31 76 73 1142 1708 51
71 31 93 18 307 1941 169
93 37 18 59 2141 3018 250
92 32 42 89 2849 6530 116
82 35 99 20 3169 3723 221
81 12 89 78 427 3585 161
74 80 93 55 1705 2252 108
77 91 94 30 3643 5173 155
77 11 83 72 3914 4865 209
15 23 97 94 2663 4543 145
74 21 46 59 620 1512 227
57 31 22 52 1074 3986 173
42 62 77 100 1222 3642 201
19 74 94 28 1308 2526 235
96 74 56 26 2714 3268 78
22 54 44 12 2314 2892 210
10 87 75 41 1549 4786 91
47 16 36 99 2313 3463 176
31 94 66 48 3629 5167 171
96 78 43 49 3251 4336 234
99 51 64 11 1560 3228 93
29 85 52 41 3111 3916 178
64 39 36 73 994 2883 100
97 12 65 68 1035 2040 146
88 14 18 77 3057 5489 114
24 22 71 99 3544 7186 217
39 25 82 54 2894 4294 195
35 76 86 61 355 728 105
22 12 40 91 3465 4088 223
99 61 42 79 299 3752 186
29 72 70 23 2837 6042 173
37 95 58 43 1322 3385 148
67 74 55 62 2814 3214 101
69 52 42 100 2408 6047 66
88 23 78 83 3090 3838 221
24 79 71 28 892 3538 186
38 50 57 64 3036 4833 187
89 74 11 37 1401 2255 236
62 13 25 32 669 3358 240
75 22 69 70 3069 4203 133
59 49 72 76 176 2986 173
99 15 96 16 709 1517 101
78 91 45 66 1737 3589 221
60 58 21 94 1385 2780 95
55 46 46 89 1802 3324 183
74 27 98 66 2795 3376 71
95 81 59 47 2674 3920 132
24 32 79 83 1655 4277 53
27 90 44 39 1803 4893 147
47 39 29 52 444 1030 164
38 63 51 94 881 4554 160
82 15 44 95 3656 6655 81
90 38 79 43 684 3259 158
49 82 78 52 3322 7162 151
51 37 33 88 2803 6079 121
65 51 16 12 2376 2563 135
28 58 64 12 1578 2279 200
45 16 49 89 1140 3367 53
42 85 47 26 1529 4731 132
26 75 10 90 1085 2963 64
91 93 58 34 3244 7008 126
100 77 77 56 2973 6289 154
36 55 95 46 754 2230 249
36 72 63 80 1404 2029 106
14 19 81 45 2520 5624 129
84 20 63 87 3272 4954 226
27 50 71 40 3221 5570 95
32 15 74 43 1149 4939 100
94 12 57 35 3042 5345 209
73 15 17 14 1096 4253 246
14 48 84 90 3668 6517 86
10 28 69 70 3223 6366 226
19 81 65 31 3046 3877 150
15 94 76 22 398 2871 146
12 37 68 25 1383 2206 180
16 92 13 26 2441 4840 68
36 47 22 21 1716 4129 201
84 41 16 30 915 3341 153
21 51 43 96 237 2991 53
87 59 53 34 3880 6365 129
36 14 55 19 2231 3610 162
32 42 24 55 3440 4804 222
14 37 97 94 1420 4657 145
36 76 94 20 3506 4421 201
72 85 53 83 1995 4466 69
43 89 78 37 1364 2102 145
50 38 33 99 2941 5803 100
69 85 57 73 3435 7322 172
18 52 41 12 261 2818 76
93 46 71 29 1017 4503 210
84 70 30 89 1227 1596 193
75 96 12 10 2505 2756 154
39 46 15 66 1017 3234 204
95 59 39 28 3851 4543 105
77 42 55 67 1930 2179 75
45 34 22 59 1751 2486 223
28 61 59 48 2010 2539 80
36 56 70 24 2362 2780 65
41 37 11 61 1125 3960 101
89 75 90 21 1016 3609 204
58 70 45 42 7 1269 113
62 81 26 75 3819 7278 95
91 23 93 10 256 1118 75
60 55 14 44 3531 4282 112
19 86 33 55 2117 3270 124
34 49 26 55 2728 6014 70
76 77 98 69 1056 4907 159
97 54 89 49 2782 6729 211
59 14 10 97 1696 4341 226
12 55 49 28 1160 1788 54
71 12 38 28 3303 6158 160
66 91 59 63 3814 6447 239
28 82 46 76 391 2816 180
17 70 33 51 2668 5416 191
35 93 16 80 2805 6478 119
34 12 32 28 2508 2786 112
16 78 99 57 3092 3872 223
68 16 50 30 3867 5425 112
94 24 61 12 69 1181 194
33 25 68 99 1147 3438 58
18 90 71 60 3186 6644 172
38 49 74 19 3768 6069 175
61 44 80 75 525 3551 74
98 66 34 91 2936 5429 213
70 31 79 26 1427 5075 108
99 20 22 13 2861 4343 141
16 86 45 47 747 3976 102
46 45 56 86 1226 3613 161
17 32 22 43 559 723 218
82 49 100 96 1423 4684 220
91 67 55 92 483 1567 237
48 11 17 31 660 3039 122
67 52 78 13 745 3669 128
23 67 10 89 1129 4044 149
70 11 66 45 2044 5704 185
94 79 92 87 2666 3265 82
13 18 47 28 841 3711 151
18 10 57 94 224 596 62
83 41 60 56 3550 4738 148
28 24 62 41 2409 6345 52
88 77 90 56 2648 5200 58
95 65 18 19 264 3798 109
20 51 83 21 2235 3344 234
79 41 47 57 3950 7237 180
95 43 81 33 2257 4110 199
59 35 41 50 2719 4197 176
61 75 54 30 1348 3506 72
11 47 81 62 2311 3579 152
34 66 10 59 3429 5148 151
84 82 24 40 2502 3976 117
85 25 49 80 320 2125 198
74 79 44 70 609 1502 72
43 51 28 42 750 2931 123
13 85 56 94 2467 3773 147
55 63 12 62 3672 4247 249
53 88 26 84 2197 3761 183
61 46 74 38 2272 4626 149
90 92 82 56 1394 1867 184
40 54 77 31 1645 4516 177
63 69 49 95 1509 3470 96
68 91 26 87 297 1248 91
70 70 45 57 3307 4985 220
73 30 74 51 3486 6195 170
37 71 61 66 2460 2955 143
93 23 84 34 2559 4641 238
99 12 34 17 1125 3926 148
23 45 45 54 1185 1618 61
40 54 70 99 2874 6196 248
90 46 27 14 2096 5375 201
37 73 36 44 1983 3782 98
100 12 36 70 3629 6616 139
39 74 55 88 92 3805 172
40 98 44 85 261 2941 147
94 26 78 38 2469 3020 109
62 18 33 10 530 1087 125
92 78 59 62 2788 6502 225
63 30 64 45 1900 3604 82
42 59 63 52 2775 3644 150
48 76 89 11 3016 6217 201
54 62 77 87 1317 2030 178
45 75 34 84 998 3754 163
83 24 54 21 2654 5948 172
71 11 95 93 1162 3540 75
75 41 57 78 2261 4028 108
53 17 62 19 1989 2638 154
91 50 49 100 3161 6647 162
47 21 71 72 3364 5870 148
48 11 97 23 3430 7324 120
44 45 30 68 782 1966 190
63 18 35 20 3070 4756 161
89 61 30 90 2205 5680 77
66 53 85 98 1054 5028 54
69 83 67 88 148 3333 220
54 36 81 92 1941 3939 167
76 89 82 83 3358 4920 142
84 35 58 31 1744 4517 231
65 50 97 61 2364 3550 205
43 91 83 53 3546 6724 129
79 69 59 92 693 4030 230
17 50 38 62 1353 3226 233
78 94 95 55 2814 6393 226
97 99 39 99 2642 3338 168
85 55 48 10 2636 3265 213
83 86 10 90 3314 6317 145
31 65 44 99 1674 4724 152
57 40 75 85 3261 4271 130
50 11 36 64 286 841 182
61 36 20 88 2067 3937 141
57 60 20 97 111 732 65
65 46 93 45 979 2446 248
48 43 20 75 1133 1627 125
63 15 48 30 3114 4417 195
72 33 66 88 1356 2809 146
71 10 64 20 2835 5381 54
22 14 37 65 2991 5442 179
73 39 45 99 3306 3739 226
76 51 25 46 3926 4387 221
85 55 60 67 280 2610 207
30 36 87 61 2378 5058 184
27 56 17 77 1101 1819 228
55 39 57 83 2254 5892 128
52 80 20 91 61 1537 176
70 39 92 87 1285 2688 243
63 66 21 54 504 2418 225
85 56 18 45 3579 7369 85
44 50 26 12 1351 4975 71
68 63 10 27 2433 2708 178
84 20 66 71 167 3026 248
59 58 57 17 1570 2336 183
75 21 42 94 971 2814 221
44 85 31 20 3392 7239 105
12 77 55 57 3227 4695 80
63 21 11 79 423 2577 92
27 95 58 60 3466 7422 124
17 58 54 74 2573 5311 118
100 34 13 46 2446 5857 111
40 45 73 38 632 1605 128
100 91 32 20 3113 7082 169
56 18 15 29 2897 5239 151
82 85 66 89 939 4685 124
14 24 96 90 3173 6981 116
96 34 16 92 100 3783 135
60 93 66 35 324 3735 107
28 22 25 43 2709 4585 174
63 69 19 59 2159 3018 231
39 77 80 79 3527 4320 153
85 56 77 52 3736 4527 87
44 14 54 47 1218 4730 250
98 78 64 12 3990 4996 66
25 36 43 59 1786 5256 79
30 66 26 76 222 4193 100
34 74 67 80 2089 3319 247
33 87 92 77 2108 4474 241
49 11 31 57 3243 4864 230
34 56 17 54 2217 3279 55
43 92 19 80 2127 4274 101
68 22 55 49 3057 7019 78
13 94 70 34 1182 2568 73
