500
38 52 88 97 4440 4786 398
71 42 86 11 812 1083 207
62 28 25 26 6807 7117 373
98 11 91 96 4755 5053 175
84 99 18 99 2168 3676 319
69 75 30 84 6711 7275 324
39 53 50 34 3542 3910 168
56 35 90 99 16205 16993 271
82 76 26 96 6289 7107 191
23 49 42 22 950 1483 236
100 72 84 71 1604 2353 237
47 86 92 16 721 1049 388
70 66 31 95 11705 12132 323
84 91 78 23 12532 12916 340
38 50 28 53 6030 6676 383
66 50 100 58 17695 18392 184
89 97 39 18 17903 18913 398
64 31 82 10 6549 6853 216
69 58 96 84 4307 5571 368
59 74 84 18 13908 15190 254
65 13 26 95 6253 7077 361
75 85 85 63 2820 3710 226
82 93 22 77 356 632 377
79 21 39 20 1046 1766 198
95 27 77 13 807 1368 382
49 99 12 24 2400 3077 311
70 72 51 42 9039 9597 203
81 50 63 92 8178 8661 184
69 41 19 80 5959 6202 294
98 89 29 18 1207 1837 233
19 23 59 25 3355 3948 346
51 14 19 69 13014 13563 216
95 60 71 54 3882 4175 222
66 60 73 55 1856 2666 227
89 71 28 36 3164 3484 193
80 75 48 38 21420 21684 218
28 71 73 51 4433 4682 173
80 43 20 94 2189 3225 160
73 25 96 94 11931 12688 230
43 27 74 83 3169 3460 309
91 64 79 84 13994 14512 223
31 91 22 16 501 1001 239
30 28 73 78 6511 7084 159
38 85 37 97 365 1926 306
40 84 73 57 2531 3426 386
66 51 29 18 2219 2418 183
60 94 18 30 8378 8806 354
18 94 98 32 28 1089 238
65 73 50 18 24296 24691 185
82 93 10 54 3445 3686 218
11 91 35 76 15970 16264 210
49 51 71 25 18218 18524 329
56 30 73 45 626 1203 387
64 100 56 47 3751 4036 193
63 54 14 38 22575 24005 270
68 75 44 63 4749 5106 269
31 36 36 24 4062 4533 362
93 98 13 45 2301 2563 221
47 59 88 26 20466 20817 180
62 18 23 13 4138 4729 231
19 56 75 77 11745 11976 266
35 72 27 56 574 805 380
86 65 73 20 1095 1591 173
100 77 87 97 11696 12303 209
37 15 64 33 571 1447 229
11 76 86 100 10824 11274 342
30 21 85 90 10097 10733 179
28 81 49 94 1180 1864 341
16 76 29 28 14455 15396 170
72 84 70 59 7988 8575 244
90 42 61 14 14506 14740 385
47 71 28 20 386 1257 333
76 82 83 89 13976 14465 325
52 23 82 57 7440 7777 382
97 14 63 38 4824 5974 366
67 88 31 41 10591 11565 232
43 42 75 21 11428 12304 282
39 41 100 32 10916 11514 333
46 86 75 100 6932 7239 185
30 35 84 18 4469 5103 167
23 60 64 24 1647 2159 383
25 44 87 97 7664 8047 341
100 63 61 60 87 830 260
46 35 80 50 2664 3773 373
12 93 36 58 16255 16514 325
81 35 50 34 1166 1618 290
38 91 72 35 21547 22089 326
80 67 24 94 1946 2221 238
73 43 15 55 11086 11681 290
14 51 22 70 2296 3422 384
24 23 31 88 8279 9492 206
56 72 41 61 8821 9217 257
31 39 95 31 11127 11565 164
10 65 38 94 3650 3987 400
88 11 86 19 40 375 312
20 45 56 100 2921 3916 297
17 58 85 71 2684 2935 351
23 40 71 73 12912 13354 294
55 79 39 47 5543 5920 259
25 80 19 62 9827 10098 277
72 28 22 91 2707 3164 333
70 93 29 84 6930 7279 273
18 56 32 60 1411 2195 356
96 17 92 36 2633 3664 213
69 91 21 12 11011 11372 392
33 19 45 19 1339 1868 371
53 83 96 75 3019 3722 214
28 34 87 93 9398 9727 397
88 64 61 41 1044 1452 267
89 37 72 85 19721 20088 194
19 96 21 55 10877 12249 197
72 90 64 10 9350 9600 322
58 52 56 64 1378 2647 372
89 19 87 17 2465 2775 186
27 36 46 90 3335 4141 227
18 68 57 38 4808 5230 372
57 11 98 97 7047 7444 202
30 69 29 28 2492 3492 193
58 65 62 100 3936 4528 312
55 10 69 75 13969 14689 246
65 12 39 89 1479 2667 285
53 62 36 58 14985 15323 218
48 92 64 92 4778 5448 188
46 75 42 20 7322 7634 263
33 34 81 53 372 780 169
84 76 59 66 5652 5949 281
39 10 53 81 25475 26889 328
45 22 26 81 3451 4376 283
31 19 94 20 4255 4532 366
81 28 77 41 16597 16977 252
62 27 78 75 5528 5801 370
65 62 59 75 13399 14105 286
72 52 20 45 3332 3680 307
68 38 92 61 11998 12391 300
42 47 69 45 2390 2766 243
45 86 35 86 3935 4521 388
52 35 68 52 3227 4635 339
85 26 46 92 14938 15261 208
33 95 16 77 6897 7615 151
18 76 17 92 8526 8874 273
48 59 73 55 5847 6776 160
28 57 86 27 462 859 257
64 69 75 49 3370 3738 274
21 21 85 59 19302 19587 266
49 51 14 11 6347 7093 169
98 74 32 58 929 1215 150
38 60 19 86 7847 8327 321
29 70 97 71 1524 1846 334
89 79 45 20 3330 4499 367
80 95 15 66 17992 18979 325
57 68 65 26 11921 12227 354
66 61 90 27 6043 6771 278
66 60 100 49 318 1261 359
50 59 29 70 4573 4988 321
48 57 20 55 8442 8753 301
31 80 80 47 4205 4779 219
39 21 28 90 1885 2445 392
71 46 89 53 7192 7495 275
34 16 62 42 2603 3228 250
81 98 66 18 11164 11431 314
29 81 12 99 3450 3674 396
51 61 75 58 1159 1799 214
54 81 61 19 6796 7290 361
42 12 76 35 2888 3067 184
29 11 50 81 2013 3298 240
12 46 58 18 1500 2041 201
50 51 16 84 10522 10723 370
100 40 39 86 2146 3181 346
14 80 75 87 1150 1408 235
32 78 68 13 2032 2324 199
24 26 20 86 849 1815 294
94 85 23 81 2708 3792 156
13 12 19 63 5242 5717 267
32 76 28 38 71 1115 265
13 58 89 14 2778 2960 273
90 24 61 59 579 1311 307
27 94 95 92 6860 7241 384
62 58 36 26 75 703 236
91 76 23 75 10441 10952 225
26 72 81 64 16487 17099 247
20 28 29 12 6012 6118 226
75 73 46 62 4885 5902 219
60 64 53 11 7540 9158 391
96 89 63 80 386 889 227
18 72 55 59 511 1408 368
18 82 52 55 699 1165 306
45 12 59 10 3240 3825 316
35 99 96 89 6929 7353 366
75 51 46 73 466 1125 320
33 22 33 18 11053 11233 265
88 54 47 35 3676 4368 283
46 54 91 41 1340 1657 175
75 100 51 69 3677 4269 246
88 53 13 70 10555 11866 391
32 22 31 81 848 2183 245
64 95 72 85 2472 2881 170
77 13 88 92 1060 1524 382
70 12 49 74 4207 4865 395
15 79 42 21 8787 9238 207
57 14 98 41 20745 21669 160
73 33 12 57 1214 1391 280
82 95 57 20 2861 3627 380
48 63 69 50 975 1937 156
25 99 12 67 93 320 305
14 16 30 27 387 690 382
74 97 17 16 3807 4181 311
29 81 30 99 364 631 286
98 58 65 66 8755 9538 259
32 14 47 29 14062 14415 189
80 36 71 16 2316 2634 261
40 13 93 68 493 900 355
53 81 14 11 16195 17390 201
54 19 60 84 1270 1833 352
29 40 98 69 8016 8256 378
52 19 93 89 6766 7044 237
21 62 79 88 18038 18828 216
53 52 84 64 6778 7557 310
74 51 76 24 2813 3064 284
54 73 90 59 15857 16358 162
26 22 92 51 1378 1629 196
53 48 100 27 3111 3388 335
55 33 69 89 454 824 346
31 95 80 57 4094 5421 376
94 11 23 98 4 344 316
28 48 32 20 14740 15897 194
48 27 84 57 3508 4038 244
12 80 29 75 11577 11951 202
64 89 41 50 894 1532 210
82 32 45 62 14376 15043 280
70 44 95 33 15447 16344 224
69 47 21 27 17296 18213 350
65 60 31 69 4328 4569 239
48 58 42 62 549 1057 243
100 26 69 65 103 863 154
82 61 26 15 10557 11246 329
44 42 99 59 2341 3708 158
99 96 45 37 12886 13468 388
63 55 67 31 116 858 184
36 11 86 14 10941 11824 195
18 14 75 66 6434 6607 360
71 97 25 41 6938 8025 163
71 11 65 30 1519 1747 319
98 93 56 43 5302 6394 338
51 17 86 80 24582 25396 391
18 21 59 53 2081 3134 153
100 10 47 67 17532 18346 310
18 85 100 56 1616 2417 243
56 24 79 48 13076 13410 188
77 49 68 19 6728 7007 291
37 20 60 89 11122 12136 350
19 56 58 57 47 859 258
90 82 94 94 5287 5783 223
48 23 26 24 12249 13012 254
77 57 36 40 1576 2923 223
73 94 31 78 9439 10028 389
65 43 62 49 620 1200 165
33 27 63 31 1695 2149 245
21 38 75 95 76 504 263
55 57 71 48 1613 2350 302
38 32 76 24 20316 20526 151
33 81 83 75 14836 15380 190
45 58 49 14 8132 8383 326
52 65 93 23 5694 5962 388
91 55 67 92 11936 12941 216
30 23 20 56 859 1154 187
64 71 15 75 686 1360 394
36 98 81 46 21523 21839 283
56 98 30 62 5067 6363 313
40 68 23 13 2219 2950 310
16 32 66 35 13788 14528 375
22 37 98 57 12974 13275 353
11 66 77 23 8159 8408 369
39 78 20 51 1823 2088 295
10 25 77 99 8000 8959 191
79 93 97 96 1629 2039 319
24 65 78 87 986 1746 215
25 58 64 89 10381 10625 161
75 42 91 86 4522 5279 174
44 53 15 59 5992 6537 341
44 72 31 50 7942 8228 294
79 80 90 39 18725 19981 331
90 41 90 71 12956 13756 398
47 59 81 12 11629 12242 350
51 66 24 55 13342 13631 203
32 18 63 11 17349 17476 358
27 25 19 17 181 280 276
59 74 23 39 2720 3416 364
77 31 52 79 1785 2330 270
67 52 98 89 18974 19320 364
45 41 45 31 1157 1331 243
45 36 95 39 1459 1685 375
64 19 50 19 7062 8027 164
29 63 93 60 8328 8581 201
69 42 68 32 5864 6305 385
13 97 46 65 5364 6173 248
10 33 96 41 2246 2452 373
46 17 91 10 10866 11063 400
23 28 27 57 16991 17564 178
42 91 59 28 8195 8927 295
76 19 24 15 11905 12646 377
86 39 37 60 205 582 260
45 83 25 74 1806 2056 345
49 51 96 83 21639 22251 303
41 18 60 29 759 986 222
52 59 51 81 3684 4982 262
48 24 15 20 13634 13790 349
76 40 39 69 14970 15875 361
91 63 11 90 1906 2274 222
91 33 69 74 10897 11204 248
19 32 72 55 4010 4236 245
24 27 23 53 2951 3458 165
37 52 85 53 460 1063 396
16 67 53 16 1709 2206 372
81 78 27 42 11292 12072 327
80 47 33 98 6004 6614 244
53 60 21 70 275 774 342
51 73 82 67 2453 2727 182
74 74 47 62 17604 17923 315
29 91 16 58 1096 1436 330
61 49 26 93 1384 1888 329
92 49 33 88 17165 17578 173
14 57 21 64 6453 6873 323
48 50 33 37 1117 2349 189
36 14 75 91 3344 4197 236
55 49 31 55 9572 10293 259
84 53 71 80 600 1475 200
95 29 55 49 2816 3198 394
83 72 30 99 5466 6451 310
50 52 27 70 4939 5151 280
35 73 63 18 355 1072 208
33 77 28 100 3218 3578 164
53 95 90 55 15958 16331 174
34 76 50 58 489 1530 259
48 10 89 10 5455 5906 221
26 16 19 66 1571 1991 186
52 19 11 12 1715 1827 152
34 82 26 49 2620 3085 294
11 22 29 92 15097 15454 339
26 44 61 29 20343 20809 230
66 65 88 73 9183 10749 275
98 65 90 52 2511 2986 304
61 27 38 57 10782 11391 257
50 47 85 11 5033 5769 173
71 27 76 50 8107 9413 215
100 88 86 18 3959 5008 358
68 79 33 76 1493 1808 207
47 59 17 69 845 1096 284
47 63 98 81 10857 11328 229
14 99 45 97 2014 2541 383
94 75 38 41 10139 10536 295
63 70 72 87 16910 18195 280
55 11 48 45 12827 13659 181
15 80 95 38 1399 1654 374
22 22 46 52 6707 7216 285
53 100 34 79 17564 18405 285
56 59 35 76 3122 4651 279
61 85 33 84 7013 7620 388
77 55 99 63 12889 13534 192
22 64 34 55 8515 8892 373
59 88 33 54 2470 2806 222
51 31 63 86 8270 8534 153
13 100 29 59 1332 2616 293
21 34 36 37 7788 8288 363
59 60 10 24 6314 6562 326
23 91 23 42 9639 10337 180
39 96 19 93 6262 7195 242
17 41 91 11 561 803 227
83 32 52 14 684 1377 355
49 11 45 95 2178 2469 360
21 11 20 30 9716 10036 294
38 67 38 30 8877 9243 282
33 33 48 33 2631 3118 150
81 67 54 29 344 1062 233
73 25 63 31 440 895 274
11 45 39 44 9017 9543 292
80 85 74 52 1102 1875 271
63 35 88 97 2484 2799 383
67 77 83 13 6561 6801 178
22 78 79 28 6785 7756 362
67 17 75 43 3513 4144 197
92 93 60 47 9798 10583 320
82 99 90 71 16332 16855 341
27 39 23 78 1652 1892 393
49 56 20 48 11043 11370 338
23 27 71 47 16828 17133 217
72 48 46 82 16471 16757 236
92 77 32 81 3971 4996 273
37 86 93 72 1689 2636 355
47 79 11 94 5589 6116 164
15 21 98 23 18869 19263 184
87 46 34 70 6830 7098 347
12 39 20 15 308 620 209
79 57 92 74 726 1039 379
84 75 94 59 1306 1633 305
94 10 18 51 10294 10506 176
61 25 80 43 17069 17674 253
76 41 66 18 11828 12321 190
58 42 70 81 21545 22267 361
20 63 77 85 4 777 172
33 84 100 67 4672 4998 208
75 76 81 72 5234 5998 279
11 70 13 79 4084 4548 321
67 43 40 77 20906 21324 239
35 13 29 14 14535 14834 289
10 92 44 36 5949 6821 208
77 59 59 36 4195 4634 202
72 27 20 64 3057 4169 358
49 41 88 71 15452 15780 155
47 69 32 31 1649 2890 214
46 62 67 21 11425 11883 343
84 36 15 12 13143 13329 346
19 24 47 90 2397 2578 178
69 67 67 31 11336 11669 317
90 52 89 93 381 937 162
35 19 36 67 1845 2346 304
14 14 56 16 10399 10847 363
44 53 43 22 394 1108 299
38 55 33 57 4357 5110 253
34 91 50 67 413 1440 375
84 88 96 17 21098 22660 250
92 33 63 25 11040 11456 244
38 26 40 13 4715 4859 191
14 76 81 40 5203 5497 314
53 52 69 23 17835 18411 199
48 38 33 33 2162 2685 260
65 49 24 40 10736 11433 173
52 78 30 50 7408 7994 180
32 50 13 26 13009 13608 378
37 87 100 46 11675 12349 180
67 78 31 57 6782 7097 317
47 20 13 47 1833 2650 343
72 30 17 82 144 679 242
37 79 81 95 14539 15497 341
66 48 19 58 3711 3937 207
13 17 37 41 5404 5844 223
93 94 96 74 297 713 284
89 61 80 17 9030 9308 392
32 22 88 43 4635 5538 398
14 63 53 61 59 301 360
82 76 18 55 9608 10374 238
78 35 89 19 20330 21175 342
23 94 26 12 18324 18822 384
29 34 44 32 5916 6098 211
18 55 85 89 788 1109 400
17 22 32 43 6987 7296 217
86 18 55 75 1248 1976 161
65 67 25 71 1012 1451 178
59 15 83 13 1279 2417 287
67 57 74 66 654 971 340
81 98 82 63 22382 22730 230
75 49 88 60 924 1572 269
34 35 37 50 944 1128 334
59 46 58 85 265 568 150
51 65 67 76 1365 2357 223
72 82 71 75 10796 11482 211
90 87 69 74 8941 10012 186
90 87 42 54 93 426 316
28 58 16 40 1728 2165 330
38 32 43 96 926 1196 214
10 29 43 18 5925 6666 229
77 56 74 14 1615 3189 275
30 70 75 49 5159 5463 351
34 10 98 58 1279 2864 372
31 13 87 65 3017 3998 161
64 56 51 42 11882 12132 167
89 64 93 30 2875 4088 198
56 62 13 29 3772 4208 317
48 92 69 26 1298 2229 272
99 14 90 38 1485 2605 347
36 37 67 72 8721 9578 151
29 56 77 79 13186 14418 313
10 94 98 74 4938 5216 378
21 93 74 22 219 501 308
85 15 13 26 409 582 260
48 27 26 79 11471 11652 291
41 57 38 45 11961 12684 249
14 91 20 29 6491 6764 217
27 64 33 59 1161 1939 346
14 67 90 55 1531 2312 343
55 66 60 66 3805 4166 252
46 63 100 39 4552 5086 223
49 64 82 93 17186 18545 376
91 23 82 55 1785 2638 355
51 84 78 68 10679 11252 264
63 75 64 42 7896 8549 395
91 49 33 24 8063 8710 189
88 39 78 39 5069 5328 220
45 58 94 75 802 1174 379
10 86 21 64 9779 10007 183
31 77 34 70 18719 19060 244
61 90 63 24 15510 15861 396
100 66 67 55 2341 3076 282
11 38 62 99 12450 12778 333
18 82 44 42 5640 6217 197
55 37 43 14 11165 11361 303
24 79 52 63 6035 6610 263
34 71 95 99 10722 11135 236
34 11 13 95 890 1995 187
32 73 67 75 3941 5030 203
85 62 37 28 9627 10071 153
