50
84 44 79 39 254 708 87
94 56 73 68 327 755 108
71 94 65 45 155 461 163
22 64 12 95 348 801 201
84 94 63 85 78 425 85
26 27 13 74 106 599 122
89 38 60 93 419 908 188
57 41 52 26 339 625 53
77 61 51 57 304 740 83
87 75 12 61 421 733 82
24 87 33 19 114 346 157
40 10 37 30 268 404 232
12 42 17 16 162 555 121
95 14 94 56 167 626 229
87 64 19 97 488 944 193
95 86 24 88 82 536 138
64 48 84 61 248 587 234
71 49 83 96 460 958 170
96 62 28 83 62 360 209
66 31 76 52 294 527 51
58 33 60 74 33 293 199
52 27 15 92 94 533 250
47 82 94 28 287 759 107
42 35 77 77 174 456 116
77 44 95 29 85 352 248
61 40 45 69 226 676 249
29 85 86 64 445 752 87
27 25 19 87 419 909 213
80 90 68 81 103 492 186
78 56 25 52 137 545 170
76 36 23 47 8 203 210
12 13 90 35 396 868 249
39 44 96 96 10 498 202
30 81 88 40 449 746 178
62 55 97 71 432 823 174
67 57 18 58 494 963 63
55 15 71 54 54 475 154
10 58 29 80 303 649 112
14 13 58 68 107 453 145
23 34 51 10 130 536 208
34 15 18 54 184 349 96
36 85 55 59 282 522 178
98 42 73 97 207 564 106
42 30 20 22 48 489 139
66 32 38 10 263 715 182
92 39 62 85 244 642 54
56 81 76 43 75 513 240
82 42 91 43 322 732 89
14 94 33 40 18 413 128
78 51 17 65 426 654 50
