450
83 75 20 93 16931 18005 161
43 16 11 29 3643 3945 254
73 42 42 100 0 740 190
37 35 29 96 7868 8697 250
40 63 57 69 5135 5502 219
79 68 18 20 18680 19079 231
99 21 51 88 541 1145 256
66 32 84 13 646 1077 294
23 59 82 25 5640 6292 321
34 53 100 74 5560 5955 336
83 14 34 86 5387 6092 376
21 44 15 33 8498 8696 357
96 35 77 52 3962 4920 369
72 44 69 71 6012 6287 388
48 20 68 41 1142 1712 241
44 12 62 25 5581 5869 304
13 36 57 57 2095 2562 200
29 93 69 78 10786 11098 234
24 61 88 59 10266 10656 335
18 100 20 63 6119 6325 193
56 36 27 30 200 785 188
23 23 30 35 742 1033 231
52 78 57 29 5963 6330 184
83 62 30 26 18719 19553 357
33 57 57 40 383 1054 266
62 83 20 86 342 600 335
47 40 36 87 185 527 159
94 87 47 15 6387 7578 182
28 11 66 68 2012 2417 233
34 88 19 74 4577 5116 280
52 79 43 80 3172 3785 276
65 63 28 88 581 1007 242
21 75 53 39 1216 1860 342
37 100 83 69 17244 17918 341
45 89 100 58 2286 3002 265
54 16 42 26 1821 2928 370
20 30 100 30 10023 10882 397
11 27 85 37 7079 7292 328
76 76 69 96 7368 8287 183
75 51 63 96 11774 12447 263
96 51 13 52 2636 3632 262
29 58 87 23 386 648 373
37 13 45 59 4272 5346 288
86 19 20 40 11252 12137 338
57 82 79 56 4565 5474 248
23 80 87 60 2458 3819 330
26 31 86 68 1280 2472 350
39 81 41 29 7365 7687 240
12 93 63 99 6425 6703 317
81 42 63 63 2328 2648 198
90 30 82 93 11666 12339 253
92 35 33 22 8305 8491 189
37 11 58 85 11356 11566 178
50 14 38 53 20128 20866 230
72 21 85 12 1471 2040 257
79 17 96 36 4846 5268 314
96 10 97 80 97 477 172
44 14 61 52 2348 3019 249
31 84 23 45 19016 19588 210
21 17 82 74 14346 15130 173
37 45 40 59 2582 2785 312
60 51 26 18 16582 16751 284
89 51 80 64 6691 7073 239
74 59 53 97 1032 1379 158
88 18 44 20 12135 12624 383
83 59 97 44 5574 5918 272
10 98 52 26 875 1472 275
14 22 61 19 17292 17673 180
32 58 87 42 21426 21922 373
21 77 74 46 3126 3569 302
95 44 48 63 7419 7677 199
87 10 86 48 7689 8036 192
30 92 66 11 700 1512 312
45 47 19 100 1073 1642 202
19 25 71 92 9544 9832 353
95 51 40 86 19843 20120 300
39 99 99 33 13 938 284
72 92 11 10 408 788 283
33 16 56 90 916 1328 242
90 14 97 22 7406 7691 358
50 86 95 96 1484 1815 222
41 92 55 37 7402 7734 220
80 90 36 78 4465 5646 230
91 11 41 21 20240 20448 312
33 70 27 39 2565 2913 389
27 81 70 34 7005 7693 162
51 68 41 33 4795 5439 233
78 72 96 41 3050 3411 397
65 45 15 89 5096 5476 220
44 69 46 69 1017 1470 387
89 95 38 89 5867 6885 279
92 64 68 93 2015 2613 352
83 44 22 80 17950 18282 359
15 39 91 51 4045 4456 184
54 59 11 18 2319 2647 170
54 55 39 11 12088 12677 235
51 86 19 33 15020 15263 260
28 82 62 95 3601 5139 167
95 18 98 28 14802 15209 272
27 16 89 13 1208 1583 381
73 78 52 53 1125 1513 320
38 34 32 40 22605 22925 183
51 38 71 59 15524 16009 195
82 85 34 25 3050 3423 399
66 70 83 71 1783 2144 275
48 16 69 68 2405 2667 201
45 69 10 81 7871 8209 379
29 75 65 100 10413 11402 165
51 86 81 67 13290 13684 353
82 38 51 67 4900 5347 286
57 74 34 18 666 1884 378
78 50 42 60 14820 15409 209
81 98 69 39 5511 6805 258
82 63 70 33 9662 9962 315
64 53 85 16 5826 6160 297
16 96 82 20 8977 9301 396
78 85 38 56 559 986 272
15 60 76 98 4163 4856 234
32 62 64 77 3699 4208 257
28 33 65 92 12997 13795 265
33 11 43 49 21667 22226 398
20 41 32 44 7256 7759 352
38 90 10 37 12587 13560 341
47 50 79 73 2657 2936 195
46 49 45 80 10018 10678 242
53 68 14 74 1943 2835 204
62 62 24 17 11745 12423 297
54 18 83 75 8275 8779 322
13 60 40 23 22204 23058 312
30 97 75 15 6174 6793 181
48 58 33 39 18008 18511 211
55 91 84 96 8148 8626 247
90 76 49 59 16355 17152 397
59 12 43 48 1297 2511 370
34 58 59 88 12935 14247 264
26 89 77 32 16712 17235 338
83 19 87 88 5005 5799 368
30 50 30 41 9148 9610 314
92 94 40 72 500 814 216
88 54 80 80 4989 5365 301
18 11 22 75 8942 10197 219
72 46 32 34 18965 19788 191
88 47 44 39 8354 8593 335
40 76 66 70 4840 5225 302
26 40 85 87 8617 8901 316
63 28 86 15 5027 5369 289
56 58 12 28 2586 3403 266
87 18 40 18 9231 9556 236
82 30 21 39 12775 12987 226
84 50 51 95 213 604 258
70 13 94 55 5314 5971 348
20 93 97 79 3985 4555 171
55 71 80 94 9500 9849 345
64 29 51 79 2399 3003 242
15 26 77 35 17416 17636 254
74 39 90 88 110 775 157
78 13 76 35 1346 1587 212
95 93 63 29 656 1033 284
73 96 21 57 9726 10119 178
90 18 89 37 31 333 326
20 71 35 64 10954 11786 327
61 38 66 58 10464 11217 151
80 54 45 55 130 682 260
54 82 70 11 4558 4819 153
76 18 88 100 4158 4657 240
19 93 10 13 565 1151 182
96 25 10 15 22270 23034 391
14 70 55 25 6785 7399 207
94 12 77 94 1087 1470 237
42 96 57 63 4685 4983 253
35 24 31 35 272 1315 188
15 74 91 95 278 767 324
80 80 48 40 986 2015 257
73 50 89 78 7500 8279 247
92 60 23 30 17027 17463 182
50 87 49 97 6490 6973 383
66 85 90 68 964 1684 382
32 78 65 53 1163 1653 247
84 26 57 28 115 434 350
51 88 44 32 10962 11579 236
37 99 53 71 2786 3660 306
45 81 66 94 3515 4000 219
61 69 35 51 2266 2507 219
79 21 72 44 1982 2389 177
65 17 33 65 7465 8107 163
11 34 25 30 12875 13501 313
71 98 94 11 5493 5768 394
85 75 17 60 184 615 382
53 52 38 89 1749 1982 272
54 79 29 82 3157 4222 294
44 41 40 42 7619 8864 248
76 55 90 56 9922 10435 317
72 37 37 53 1119 1379 155
35 35 54 82 4239 5060 160
58 33 12 28 6886 7280 177
55 70 75 78 1386 1758 302
97 63 18 29 5271 5669 232
20 29 11 92 5886 6425 256
37 63 82 33 818 1060 375
53 67 61 48 2376 3479 226
37 58 78 44 236 601 203
72 25 60 17 8194 9322 157
93 24 53 41 7938 8870 313
20 21 53 56 9972 10312 336
14 56 25 14 6673 7195 237
33 41 83 76 15348 15830 395
90 29 46 61 1939 2242 325
37 62 88 10 11900 12286 314
60 92 12 77 2200 2976 383
21 21 63 95 13605 13810 292
53 17 51 36 2639 3113 354
43 18 56 11 8013 8579 185
54 66 32 28 13225 13509 164
23 21 83 55 728 975 295
11 30 96 88 1288 1791 203
94 60 86 20 8056 8465 366
15 85 27 47 1368 2305 335
91 79 45 28 1011 1565 282
45 98 25 66 9608 9922 398
60 44 65 79 8264 8527 301
58 34 14 21 615 1193 275
42 13 44 93 2038 2451 301
45 74 26 59 1093 1581 283
15 12 26 33 1515 1967 271
51 73 87 64 5577 5855 399
62 10 14 67 4824 5119 312
88 80 20 80 965 1555 238
54 92 57 87 15030 15666 208
88 88 89 73 9121 10218 240
40 58 89 93 2661 2973 331
16 23 84 16 9786 10005 330
12 32 21 26 3929 4457 376
76 29 68 83 14695 15274 278
49 20 17 32 12619 12749 385
61 15 29 99 2761 4103 219
45 87 70 36 19087 20217 229
88 56 22 92 1145 1468 289
91 46 10 22 3514 4253 190
52 18 32 30 3115 3408 336
53 39 33 88 1179 1581 187
70 11 46 77 1650 2099 363
25 54 55 26 15223 16459 323
17 66 78 79 7317 7574 231
70 92 27 38 29 659 258
10 73 73 73 15428 15973 305
40 45 54 35 4131 4972 163
73 89 33 94 2097 2571 151
76 38 33 48 1167 1507 353
89 29 36 80 3118 3416 350
60 16 49 94 4642 5223 315
45 88 94 37 3030 3441 218
85 72 82 31 34 456 196
85 87 61 86 9108 9466 253
82 57 10 99 4006 4571 375
51 92 29 71 2877 3216 269
73 73 62 89 34 682 264
31 84 45 58 69 406 215
63 77 86 64 20854 21999 308
83 27 50 92 510 1306 218
90 34 48 96 1473 1791 162
79 70 39 52 13319 13657 206
26 83 62 21 2145 2354 272
48 48 90 41 3499 4820 245
99 10 84 22 8245 8874 298
96 22 47 95 2189 3217 225
41 40 20 46 14552 15207 273
92 39 98 36 1518 1964 372
51 90 85 88 6107 6797 317
27 11 88 30 1163 1765 180
64 11 91 16 6938 7969 331
54 60 18 17 9744 9917 397
93 44 47 10 16004 17174 259
96 56 26 38 4321 4837 221
69 74 50 79 10045 10967 364
42 28 56 23 14145 14372 392
80 72 69 61 13481 13945 194
58 90 14 19 8253 9275 294
38 23 22 90 7366 8051 174
21 45 67 16 10529 10953 174
45 41 10 49 350 764 281
73 14 28 42 212 411 263
34 99 81 22 342 1154 332
95 48 63 82 706 1503 351
33 58 98 24 8280 8742 177
11 75 63 95 13095 13488 213
51 83 66 25 11894 12165 397
23 87 42 54 1127 1347 214
25 42 59 44 13536 14354 260
26 99 42 30 21794 22030 166
25 32 85 31 6533 6875 288
25 34 94 20 10002 10227 303
58 39 19 58 63 384 227
25 54 63 96 2990 3401 165
19 33 23 19 2464 2779 275
79 71 34 70 9555 9942 239
13 98 66 17 21543 21766 285
40 88 34 35 1135 1468 155
55 17 17 80 16574 16972 339
27 76 10 18 8258 8622 322
100 94 95 31 408 1003 212
88 33 56 62 5559 5868 353
34 65 35 100 8123 9077 284
65 17 73 53 11649 12296 350
28 84 40 69 8556 10023 160
94 99 96 95 9426 10230 187
54 89 51 48 1326 1583 151
89 29 35 32 9672 10626 180
51 61 73 97 5772 6379 203
72 62 89 28 2956 3390 392
44 51 38 72 2938 3441 309
92 69 98 85 7087 7437 258
82 84 92 34 4398 5193 177
37 77 12 88 12851 13161 314
91 72 90 36 9643 10475 338
88 27 64 69 1074 1351 323
47 24 37 44 16892 17303 173
49 43 77 20 12759 13283 369
31 81 25 38 2396 2696 289
15 10 74 90 2779 2997 383
16 57 50 25 7815 8274 329
24 62 93 16 2009 2246 329
79 55 82 14 2391 3227 268
83 99 80 52 5847 6163 388
57 11 48 57 3120 4049 162
29 42 80 68 466 694 253
60 11 32 87 10511 10726 268
84 33 24 31 6352 6726 313
54 65 44 68 1576 2602 360
47 88 47 96 1906 2981 167
42 99 65 11 1497 1804 277
19 65 50 85 678 1978 335
69 39 60 90 17173 18455 356
57 83 22 93 6348 7210 366
67 77 22 78 21507 21824 251
45 59 62 61 10713 11249 301
15 84 99 42 12188 12555 209
28 87 33 51 11507 11765 308
65 43 92 69 8426 8741 260
11 27 62 22 15250 15421 242
74 23 39 64 676 1219 381
49 51 26 42 14602 15051 225
36 82 33 93 8043 8865 152
63 87 84 15 13510 13783 271
92 13 80 15 11167 11379 224
70 60 59 53 6223 6678 160
48 48 53 99 839 1682 313
92 21 13 37 5354 5788 248
84 51 45 87 6261 7308 300
22 17 86 80 16689 16904 310
28 87 63 85 95 508 337
98 65 28 26 22125 22763 261
93 82 34 61 2431 2911 317
58 71 78 12 1638 2470 159
43 77 31 20 1059 2286 230
44 99 16 66 3662 4080 208
82 95 100 11 3815 4508 305
79 30 75 12 3101 3473 201
99 75 78 47 12635 13023 160
85 99 12 96 3431 4050 367
13 22 99 30 3449 3637 320
47 38 66 31 9057 9367 249
63 23 92 56 5384 6337 333
79 63 72 80 11441 12155 208
63 65 28 50 8597 8933 271
87 71 85 64 16359 16958 241
13 72 95 90 3564 4026 254
47 96 69 29 6221 6827 299
68 21 66 73 2947 3208 217
34 60 53 68 11002 11771 242
64 77 86 89 2715 3209 262
13 85 69 57 2859 3338 373
99 63 41 73 1318 1783 187
96 22 49 11 3238 4086 201
97 60 57 55 11328 11601 235
12 31 61 13 707 1132 361
24 13 55 13 804 1062 263
55 17 10 58 1341 1819 355
43 36 64 83 19875 20137 169
82 90 23 94 1790 2140 241
31 80 39 13 3602 4182 353
27 81 24 26 14736 14928 392
88 27 72 56 13387 13793 197
28 37 43 92 3170 4066 382
23 34 52 76 9634 10277 270
38 25 74 39 6043 6243 300
66 24 73 85 6132 6542 388
50 86 95 57 7387 8314 388
20 13 39 90 1966 2359 293
84 49 35 70 4583 4828 383
48 60 65 78 2673 2956 269
88 100 83 98 9925 10682 327
30 43 21 100 1828 3076 161
98 62 17 23 19410 19675 307
27 31 41 37 1061 1589 237
17 37 20 51 2961 3754 305
70 89 22 82 12746 13112 151
58 26 80 84 1678 1928 257
12 93 72 82 261 1520 381
87 33 77 79 6301 6635 296
85 28 92 75 3703 4038 204
81 37 21 89 65 449 186
25 61 65 54 95 327 342
19 27 94 27 756 1091 155
66 91 44 26 1005 1759 194
47 89 78 16 13906 14194 287
80 38 24 42 14254 14459 370
26 46 82 46 3532 4530 294
80 89 22 78 5697 6123 177
36 33 33 58 1321 2361 357
70 95 37 62 11100 11376 237
74 92 72 57 9025 9395 272
42 56 32 33 12782 13023 197
20 20 38 57 6641 7251 321
90 81 26 55 4137 4641 243
79 74 63 52 338 1476 396
65 47 23 21 7656 7816 251
17 93 58 10 14916 15488 203
84 46 19 21 10301 10895 355
14 54 32 98 22658 22872 228
47 81 38 60 2077 2677 152
35 53 60 62 3975 5277 169
50 41 70 77 18669 18907 328
71 21 38 78 2227 3219 158
97 32 59 77 8750 9504 222
32 76 89 75 223 1791 294
52 11 66 100 79 315 305
74 16 93 83 275 584 272
77 67 10 32 11770 12364 207
86 43 63 98 3567 3987 399
73 97 11 43 10876 11724 243
37 30 27 32 8926 9346 291
14 73 39 98 15511 15824 289
98 20 15 37 271 459 181
20 60 78 66 8345 8670 160
64 25 77 49 482 700 344
72 98 50 88 878 1359 151
78 59 42 47 760 1084 387
30 72 36 30 16428 16598 163
45 17 14 61 2024 2205 174
29 64 100 11 19475 19941 305
67 43 33 82 3306 3705 205
52 95 53 58 5095 5748 264
66 66 26 83 2851 3226 346
89 13 63 96 7338 8287 185
26 69 19 28 1186 2012 349
87 37 95 76 17088 17388 394
72 29 33 14 1709 2163 307
98 38 41 50 116 359 184
61 98 65 59 3947 4310 301
87 12 33 93 3592 3905 372
